1   7   0.006
1   8   0.009
1   10   0.026
1   14   0.006
1   17   0.008
1   21   0.001
1   23   0.033
1   29   0.001
1   34   0.048
2   9   0.035
2   13   0.015
2   17   0.001
2   22   0.086
2   24   0.007
2   25   0.001
2   27   0.019
2   38   0.002
2   44   0.13
2   51   0.105
2   52   0.082
2   62   0.045
2   74   0.003
2   75   0.034
2   76   0.069
3   6   0.087
3   8   0.007
3   14   0.008
3   19   0.022
3   21   0.02
3   23   0.008
3   26   0.007
3   27   0.006
3   28   0.002
3   29   0.006
3   30   0.042
3   34   0.008
3   36   0.001
3   37   0.006
3   38   0.008
3   39   0.017
3   40   0.002
3   43   0.046
3   44   0.033
3   45   0.026
3   51   0.127
3   52   0.014
3   65   0.004
3   66   0.024
3   73   0.007
3   76   0.059
4   6   0.058
4   7   0.113
4   8   0.048
4   9   0.004
4   10   0.011
4   12   0.011
4   14   0.012
4   15   0.02
4   20   0.012
4   24   0.002
4   34   0.042
4   36   0.04
4   38   0.008
4   40   0.002
4   47   0.182
4   53   0.074
4   58   0.056
4   61   0.026
4   73   0.062
4   77   0.041
5   6   0.055
5   15   0.013
5   32   0.016
5   40   0.055
5   41   0.001
6   7   0.005
6   8   0.01
6   9   0.101
6   10   0.026
6   12   0.031
6   15   0.07
6   20   0.112
6   23   0.056
6   24   0.079
6   29   0.005
6   30   0.002
6   34   0.021
6   36   0.061
6   38   0.007
6   40   0.04
6   41   0.002
6   73   0.042
6   77   0.104
7   8   0.153
7   9   0.05
7   10   0.002
7   12   0.029
7   14   0.063
7   15   0.046
7   17   0.004
7   20   0.104
7   21   0.029
7   23   0.002
7   24   0.057
7   26   0.019
7   27   0.01
7   28   0.024
7   29   0.02
7   30   0.07
7   33   0.005
7   34   0.068
7   35   0.013
7   36   0.097
7   38   0.001
7   39   0.013
7   40   0.048
7   43   0.106
7   58   0.096
7   59   0.045
7   73   0.097
7   76   0.038
7   77   0.115
8   10   0.009
8   12   0.128
8   14   0.017
8   15   0.121
8   17   0.022
8   19   0.008
8   20   0.092
8   21   0.004
8   23   0.013
8   24   0.124
8   26   0.002
8   27   0.056
8   28   0.051
8   29   0.024
8   30   0.03
8   34   0.063
8   36   0.066
8   40   0.019
8   41   0.007
8   73   0.154
8   77   0.248
9   10   0.034
9   12   0.008
9   14   0.09
9   15   0.04
9   20   0.002
9   22   0.003
9   24   0.017
9   25   0.012
9   26   0.007
9   27   0.004
9   28   0.022
9   29   0.013
9   34   0.032
9   36   0.001
9   37   0.009
9   40   0.002
9   43   0.056
9   45   0.042
9   47   0.1
9   53   0.022
9   56   0.067
9   58   0.017
9   59   0.007
9   61   0.013
9   69   0.004
9   73   0.028
9   76   0.019
9   77   0.052
9   78   0.044
10   14   0.005
10   15   0.065
10   20   0.024
10   24   0.028
10   28   0.013
10   29   0.005
10   34   0.014
10   36   0.055
10   38   0.029
10   40   0.055
10   41   0.071
10   43   0.02
10   53   0.037
10   56   0.055
10   58   0.044
10   73   0.026
10   77   0.026
11   13   0.001
11   17   0.01
11   18   0.021
11   19   0.001
11   25   0.001
11   26   0.054
11   27   0.038
11   34   0.095
11   36   0.008
11   37   0.011
11   38   0.012
11   62   0.062
11   75   0.024
11   76   0.001
12   14   0.011
12   15   0.02
12   20   0.029
12   24   0.012
12   28   0.008
12   29   0.003
12   34   0.045
12   36   0.037
12   38   0.002
12   40   0.011
12   41   0.016
12   53   0.098
12   59   0.071
12   73   0.076
12   77   0.064
13   22   0.013
13   25   0.01
13   26   0.001
13   27   0.094
13   31   0.059
13   34   0.007
13   37   0.015
13   38   0.003
13   44   0.073
13   62   0.222
13   74   0.007
13   75   0.092
14   17   0.002
14   20   0.022
14   21   0.014
14   23   0.008
14   24   0.087
14   26   0.006
14   27   0.058
14   28   0.015
14   29   0.006
14   30   0.049
14   34   0.043
14   36   0.017
14   38   0.002
14   40   0.023
14   41   0.001
14   73   0.091
14   77   0.167
15   20   0.027
15   22   0.091
15   24   0.011
15   27   0.019
15   28   0.024
15   36   0.026
15   40   0.116
15   73   0.106
15   77   0.078
16   21   0.016
16   22   0.059
16   23   0.018
16   24   0.004
16   27   0.035
16   28   0.005
16   34   0.207
16   36   0.067
16   37   0.024
16   38   0.094
16   39   0.042
16   40   0.093
16   45   0.06
16   52   0.001
16   65   0.001
16   71   0.062
16   73   0.001
16   76   0.02
16   77   0.001
17   19   0.002
17   21   0.171
17   23   0.022
17   26   0.003
17   27   0.013
17   28   0.022
17   29   0.008
17   30   0.02
17   36   0.001
17   37   0.009
17   38   0.005
17   39   0.039
17   51   0.017
17   52   0.009
17   72   0.016
17   75   0.024
17   76   0.015
18   19   0.004
18   23   0.035
18   26   0.036
18   27   0.012
18   34   0.037
18   36   0.013
18   37   0.002
18   38   0.026
18   75   0.027
18   76   0.002
19   23   0.049
19   26   0.031
19   27   0.005
19   30   0.02
19   34   0.105
19   36   0.007
19   37   0.014
19   38   0.047
19   39   0.133
19   51   0.02
19   75   0.02
19   76   0.009
20   24   0.001
20   28   0.014
20   29   0.009
20   34   0.074
20   36   0.055
20   38   0.012
20   40   0.015
20   53   0.022
20   58   0.029
20   61   0.011
20   73   0.028
20   77   0.016
21   22   0.098
21   23   0.032
21   24   0.004
21   26   0.078
21   27   0.125
21   28   0.012
21   29   0.013
21   30   0.018
21   33   0.018
21   34   0.05
21   35   0.077
21   36   0.011
21   37   0.007
21   38   0.006
21   39   0.002
21   40   0.043
21   43   0.079
21   45   0.028
21   65   0.033
21   71   0.059
21   72   0.019
21   73   0.003
21   76   0.129
21   78   0.009
21   79   0.002
21   84   0.065
22   23   0.153
22   24   0.002
22   25   0.053
22   27   0.098
22   28   0.012
22   36   0.073
22   37   0.056
22   38   0.06
22   43   0.106
22   52   0.034
22   65   0.028
22   70   0.061
22   71   0.057
22   72   0.042
22   73   0.02
22   75   0.002
22   76   0.021
22   77   0.018
23   24   0.006
23   26   0.029
23   27   0.216
23   28   0.004
23   29   0.008
23   30   0.028
23   33   0.001
23   34   0.001
23   35   0.187
23   36   0.16
23   37   0.011
23   38   0.037
23   39   0.024
23   40   0.053
23   43   0.142
23   45   0.113
23   46   0.114
23   52   0.065
23   65   0.024
23   70   0.005
23   71   0.189
23   72   0.027
23   73   0.013
23   76   0.204
23   77   0.04
23   84   0.14
24   25   0.032
24   26   0.001
24   27   0.001
24   28   0.005
24   29   0.064
24   30   0.083
24   33   0.04
24   34   0.08
24   36   0.039
24   37   0.003
24   39   0.044
24   40   0.005
24   43   0.112
24   45   0.06
24   47   0.273
24   53   0.129
24   55   0.12
24   56   0.101
24   58   0.051
24   59   0.111
24   61   0.051
24   63   0.156
24   65   0.001
24   71   0.017
24   72   0.006
24   73   0.049
24   76   0.001
24   77   0.08
24   78   0.102
24   79   0.019
24   83   0.197
25   26   0.001
25   27   0.013
25   31   0.021
25   37   0.003
25   45   0.001
25   51   0.008
25   62   0.051
25   74   0.013
25   75   0.018
26   27   0.015
26   28   0.009
26   29   0.016
26   30   0.087
26   31   0.003
26   34   0.04
26   36   0.055
26   37   0.014
26   38   0.016
26   39   0.143
26   43   0.113
26   44   0.069
26   45   0.026
26   46   0.074
26   51   0.069
26   52   0.013
26   60   0.059
26   62   0.065
26   66   0.051
26   67   0.012
26   68   0.038
26   72   0.074
26   73   0.003
26   74   0.026
26   75   0.051
26   76   0.038
26   80   0.074
26   83   0.099
26   84   0.108
27   28   0.033
27   29   0.043
27   30   0.24
27   31   0.017
27   34   0.039
27   35   0.213
27   36   0.2
27   37   0.057
27   38   0.023
27   39   0.161
27   40   0.058
27   43   0.076
27   44   0.047
27   45   0.017
27   46   0.099
27   51   0.034
27   52   0.035
27   56   0.084
27   58   0.005
27   60   0.028
27   62   0.001
27   65   0.001
27   66   0.057
27   67   0.013
27   68   0.009
27   70   0.014
27   71   0.035
27   72   0.034
27   73   0.01
27   74   0.003
27   75   0.024
27   76   0.009
27   77   0.005
27   79   0.104
27   83   0.116
27   84   0.15
28   29   0.004
28   33   0.005
28   34   0.027
28   35   0.025
28   36   0.031
28   37   0.039
28   38   0.001
28   39   0.014
28   40   0.031
28   41   0.082
28   43   0.073
28   45   0.039
28   47   0.146
28   52   0.012
28   53   0.072
28   55   0.095
28   56   0.116
28   57   0.182
28   58   0.065
28   59   0.031
28   61   0.018
28   63   0.144
28   65   0.002
28   69   0.018
28   71   0.023
28   72   0.017
28   73   0.057
28   76   0.026
28   77   0.051
28   78   0.05
28   79   0.002
28   83   0.161
28   84   0.132
29   30   0.013
29   32   0.022
29   33   0.015
29   36   0.008
29   40   0.006
29   43   0.024
29   73   0.062
29   77   0.079
30   34   0.009
30   36   0.002
30   38   0.002
30   39   0.026
30   40   0.009
30   76   0.273
31   37   0.001
31   38   0.006
31   62   0.014
31   75   0.045
31   76   0.007
31   80   0.033
32   34   0.095
32   36   0.036
32   41   0.009
33   34   0.003
33   38   0.002
34   36   0.213
34   37   0.06
34   38   0.052
34   39   0.103
34   40   0.173
34   41   0.029
34   73   0.135
34   75   0.051
34   76   0.041
34   77   0.122
35   36   0.038
35   37   0.296
35   38   0.01
35   39   0.238
35   41   0.007
35   43   0.054
35   44   0.075
35   46   0.156
35   72   0.219
35   77   0.029
35   84   0.136
36   37   0.095
36   38   0.064
36   39   0.189
36   40   0.372
36   41   0.106
36   43   0.077
36   45   0.028
36   46   0.105
36   47   0.127
36   51   0.005
36   52   0.04
36   56   0.052
36   58   0.019
36   65   0.07
36   70   0.043
36   71   0.097
36   72   0.062
36   75   0.038
36   76   0.027
36   77   0.055
36   83   0.121
36   84   0.1
37   38   0.032
37   39   0.192
37   40   0.061
37   43   0.068
37   44   0.022
37   45   0.022
37   51   0.048
37   52   0.067
37   62   0.012
37   74   0.001
37   75   0.038
37   76   0.014
37   80   0.03
37   84   0.328
38   39   0.031
38   40   0.019
38   41   0.011
38   43   0.039
38   44   0.08
38   45   0.071
38   46   0.093
38   51   0.011
38   52   0.054
38   56   0.031
38   62   0.005
38   71   0.11
38   72   0.029
38   73   0.002
38   75   0.01
38   76   0.021
38   77   0.024
38   83   0.017
38   84   0.038
39   40   0.001
39   43   0.151
39   72   0.059
39   75   0.056
39   76   0.116
39   84   0.145
40   41   0.018
40   43   0.163
40   47   0.372
40   58   0.065
40   59   0.072
40   61   0.082
40   73   0.053
40   77   0.168
43   45   0.049
43   46   0.263
43   47   0.215
43   48   0.194
43   51   0.023
43   52   0.02
43   53   0.085
43   55   0.123
43   56   0.042
43   57   0.054
43   58   0.003
43   59   0.049
43   61   0.04
43   63   0.044
43   64   0.022
43   65   0.136
43   66   0.013
43   67   0.049
43   68   0.008
43   69   0.101
43   70   0.001
43   71   0.033
43   72   0.063
43   73   0.016
43   75   0.051
43   76   0.126
43   77   0.011
43   78   0.058
43   79   0.007
43   83   0.057
43   84   0.018
44   45   0.006
44   46   0.163
44   47   0.186
44   49   0.002
44   51   0.009
44   56   0.016
44   60   0.026
44   62   0.014
44   65   0.02
44   68   0.001
44   71   0.013
44   73   0.003
44   76   0.025
44   77   0.006
44   83   0.103
44   84   0.116
45   46   0.069
45   47   0.006
45   48   0.016
45   49   0.002
45   50   0.026
45   52   0.002
45   53   0.02
45   55   0.002
45   57   0.016
45   58   0.002
45   59   0.012
45   60   0.019
45   61   0.001
45   62   0.015
45   65   0.117
45   66   0.001
45   67   0.009
45   68   0.005
45   69   0.012
45   70   0.01
45   71   0.038
45   72   0.061
45   73   0.005
45   74   0.003
45   75   0.004
45   77   0.016
45   78   0.001
45   79   0.004
45   80   0.007
45   83   0.001
45   84   0.032
46   47   0.021
46   52   0.027
46   63   0.006
46   65   0.051
46   66   0.012
46   67   0.076
46   68   0.023
46   70   0.002
46   72   0.024
46   75   0.108
46   76   0.081
46   77   0.014
46   79   0.011
46   83   0.008
46   84   0.219
47   48   0.008
47   52   0.064
47   53   0.034
47   54   0.025
47   55   0.15
47   56   0.077
47   57   0.017
47   58   0.01
47   59   0.075
47   61   0.007
47   64   0.012
47   69   0.041
47   71   0.005
47   72   0.117
47   73   0.011
47   76   0.144
47   77   0.096
47   79   0.067
47   81   0.079
47   83   0.013
47   84   0.067
48   54   0.002
48   59   0.186
48   61   0.076
48   63   0.004
48   73   0.087
48   77   0.168
48   81   0.022
48   83   0.046
49   60   0.016
50   56   0.005
50   57   0.013
50   59   0.005
50   63   0.009
50   77   0.015
50   78   0.003
50   79   0.009
50   83   0.056
51   58   0.056
51   71   0.057
51   73   0.012
51   74   0.006
51   75   0.007
51   76   0.002
52   56   0.003
52   59   0.031
52   66   0.016
52   68   0.003
52   70   0.052
52   72   0.032
52   73   0.002
52   75   0.006
52   76   0.006
52   77   0.002
52   79   0.007
52   83   0.084
52   84   0.035
53   55   0.06
53   56   0.096
53   57   0.104
53   58   0.002
53   59   0.015
53   63   0.063
53   69   0.008
53   73   0.001
53   77   0.008
53   78   0.043
53   83   0.038
54   55   0.018
54   64   0.034
55   56   0.005
55   57   0.001
55   58   0.043
55   59   0.028
55   61   0.062
55   63   0.01
55   64   0.04
55   69   0.17
55   73   0.07
55   77   0.008
55   78   0.004
55   83   0.009
56   57   0.054
56   58   0.1
56   59   0.016
56   63   0.02
56   66   0.008
56   68   0.032
56   69   0.029
56   70   0.004
56   72   0.004
56   73   0.028
56   75   0.008
56   76   0.074
56   77   0.011
56   78   0.007
56   79   0.036
56   82   0.008
56   83   0.052
57   59   0.001
57   61   0.194
57   63   0.001
57   64   0.009
57   69   0.147
57   70   0.008
57   72   0.001
57   73   0.099
57   75   0.027
57   76   0.051
57   77   0.048
57   78   0.002
57   79   0.019
57   83   0.009
58   59   0.006
58   61   0.002
58   63   0.02
58   64   0.016
58   69   0.001
58   71   0.007
58   73   0.003
58   74   0.072
58   76   0.001
58   77   0.013
58   78   0.009
58   83   0.049
59   61   0.014
59   63   0.019
59   64   0.016
59   69   0.016
59   73   0.008
59   77   0.001
59   78   0.001
59   83   0.01
60   62   0.006
60   67   0.001
60   68   0.01
60   75   0.017
60   76   0.007
60   83   0.026
61   63   0.012
61   64   0.022
61   69   0.005
61   73   0.014
61   77   0.013
61   78   0.001
61   83   0.044
62   74   0.001
62   75   0.001
62   76   0.073
62   83   0.033
63   66   0.013
63   68   0.023
63   69   0.067
63   70   0.005
63   72   0.006
63   73   0.045
63   75   0.019
63   76   0.033
63   77   0.02
63   78   0.033
63   79   0.006
63   83   0.012
64   69   0.05
64   71   0.083
64   73   0.003
64   76   0.007
64   77   0.045
65   70   0.001
65   71   0.044
65   72   0.002
65   73   0.001
65   76   0.033
65   77   0.008
65   79   0.053
65   83   0.145
65   84   0.175
66   67   0.043
66   68   0.006
66   70   0.078
66   72   0.052
66   73   0.005
66   76   0.008
66   78   0.001
66   79   0.005
66   83   0.001
67   68   0.011
67   72   0.019
67   75   0.018
67   76   0.036
67   83   0.047
68   70   0.002
68   72   0.016
68   76   0.018
68   79   0.021
68   83   0.128
69   73   0.002
69   77   0.006
69   78   0.035
69   83   0.084
70   71   0.018
70   72   0.003
70   73   0.001
70   75   0.044
70   76   0.023
70   77   0.011
70   78   0.023
70   79   0.001
70   82   0.004
70   83   0.014
70   84   0.044
71   72   0.04
71   73   0.005
71   74   0.057
71   76   0.037
72   73   0.003
72   75   0.005
72   76   0.035
72   77   0.005
72   78   0.014
72   79   0.031
72   83   0.04
72   84   0.121
73   74   0.046
73   76   0.017
73   77   0.032
73   78   0.04
73   79   0.011
73   83   0.044
73   84   0.046
74   76   0.001
75   76   0.002
75   77   0.001
75   78   0.002
75   83   0.082
75   84   0.084
76   78   0.007
76   79   0.132
76   80   0.017
76   83   0.058
76   84   0.091
77   78   0.031
77   82   0.014
77   83   0.044
77   84   0.015
78   79   0.004
78   81   0.001
78   82   0.003
78   83   0.002
79   82   0.009
79   83   0.066
81   83   0.063
82   83   0.014
