2   3   1
2   6   1
2   7   1
2   8   1
2   10   1
2   14   1
2   17   1
2   21   1
2   22   1
2   23   1
2   24   1
2   26   1
2   27   1
2   28   1
2   30   1
2   34   1
2   36   1
2   37   1
2   38   1
2   39   1
2   40   1
2   43   1
2   44   1
2   47   1
2   53   1
2   57   1
2   61   1
2   65   1
2   71   1
2   76   1
2   85   1
3   7   1
3   8   1
3   12   1
3   14   1
3   15   1
3   16   1
3   18   1
3   20   1
3   21   1
3   23   1
3   24   1
3   25   1
3   26   1
3   31   1
3   33   1
3   35   1
3   36   1
3   37   1
3   40   1
3   42   1
3   43   1
3   44   1
3   45   1
3   46   1
3   48   1
3   50   1
3   51   1
3   52   1
3   55   1
3   59   1
3   61   1
3   62   1
3   65   1
3   66   1
3   67   1
3   69   1
3   70   1
3   71   1
3   72   1
3   73   1
3   74   1
3   75   1
3   76   1
3   82   1
4   5   1
4   6   1
4   12   1
4   17   1
4   20   1
4   21   1
4   22   1
4   24   1
4   26   1
4   27   1
4   28   1
4   32   1
4   33   1
4   34   1
4   35   1
4   36   1
4   38   1
4   41   1
4   42   1
4   43   1
4   45   1
4   48   1
4   49   1
4   50   1
4   52   1
4   55   1
4   56   1
4   57   1
4   63   1
4   64   1
4   68   1
4   70   1
4   71   1
4   73   1
4   74   1
4   75   1
4   81   1
4   82   1
4   83   1
4   84   1
4   85   1
5   6   1
5   7   1
5   9   1
5   11   1
5   12   1
5   14   1
5   17   1
5   21   1
5   25   1
5   26   1
5   27   1
5   31   1
5   33   1
5   35   1
5   36   1
5   37   1
5   38   1
5   39   1
5   40   1
5   42   1
5   44   1
5   45   1
5   50   1
5   52   1
5   53   1
5   54   1
5   55   1
5   57   1
5   58   1
5   61   1
5   63   1
5   70   1
5   74   1
5   75   1
5   82   1
5   85   1
6   8   1
6   11   1
6   17   1
6   20   1
6   21   1
6   28   1
6   32   1
6   36   1
6   37   1
6   39   1
6   42   1
6   43   1
6   44   1
6   48   1
6   50   1
6   53   1
6   55   1
6   60   1
6   68   1
6   69   1
6   73   1
6   80   1
6   81   1
6   82   1
6   83   1
6   84   1
7   9   1
7   10   1
7   11   1
7   15   1
7   16   1
7   17   1
7   18   1
7   19   1
7   20   1
7   23   1
7   24   1
7   25   1
7   27   1
7   29   1
7   31   1
7   32   1
7   33   1
7   34   1
7   35   1
7   36   1
7   38   1
7   40   1
7   42   1
7   44   1
7   48   1
7   50   1
7   51   1
7   52   1
7   53   1
7   54   1
7   55   1
7   56   1
7   58   1
7   59   1
7   63   1
7   64   1
7   68   1
7   72   1
7   73   1
7   80   1
7   81   1
7   84   1
8   9   1
8   10   1
8   11   1
8   13   1
8   14   1
8   15   1
8   16   1
8   17   1
8   18   1
8   20   1
8   21   1
8   22   1
8   23   1
8   24   1
8   27   1
8   28   1
8   29   1
8   30   1
8   31   1
8   32   1
8   33   1
8   34   1
8   35   1
8   37   1
8   38   1
8   39   1
8   40   1
8   41   1
8   42   1
8   44   1
8   46   1
8   49   1
8   50   1
8   51   1
8   52   1
8   53   1
8   57   1
8   58   1
8   59   1
8   63   1
8   65   1
8   66   1
8   67   1
8   70   1
8   71   1
8   72   1
8   75   1
8   78   1
8   79   1
8   80   1
8   82   1
8   84   1
8   85   1
9   10   1
9   12   1
9   13   1
9   14   1
9   15   1
9   16   1
9   17   1
9   19   1
9   20   1
9   21   1
9   22   1
9   23   1
9   27   1
9   28   1
9   29   1
9   30   1
9   31   1
9   32   1
9   33   1
9   34   1
9   36   1
9   37   1
9   39   1
9   40   1
9   41   1
9   43   1
9   44   1
9   45   1
9   46   1
9   47   1
9   48   1
9   49   1
9   50   1
9   51   1
9   52   1
9   54   1
9   56   1
9   57   1
9   58   1
9   60   1
9   62   1
9   64   1
9   66   1
9   67   1
9   68   1
9   70   1
9   72   1
9   76   1
9   77   1
9   78   1
9   80   1
9   82   1
9   83   1
9   85   1
10   12   1
10   13   1
10   14   1
10   16   1
10   17   1
10   18   1
10   19   1
10   20   1
10   21   1
10   22   1
10   26   1
10   28   1
10   29   1
10   30   1
10   32   1
10   35   1
10   36   1
10   37   1
10   39   1
10   40   1
10   43   1
10   45   1
10   48   1
10   49   1
10   50   1
10   51   1
10   52   1
10   53   1
10   56   1
10   61   1
10   63   1
10   65   1
10   68   1
10   69   1
10   70   1
10   72   1
10   75   1
10   76   1
10   78   1
10   80   1
10   81   1
10   82   1
10   83   1
11   14   1
11   15   1
11   16   1
11   18   1
11   19   1
11   20   1
11   21   1
11   24   1
11   25   1
11   26   1
11   27   1
11   28   1
11   29   1
11   30   1
11   31   1
11   32   1
11   34   1
11   38   1
11   42   1
11   44   1
11   47   1
11   48   1
11   49   1
11   51   1
11   54   1
11   59   1
11   61   1
11   64   1
11   65   1
11   68   1
11   69   1
11   74   1
11   81   1
12   16   1
12   17   1
12   18   1
12   20   1
12   24   1
12   25   1
12   26   1
12   28   1
12   33   1
12   37   1
12   46   1
12   47   1
12   49   1
12   50   1
12   52   1
12   58   1
12   65   1
12   66   1
12   69   1
12   74   1
12   76   1
12   77   1
12   81   1
12   82   1
13   17   1
13   18   1
13   21   1
13   23   1
13   25   1
13   27   1
13   29   1
13   30   1
13   32   1
13   34   1
13   36   1
13   37   1
13   40   1
13   42   1
13   45   1
13   46   1
13   47   1
13   48   1
13   49   1
13   50   1
13   53   1
13   58   1
13   61   1
13   62   1
13   65   1
13   66   1
13   78   1
13   82   1
13   85   1
14   18   1
14   19   1
14   24   1
14   25   1
14   32   1
14   34   1
14   37   1
14   48   1
14   50   1
14   60   1
14   61   1
14   62   1
14   63   1
14   72   1
14   73   1
14   75   1
14   77   1
14   78   1
14   79   1
14   80   1
14   81   1
14   82   1
14   84   1
14   85   1
15   16   1
15   17   1
15   20   1
15   21   1
15   23   1
15   25   1
15   26   1
15   27   1
15   28   1
15   30   1
15   31   1
15   32   1
15   40   1
15   43   1
15   44   1
15   45   1
15   46   1
15   47   1
15   51   1
15   52   1
15   57   1
15   58   1
15   59   1
15   60   1
15   64   1
15   65   1
15   67   1
15   70   1
15   71   1
15   72   1
15   75   1
15   76   1
15   77   1
15   78   1
15   79   1
15   80   1
15   81   1
15   83   1
15   84   1
15   85   1
16   19   1
16   20   1
16   21   1
16   22   1
16   23   1
16   24   1
16   25   1
16   26   1
16   27   1
16   29   1
16   30   1
16   31   1
16   32   1
16   33   1
16   40   1
16   41   1
16   42   1
16   43   1
16   45   1
16   49   1
16   50   1
16   51   1
16   55   1
16   58   1
16   59   1
16   63   1
16   64   1
16   65   1
16   67   1
16   70   1
16   75   1
16   76   1
16   77   1
16   78   1
16   81   1
16   82   1
16   83   1
16   84   1
17   19   1
17   20   1
17   21   1
17   22   1
17   23   1
17   25   1
17   29   1
17   30   1
17   32   1
17   37   1
17   50   1
17   51   1
17   55   1
17   56   1
17   57   1
17   58   1
17   61   1
17   62   1
17   63   1
17   64   1
17   68   1
17   69   1
17   70   1
17   73   1
17   75   1
17   76   1
17   78   1
17   79   1
17   80   1
17   81   1
17   82   1
18   19   1
18   20   1
18   21   1
18   22   1
18   24   1
18   27   1
18   28   1
18   29   1
18   30   1
18   31   1
18   32   1
18   35   1
18   36   1
18   40   1
18   47   1
18   50   1
18   53   1
18   54   1
18   55   1
18   56   1
18   58   1
18   59   1
18   60   1
18   62   1
18   63   1
18   67   1
18   68   1
18   73   1
18   76   1
18   77   1
18   80   1
18   84   1
19   20   1
19   21   1
19   43   1
19   47   1
19   58   1
19   59   1
19   62   1
19   71   1
19   75   1
19   76   1
19   77   1
19   78   1
19   83   1
19   84   1
19   85   1
20   21   1
20   25   1
20   28   1
20   33   1
20   34   1
20   39   1
20   41   1
20   48   1
20   50   1
20   57   1
20   58   1
20   70   1
20   74   1
20   75   1
20   76   1
20   80   1
20   82   1
20   84   1
20   85   1
21   22   1
21   28   1
21   33   1
21   34   1
21   36   1
21   37   1
21   39   1
21   41   1
21   42   1
21   44   1
21   54   1
21   57   1
21   58   1
21   59   1
21   64   1
21   66   1
21   67   1
21   68   1
21   70   1
21   71   1
21   72   1
21   73   1
21   77   1
21   78   1
21   79   1
21   80   1
21   81   1
21   82   1
21   83   1
21   84   1
22   23   1
22   24   1
22   26   1
22   27   1
22   36   1
22   38   1
22   44   1
22   45   1
22   46   1
22   50   1
22   51   1
22   52   1
22   53   1
22   56   1
22   57   1
22   58   1
22   59   1
22   64   1
22   65   1
22   66   1
22   67   1
22   69   1
22   70   1
22   71   1
22   72   1
22   74   1
22   77   1
22   78   1
22   79   1
22   80   1
22   82   1
22   83   1
22   85   1
23   24   1
23   25   1
23   27   1
23   29   1
23   30   1
23   31   1
23   33   1
23   35   1
23   36   1
23   37   1
23   38   1
23   39   1
23   40   1
23   42   1
23   44   1
23   45   1
23   46   1
23   48   1
23   49   1
23   50   1
23   51   1
23   52   1
23   54   1
23   55   1
23   56   1
23   63   1
23   64   1
23   66   1
23   67   1
23   68   1
23   70   1
23   71   1
23   73   1
23   74   1
23   75   1
23   76   1
23   77   1
23   78   1
23   79   1
23   80   1
23   83   1
23   84   1
23   85   1
24   25   1
24   26   1
24   27   1
24   30   1
24   31   1
24   32   1
24   35   1
24   38   1
24   41   1
24   43   1
24   44   1
24   45   1
24   46   1
24   48   1
24   49   1
24   50   1
24   51   1
24   52   1
24   54   1
24   55   1
24   57   1
24   62   1
24   63   1
24   64   1
24   65   1
24   66   1
24   67   1
24   68   1
24   71   1
24   72   1
24   73   1
24   74   1
24   75   1
24   76   1
24   77   1
24   78   1
24   79   1
24   81   1
24   82   1
24   83   1
24   84   1
24   85   1
25   28   1
25   29   1
25   30   1
25   31   1
25   32   1
25   33   1
25   34   1
25   35   1
25   36   1
25   37   1
25   38   1
25   40   1
25   41   1
25   42   1
25   47   1
25   48   1
25   49   1
25   50   1
25   51   1
25   53   1
25   54   1
25   55   1
25   56   1
25   58   1
25   60   1
25   61   1
25   62   1
25   65   1
25   67   1
25   73   1
25   78   1
25   79   1
25   80   1
25   83   1
25   85   1
26   27   1
26   28   1
26   29   1
26   32   1
26   38   1
26   42   1
26   46   1
26   49   1
26   50   1
26   61   1
26   62   1
26   63   1
26   64   1
26   68   1
26   69   1
26   70   1
26   71   1
26   72   1
26   73   1
26   74   1
26   76   1
26   77   1
26   78   1
26   79   1
26   81   1
26   82   1
26   84   1
26   85   1
27   31   1
27   33   1
27   35   1
27   37   1
27   38   1
27   39   1
27   41   1
27   42   1
27   43   1
27   46   1
27   47   1
27   48   1
27   49   1
27   50   1
27   51   1
27   52   1
27   54   1
27   57   1
27   58   1
27   59   1
27   60   1
27   61   1
27   62   1
27   65   1
27   66   1
27   67   1
27   68   1
27   69   1
27   70   1
27   71   1
27   72   1
27   73   1
27   75   1
27   76   1
27   77   1
27   78   1
27   79   1
27   80   1
27   82   1
27   83   1
27   84   1
27   85   1
28   30   1
28   32   1
28   36   1
28   37   1
28   39   1
28   40   1
28   41   1
28   42   1
28   44   1
28   45   1
28   46   1
28   47   1
28   48   1
28   49   1
28   50   1
28   51   1
28   52   1
28   53   1
28   57   1
28   58   1
28   59   1
28   60   1
28   63   1
28   64   1
28   65   1
28   66   1
28   67   1
28   68   1
28   69   1
28   70   1
28   71   1
28   73   1
28   74   1
28   75   1
28   76   1
28   77   1
28   78   1
28   82   1
28   83   1
28   85   1
29   30   1
29   31   1
29   32   1
29   33   1
29   34   1
29   35   1
29   36   1
29   37   1
29   38   1
29   42   1
29   43   1
29   44   1
29   45   1
29   46   1
29   47   1
29   49   1
29   50   1
29   51   1
29   52   1
29   53   1
29   56   1
29   57   1
29   58   1
29   60   1
29   61   1
29   62   1
29   63   1
29   64   1
29   66   1
29   67   1
29   68   1
29   69   1
29   71   1
29   72   1
29   73   1
29   75   1
29   76   1
29   79   1
29   82   1
29   83   1
29   84   1
29   85   1
30   31   1
30   35   1
30   36   1
30   42   1
30   43   1
30   44   1
30   45   1
30   49   1
30   50   1
30   54   1
30   55   1
30   56   1
30   59   1
30   60   1
30   62   1
30   63   1
30   64   1
30   65   1
30   66   1
30   67   1
30   70   1
30   71   1
30   72   1
30   73   1
30   74   1
30   77   1
30   79   1
30   80   1
30   81   1
30   83   1
30   84   1
31   34   1
31   36   1
31   40   1
31   41   1
31   42   1
31   43   1
31   44   1
31   46   1
31   47   1
31   48   1
31   52   1
31   54   1
31   55   1
31   59   1
31   68   1
31   80   1
32   35   1
32   37   1
32   54   1
32   56   1
32   58   1
32   60   1
32   62   1
32   63   1
32   65   1
32   78   1
33   41   1
33   45   1
33   46   1
33   54   1
33   55   1
33   58   1
33   59   1
33   60   1
33   67   1
34   38   1
34   40   1
34   41   1
34   44   1
34   45   1
34   51   1
34   53   1
34   54   1
34   55   1
34   56   1
34   58   1
34   60   1
34   61   1
34   63   1
34   64   1
34   65   1
34   66   1
34   70   1
34   71   1
34   72   1
34   73   1
34   74   1
34   75   1
34   76   1
34   77   1
34   78   1
34   82   1
34   84   1
35   37   1
35   38   1
35   40   1
35   42   1
35   43   1
35   44   1
35   46   1
35   50   1
35   52   1
35   53   1
35   54   1
35   55   1
35   56   1
35   57   1
35   59   1
35   60   1
35   61   1
35   62   1
35   63   1
35   64   1
35   68   1
35   70   1
35   72   1
35   75   1
35   79   1
35   81   1
36   37   1
36   38   1
36   39   1
36   40   1
36   42   1
36   43   1
36   44   1
36   45   1
36   47   1
36   50   1
36   51   1
36   52   1
36   53   1
36   54   1
36   55   1
36   57   1
36   58   1
36   59   1
36   60   1
36   61   1
36   62   1
36   65   1
36   66   1
36   67   1
36   69   1
36   70   1
36   71   1
36   72   1
36   73   1
36   74   1
36   75   1
36   77   1
36   78   1
36   79   1
36   80   1
36   84   1
36   85   1
37   38   1
37   40   1
37   41   1
37   42   1
37   43   1
37   44   1
37   45   1
37   48   1
37   49   1
37   50   1
37   51   1
37   52   1
37   53   1
37   56   1
37   57   1
37   58   1
37   59   1
37   63   1
37   64   1
37   65   1
37   68   1
37   69   1
37   76   1
37   77   1
37   79   1
37   80   1
37   82   1
37   83   1
37   84   1
37   85   1
38   39   1
38   40   1
38   41   1
38   44   1
38   48   1
38   50   1
38   51   1
38   53   1
38   54   1
38   55   1
38   57   1
38   61   1
38   62   1
38   66   1
38   67   1
38   68   1
38   70   1
38   72   1
38   73   1
38   75   1
38   76   1
38   80   1
38   81   1
38   82   1
38   83   1
38   85   1
39   40   1
39   45   1
39   46   1
39   47   1
39   49   1
39   55   1
39   59   1
39   64   1
39   66   1
39   68   1
39   73   1
39   74   1
39   79   1
39   80   1
39   81   1
39   83   1
39   84   1
39   85   1
40   41   1
40   42   1
40   46   1
40   47   1
40   49   1
40   50   1
40   51   1
40   52   1
40   53   1
40   54   1
40   57   1
40   58   1
40   59   1
40   61   1
40   62   1
40   63   1
40   64   1
40   65   1
40   67   1
40   70   1
40   71   1
40   76   1
40   77   1
40   79   1
40   80   1
40   82   1
40   83   1
40   84   1
40   85   1
41   44   1
41   45   1
41   47   1
41   68   1
41   76   1
41   80   1
42   44   1
42   45   1
42   46   1
42   62   1
42   63   1
42   68   1
43   44   1
43   45   1
43   46   1
43   47   1
43   48   1
43   49   1
43   50   1
43   51   1
43   52   1
43   53   1
43   54   1
43   55   1
43   56   1
43   57   1
43   58   1
43   59   1
43   61   1
43   63   1
43   65   1
43   66   1
43   67   1
43   68   1
43   69   1
43   70   1
43   71   1
43   72   1
43   73   1
43   75   1
43   76   1
43   77   1
43   78   1
43   79   1
43   81   1
43   82   1
43   83   1
43   84   1
43   85   1
44   45   1
44   49   1
44   50   1
44   52   1
44   54   1
44   55   1
44   63   1
44   64   1
44   65   1
44   66   1
44   68   1
44   69   1
44   70   1
44   71   1
44   73   1
44   74   1
44   75   1
44   76   1
44   77   1
44   81   1
44   82   1
44   84   1
44   85   1
45   46   1
45   48   1
45   49   1
45   51   1
45   52   1
45   53   1
45   54   1
45   55   1
45   56   1
45   57   1
45   59   1
45   60   1
45   61   1
45   62   1
45   64   1
45   65   1
45   66   1
45   67   1
45   68   1
45   69   1
45   71   1
45   72   1
45   73   1
45   74   1
45   75   1
45   77   1
45   78   1
45   79   1
45   80   1
45   81   1
45   82   1
45   84   1
45   85   1
46   50   1
46   51   1
46   52   1
46   54   1
46   57   1
46   59   1
46   61   1
46   62   1
46   64   1
46   65   1
46   66   1
46   67   1
46   68   1
46   69   1
46   70   1
46   71   1
46   73   1
46   77   1
46   78   1
46   79   1
46   81   1
46   82   1
46   83   1
46   84   1
46   85   1
47   48   1
47   49   1
47   50   1
47   51   1
47   53   1
47   55   1
47   56   1
47   57   1
47   59   1
47   60   1
47   61   1
47   62   1
47   63   1
47   64   1
47   65   1
47   66   1
47   67   1
47   68   1
47   69   1
47   70   1
47   71   1
47   73   1
47   75   1
47   76   1
47   78   1
47   79   1
47   80   1
47   82   1
47   83   1
47   84   1
47   85   1
48   49   1
48   51   1
48   53   1
48   54   1
48   55   1
48   58   1
48   59   1
48   60   1
48   62   1
48   63   1
48   67   1
48   68   1
48   71   1
48   75   1
48   78   1
48   84   1
49   53   1
49   61   1
49   62   1
49   75   1
49   76   1
49   78   1
49   79   1
49   80   1
49   81   1
49   85   1
50   57   1
50   58   1
50   59   1
50   61   1
50   63   1
50   64   1
50   65   1
50   69   1
50   71   1
50   75   1
50   76   1
50   77   1
50   80   1
50   82   1
50   83   1
51   52   1
51   55   1
51   57   1
51   59   1
51   61   1
51   63   1
51   68   1
51   75   1
51   82   1
51   84   1
52   54   1
52   55   1
52   56   1
52   58   1
52   61   1
52   65   1
52   66   1
52   68   1
52   69   1
52   70   1
52   71   1
52   72   1
52   74   1
52   76   1
52   77   1
52   81   1
52   82   1
52   83   1
53   57   1
53   58   1
53   61   1
53   63   1
53   65   1
53   68   1
53   74   1
53   81   1
53   83   1
53   84   1
54   56   1
54   59   1
54   63   1
54   64   1
54   65   1
54   66   1
54   68   1
54   70   1
54   71   1
54   72   1
54   74   1
54   75   1
54   76   1
54   80   1
54   83   1
54   84   1
54   85   1
55   57   1
55   58   1
55   59   1
55   61   1
55   62   1
55   63   1
55   64   1
55   65   1
55   67   1
55   68   1
55   70   1
55   71   1
55   72   1
55   73   1
55   74   1
55   76   1
55   77   1
55   80   1
55   81   1
55   82   1
55   85   1
56   57   1
56   59   1
56   60   1
56   62   1
56   64   1
56   65   1
56   67   1
56   70   1
56   71   1
56   72   1
56   73   1
56   74   1
56   76   1
56   77   1
56   78   1
56   79   1
56   80   1
56   84   1
56   85   1
57   59   1
57   60   1
57   61   1
57   62   1
57   67   1
57   69   1
57   71   1
57   72   1
57   74   1
57   75   1
57   76   1
57   77   1
57   78   1
57   79   1
57   80   1
57   81   1
57   84   1
58   59   1
58   68   1
58   71   1
58   72   1
58   73   1
58   76   1
58   78   1
58   81   1
58   82   1
58   84   1
58   85   1
59   61   1
59   62   1
59   63   1
59   66   1
59   67   1
59   68   1
59   75   1
59   78   1
59   79   1
59   81   1
59   84   1
60   62   1
60   66   1
60   67   1
60   68   1
60   70   1
60   72   1
60   75   1
60   85   1
61   71   1
61   73   1
61   75   1
61   76   1
61   77   1
61   79   1
61   80   1
61   82   1
61   83   1
61   84   1
61   85   1
62   63   1
62   64   1
62   66   1
62   67   1
62   68   1
62   72   1
62   74   1
62   76   1
62   79   1
62   80   1
62   81   1
62   85   1
63   70   1
63   71   1
63   76   1
63   78   1
63   79   1
63   81   1
63   82   1
63   83   1
63   84   1
63   85   1
64   65   1
64   66   1
64   67   1
64   68   1
64   69   1
64   71   1
64   73   1
64   78   1
64   79   1
64   80   1
64   82   1
64   84   1
65   66   1
65   67   1
65   72   1
65   74   1
65   75   1
65   77   1
65   79   1
65   82   1
65   83   1
66   67   1
66   70   1
66   75   1
66   78   1
66   79   1
66   80   1
66   81   1
66   83   1
66   85   1
67   68   1
67   69   1
67   70   1
67   72   1
67   73   1
67   74   1
67   75   1
67   76   1
67   79   1
67   80   1
67   81   1
67   82   1
67   83   1
67   84   1
68   69   1
68   70   1
68   71   1
68   73   1
68   74   1
68   77   1
68   79   1
68   80   1
68   81   1
68   82   1
68   84   1
69   70   1
69   71   1
69   72   1
69   74   1
69   75   1
69   76   1
69   77   1
69   79   1
69   81   1
69   82   1
70   73   1
70   77   1
70   79   1
70   80   1
70   84   1
70   85   1
71   72   1
71   73   1
71   75   1
71   77   1
71   78   1
71   79   1
71   83   1
71   84   1
71   85   1
72   73   1
72   74   1
72   75   1
72   76   1
72   80   1
72   81   1
73   75   1
73   76   1
73   77   1
