1   7   0.036
1   8   0.149
1   10   0.147
1   14   0.049
1   17   0.028
1   21   0.062
1   23   0.046
1   29   0.011
1   30   0.041
1   34   0.113
2   9   0.185
2   13   0.052
2   17   0.18
2   22   0.21
2   24   0.102
2   25   0.087
2   26   0.081
2   27   0.112
2   36   0.105
2   37   0.096
2   38   0.043
2   44   0.073
2   51   0.115
2   52   0.067
2   62   0.06
2   74   0.034
2   75   0.045
2   76   0.071
3   6   0.059
3   7   0.048
3   8   0.045
3   14   0.044
3   17   0.018
3   19   0.083
3   21   0.008
3   23   0.064
3   24   0.115
3   26   0.028
3   27   0.006
3   28   0.078
3   29   0.036
3   30   0.046
3   34   0.096
3   36   0.109
3   37   0.07
3   38   0.057
3   39   0.007
3   40   0.055
3   43   0.109
3   44   0.107
3   45   0.119
3   51   0.123
3   52   0.115
3   65   0.062
3   66   0.134
3   72   0.13
3   73   0.11
3   75   0.121
3   76   0.097
3   77   0.082
4   6   0.118
4   7   0.167
4   8   0.143
4   9   0.195
4   10   0.041
4   12   0.063
4   14   0.124
4   15   0.276
4   20   0.12
4   24   0.196
4   28   0.059
4   34   0.074
4   36   0.155
4   38   0.267
4   40   0.299
4   47   0.126
4   53   0.064
4   58   0.25
4   61   0.121
4   73   0.218
4   77   0.223
5   6   0.25
5   15   0.129
5   32   0.097
5   40   0.109
5   41   0.122
6   7   0.124
6   8   0.151
6   9   0.155
6   10   0.068
6   12   0.201
6   14   0.093
6   15   0.237
6   20   0.117
6   23   0.106
6   24   0.288
6   28   0.133
6   29   0.162
6   30   0.181
6   34   0.071
6   36   0.371
6   38   0.227
6   40   0.218
6   41   0.105
6   73   0.148
6   77   0.163
7   8   0.187
7   9   0.17
7   10   0.021
7   12   0.215
7   14   0.066
7   15   0.246
7   17   0.077
7   20   0.079
7   21   0.146
7   23   0.104
7   24   0.203
7   26   0.031
7   27   0.029
7   28   0.129
7   29   0.147
7   30   0.025
7   33   0.254
7   34   0.247
7   35   0.189
7   36   0.297
7   38   0.268
7   39   0.27
7   40   0.352
7   43   0.199
7   58   0.135
7   59   0.156
7   73   0.209
7   76   0.113
7   77   0.163
8   10   0.112
8   12   0.143
8   14   0.083
8   15   0.162
8   17   0.072
8   19   0.104
8   20   0.155
8   21   0.11
8   23   0.063
8   24   0.319
8   26   0.04
8   27   0.098
8   28   0.213
8   29   0.057
8   30   0.136
8   34   0.091
8   36   0.429
8   38   0.271
8   40   0.34
8   41   0.173
8   73   0.271
8   77   0.314
9   10   0.077
9   12   0.154
9   14   0.229
9   15   0.4
9   20   0.066
9   22   0.254
9   24   0.18
9   25   0.076
9   26   0.065
9   27   0.112
9   28   0.14
9   29   0.273
9   34   0.306
9   36   0.326
9   37   0.125
9   38   0.289
9   40   0.115
9   43   0.203
9   45   0.169
9   47   0.123
9   53   0.194
9   56   0.198
9   58   0.108
9   59   0.128
9   61   0.129
9   69   0.08
9   73   0.199
9   76   0.123
9   77   0.155
9   78   0.248
10   12   0.094
10   14   0.041
10   15   0.2
10   20   0.025
10   24   0.181
10   28   0.042
10   29   0.174
10   30   0.262
10   34   0.208
10   35   0.132
10   36   0.174
10   38   0.21
10   40   0.308
10   41   0.273
10   43   0.08
10   53   0.146
10   56   0.077
10   58   0.08
10   73   0.147
10   77   0.14
11   13   0.007
11   17   0.039
11   18   0.022
11   19   0.006
11   25   0.014
11   26   0.029
11   27   0.082
11   34   0.028
11   36   0.123
11   38   0.033
11   62   0.077
11   75   0.042
11   76   0.032
12   14   0.2
12   15   0.413
12   20   0.151
12   24   0.161
12   28   0.121
12   29   0.193
12   34   0.208
12   36   0.284
12   38   0.276
12   40   0.227
12   41   0.203
12   53   0.026
12   59   0.165
12   73   0.192
12   77   0.192
13   22   0.038
13   25   0.047
13   26   0.022
13   27   0.005
13   31   0.061
13   34   0.015
13   37   0.027
13   44   0.086
13   62   0.086
13   74   0.042
13   75   0.035
13   76   0.02
14   17   0.048
14   19   0.061
14   20   0.2
14   21   0.092
14   23   0.049
14   24   0.345
14   26   0.058
14   27   0.067
14   28   0.183
14   29   0.085
14   30   0.094
14   34   0.11
14   36   0.401
14   38   0.199
14   40   0.361
14   41   0.027
14   73   0.207
14   77   0.193
15   20   0.18
15   22   0.399
15   24   0.411
15   27   0.307
15   28   0.366
15   36   0.076
15   40   0.221
15   73   0.237
15   77   0.334
16   21   0.045
16   22   0.235
16   23   0.125
16   24   0.086
16   27   0.126
16   28   0.05
16   34   0.036
16   36   0.149
16   37   0.154
16   38   0.148
16   39   0.01
16   40   0.234
16   45   0.209
16   52   0.093
16   65   0.228
16   70   0.247
16   71   0.232
16   72   0.194
16   73   0.191
16   76   0.133
16   77   0.194
17   18   0.048
17   19   0.008
17   21   0.05
17   23   0.047
17   24   0.123
17   26   0.029
17   27   0.063
17   28   0.105
17   29   0.027
17   30   0.04
17   33   0.021
17   34   0.012
17   36   0.275
17   37   0.146
17   38   0.102
17   39   0.015
17   51   0.151
17   52   0.138
17   72   0.147
17   75   0.076
17   76   0.107
18   19   0.001
18   23   0.047
18   26   0.03
18   27   0.085
18   34   0.044
18   36   0.123
18   37   0.055
18   38   0.047
18   75   0.057
18   76   0.04
19   23   0.064
19   26   0.021
19   27   0.051
19   29   0.044
19   30   0.042
19   34   0.007
19   36   0.129
19   37   0.103
19   38   0.076
19   39   0.052
19   51   0.086
19   75   0.081
19   76   0.065
20   24   0.081
20   28   0.033
20   29   0.221
20   34   0.246
20   36   0.184
20   38   0.244
20   40   0.268
20   53   0.032
20   58   0.084
20   61   0.101
20   73   0.131
20   77   0.135
21   22   0.188
21   23   0.072
21   24   0.085
21   26   0.07
21   27   0.05
21   28   0.027
21   29   0.084
21   30   0.024
21   33   0.111
21   34   0.038
21   35   0.157
21   36   0.06
21   37   0.132
21   38   0.046
21   39   0.053
21   40   0.178
21   43   0.131
21   45   0.019
21   65   0.158
21   70   0.144
21   71   0.195
21   72   0.168
21   73   0.149
21   76   0.12
21   77   0.14
21   78   0.194
21   79   0.166
21   84   0.176
22   23   0.179
22   24   0.163
22   25   0.105
22   27   0.147
22   28   0.157
22   36   0.17
22   37   0.155
22   38   0.099
22   43   0.197
22   52   0.085
22   65   0.104
22   70   0.154
22   71   0.131
22   72   0.109
22   73   0.146
22   75   0.063
22   76   0.155
22   77   0.192
23   24   0.113
23   26   0.062
23   27   0.037
23   28   0.086
23   29   0.02
23   30   0.053
23   33   0.064
23   34   0.036
23   35   0.308
23   36   0.108
23   37   0.111
23   38   0.071
23   39   0.073
23   40   0.217
23   43   0.144
23   45   0.152
23   46   0.146
23   52   0.144
23   65   0.176
23   70   0.192
23   71   0.172
23   72   0.134
23   73   0.163
23   76   0.11
23   77   0.185
23   84   0.283
24   25   0.101
24   26   0.075
24   27   0.1
24   28   0.195
24   29   0.247
24   30   0.211
24   33   0.266
24   34   0.278
24   36   0.291
24   37   0.2
24   38   0.356
24   39   0.305
24   40   0.517
24   43   0.306
24   45   0.321
24   47   0.311
24   51   0.128
24   52   0.161
24   53   0.22
24   55   0.135
24   56   0.394
24   58   0.334
24   59   0.216
24   61   0.206
24   63   0.304
24   65   0.22
24   70   0.174
24   71   0.263
24   72   0.237
24   73   0.326
24   76   0.178
24   77   0.282
24   78   0.22
24   79   0.251
24   83   0.341
25   26   0.101
25   27   0.018
25   31   0.06
25   37   0.051
25   38   0.012
25   45   0.02
25   51   0.052
25   62   0.031
25   74   0.043
25   75   0.02
25   76   0.008
26   27   0.04
26   28   0.054
26   29   0.032
26   30   0.037
26   31   0.018
26   34   0.054
26   36   0.127
26   37   0.074
26   38   0.048
26   39   0.047
26   43   0.051
26   44   0.055
26   45   0.048
26   46   0.015
26   51   0.061
26   52   0.124
26   60   0.055
26   62   0.025
26   66   0.107
26   67   0.048
26   68   0.079
26   72   0.14
26   73   0.073
26   74   0.043
26   75   0.046
26   76   0.04
26   80   0.023
26   83   0.074
26   84   0.191
27   28   0.07
27   29   0.091
27   30   0.063
27   31   0.001
27   34   0.081
27   35   0.323
27   36   0.068
27   37   0.091
27   38   0.05
27   39   0.035
27   40   0.151
27   43   0.084
27   44   0.103
27   45   0.106
27   46   0.119
27   51   0.122
27   52   0.081
27   56   0.043
27   58   0.148
27   60   0.021
27   62   0.039
27   65   0.092
27   66   0.081
27   67   0.052
27   68   0.076
27   70   0.086
27   71   0.139
27   72   0.113
27   73   0.125
27   74   0.044
27   75   0.041
27   76   0.069
27   77   0.123
27   79   0.086
27   80   0.021
27   83   0.118
27   84   0.232
28   29   0.178
28   30   0.071
28   33   0.222
28   34   0.194
28   35   0.332
28   36   0.258
28   37   0.274
28   38   0.243
28   39   0.209
28   40   0.392
28   41   0.252
28   43   0.209
28   45   0.284
28   47   0.185
28   52   0.136
28   53   0.157
28   55   0.071
28   56   0.21
28   57   0.26
28   58   0.251
28   59   0.157
28   61   0.111
28   63   0.282
28   65   0.216
28   69   0.117
28   70   0.21
28   71   0.268
28   72   0.219
28   73   0.193
28   76   0.177
28   77   0.157
28   78   0.237
28   79   0.276
28   83   0.085
28   84   0.116
29   30   0.034
29   32   0.074
29   33   0.079
29   34   0.064
29   36   0.268
29   38   0.138
29   40   0.228
29   43   0.196
29   73   0.19
29   77   0.185
30   33   0.054
30   34   0.104
30   36   0.164
30   38   0.098
30   39   0.127
30   40   0.188
30   76   0.152
31   37   0.002
31   38   0.013
31   62   0.047
31   75   0.022
31   76   0.014
31   80   0.012
32   34   0.108
32   36   0.192
32   41   0.127
33   34   0.087
33   38   0.145
34   36   0.179
34   37   0.04
34   38   0.16
34   39   0.001
34   40   0.278
34   73   0.147
34   75   0.071
34   76   0.092
34   77   0.216
35   36   0.272
35   37   0.387
35   38   0.19
35   39   0.061
35   41   0.069
35   43   0.104
35   44   0.174
35   46   0.094
35   72   0.256
35   77   0.13
35   84   0.063
36   37   0.181
36   38   0.295
36   39   0.092
36   40   0.184
36   41   0.108
36   43   0.182
36   45   0.206
36   46   0.064
36   47   0.231
36   51   0.2
36   52   0.141
36   56   0.279
36   58   0.219
36   65   0.138
36   70   0.173
36   71   0.19
36   72   0.155
36   73   0.253
36   75   0.088
36   76   0.155
36   77   0.246
36   83   0.108
36   84   0.189
37   38   0.179
37   39   0.03
37   40   0.201
37   43   0.004
37   44   0.073
37   45   0.062
37   51   0.116
37   52   0.107
37   62   0.023
37   74   0.015
37   75   0.046
37   76   0.12
37   80   0.046
37   84   0.285
38   39   0.014
38   40   0.436
38   41   0.073
38   43   0.069
38   44   0.069
38   45   0.054
38   46   0.011
38   51   0.126
38   52   0.13
38   56   0.207
38   62   0.032
38   71   0.181
38   72   0.122
38   73   0.259
38   75   0.061
38   76   0.129
38   77   0.258
38   83   0.083
38   84   0.154
39   40   0.018
39   43   0.002
39   72   0.03
39   75   0.077
39   76   0.048
39   84   0.072
40   41   0.201
40   43   0.141
40   47   0.096
40   58   0.155
40   59   0.044
40   61   0.085
40   73   0.204
40   77   0.182
43   44   0.084
43   45   0.1
43   46   0.043
43   47   0.241
43   48   0.118
43   51   0.058
43   52   0.044
43   53   0.094
43   55   0.101
43   56   0.16
43   57   0.219
43   58   0.281
43   59   0.131
43   61   0.136
43   63   0.224
43   64   0.012
43   65   0.104
43   66   0.133
43   67   0.043
43   68   0.069
43   69   0.108
43   70   0.045
43   71   0.143
43   72   0.064
43   73   0.165
43   75   0.068
43   76   0.054
43   77   0.173
43   78   0.165
43   79   0.153
43   83   0.189
43   84   0.136
44   45   0.077
44   46   0.025
44   47   0.083
44   49   0.012
44   51   0.069
44   52   0.069
44   56   0.053
44   60   0.002
44   62   0.001
44   65   0.158
44   66   0.189
44   67   0.041
44   68   0.088
44   70   0.081
44   71   0.172
44   72   0.085
44   73   0.089
44   75   0.054
44   76   0.087
44   77   0.109
44   80   0.008
44   83   0.067
44   84   0.132
45   46   0.022
45   47   0.425
45   48   0.027
45   49   0.01
45   50   0.141
45   51   0.023
45   52   0.06
45   53   0.161
45   55   0.062
45   56   0.228
45   57   0.193
45   58   0.268
45   59   0.187
45   60   0.026
45   61   0.187
45   62   0.002
45   63   0.214
45   65   0.194
45   66   0.13
45   67   0.024
45   68   0.076
45   69   0.173
45   70   0.056
45   71   0.199
45   72   0.077
45   73   0.227
45   74   0.012
45   75   0.04
45   76   0.108
45   77   0.193
45   78   0.227
45   79   0.155
45   80   0.01
45   82   0.113
45   83   0.091
45   84   0.057
46   47   0.071
46   48   0.08
46   52   0.117
46   56   0.12
46   63   0.125
46   65   0.192
46   66   0.004
46   67   0.116
46   68   0.102
46   70   0.09
46   72   0.124
46   73   0.18
46   75   0.085
46   76   0.12
46   77   0.226
46   79   0.139
46   83   0.184
46   84   0.061
47   48   0.262
47   52   0.126
47   53   0.208
47   54   0.149
47   55   0.047
47   56   0.284
47   57   0.225
47   58   0.109
47   59   0.276
47   61   0.162
47   63   0.283
47   64   0.152
47   69   0.157
47   71   0.379
47   72   0.211
47   73   0.408
47   76   0.233
47   77   0.385
47   78   0.295
47   79   0.29
47   81   0.224
47   83   0.299
47   84   0.056
48   54   0.064
48   55   0.101
48   57   0.137
48   59   0.098
48   61   0.069
48   63   0.132
48   73   0.056
48   77   0.088
48   81   0.223
48   83   0.006
49   60   0.013
50   56   0.197
50   57   0.108
50   59   0.139
50   63   0.119
50   77   0.129
50   78   0.057
50   79   0.066
50   83   0.143
51   58   0.167
51   71   0.039
51   73   0.091
51   74   0.01
51   75   0.027
51   76   0.02
52   56   0.011
52   59   0.034
52   66   0.034
52   68   0.073
52   70   0.003
52   72   0.061
52   73   0.049
52   75   0.019
52   76   0.035
52   77   0.012
52   79   0.033
52   83   0.053
52   84   0.105
53   55   0.101
53   56   0.114
53   57   0.136
53   58   0.097
53   59   0.041
53   61   0.05
53   63   0.129
53   69   0.122
53   73   0.215
53   77   0.059
53   78   0.114
53   83   0.129
54   55   0.09
54   64   0.133
55   56   0.073
55   57   0.112
55   58   0.049
55   59   0.047
55   61   0.155
55   63   0.066
55   64   0.108
55   69   0.094
55   73   0.121
55   77   0.086
55   78   0.122
55   83   0.06
56   57   0.205
56   58   0.19
56   59   0.09
56   61   0.188
56   63   0.109
56   66   0.032
56   68   0.038
56   69   0.159
56   70   0.065
56   72   0.034
56   73   0.151
56   75   0.024
56   76   0.069
56   77   0.087
56   78   0.142
56   79   0.01
56   82   0.146
56   83   0.279
57   59   0.179
57   61   0.124
57   63   0.143
57   64   0.169
57   66   0.057
57   69   0.121
57   70   0.072
57   72   0.044
57   73   0.227
57   75   0.062
57   76   0.121
57   77   0.202
57   78   0.117
57   79   0.169
57   83   0.124
58   59   0.091
58   61   0.035
58   63   0.213
58   64   0.194
58   69   0.025
58   71   0.104
58   73   0.095
58   74   0.113
58   76   0.143
58   77   0.108
58   78   0.14
58   83   0.236
59   61   0.101
59   63   0.123
59   64   0.184
59   69   0.015
59   73   0.197
59   77   0.093
59   78   0.181
59   83   0.246
60   62   0.041
60   66   0.06
60   67   0.017
60   68   0.005
60   75   0.065
60   76   0.106
60   83   0.059
61   63   0.211
61   64   0.195
61   69   0.111
61   73   0.136
61   77   0.123
61   78   0.191
61   83   0.214
62   74   0.04
62   75   0.035
62   76   0.004
62   83   0.005
63   66   0.041
63   68   0.054
63   69   0.194
63   70   0.125
63   72   0.054
63   73   0.188
63   75   0.063
63   76   0.11
63   77   0.169
63   78   0.098
63   79   0.115
63   83   0.155
64   69   0.028
64   71   0.211
64   73   0.228
64   76   0.19
64   77   0.204
65   70   0.017
65   71   0.044
65   72   0.121
65   76   0.023
65   77   0.032
65   79   0.142
65   83   0.072
65   84   0.148
66   67   0.049
66   68   0.034
66   70   0.065
66   72   0.064
66   73   0.068
66   75   0.019
66   76   0.069
66   77   0.023
66   78   0.081
66   79   0.023
66   83   0.046
67   68   0.028
67   72   0.082
67   75   0.037
67   76   0.092
67   83   0.056
68   70   0.054
68   72   0.062
68   75   0.051
68   76   0.054
68   77   0.021
68   79   0.043
68   83   0.035
69   73   0.048
69   77   0.044
69   78   0.181
69   83   0.191
70   71   0.1
70   72   0.168
70   73   0.034
70   75   0.031
70   76   0.075
70   77   0.046
70   78   0.114
70   79   0.041
70   82   0.082
70   83   0.062
70   84   0.084
71   72   0.072
71   73   0.096
71   74   0.063
71   76   0.068
71   77   0.05
72   73   0.04
72   75   0.025
72   76   0.121
72   77   0.026
72   78   0.099
72   79   0.011
72   83   0.067
72   84   0.152
73   74   0.094
73   76   0.081
73   77   0.06
73   78   0.116
73   79   0.13
73   83   0.207
73   84   0.102
75   76   0.033
75   77   0.012
75   78   0.089
75   79   0.036
75   80   0.018
75   83   0.082
75   84   0.183
76   77   0.06
76   78   0.079
76   79   0.105
76   80   0.003
76   83   0.132
76   84   0.147
77   78   0.115
77   79   0.01
77   82   0.099
77   83   0.143
77   84   0.131
78   79   0.071
78   81   0.05
78   82   0.063
78   83   0.163
79   82   0.099
79   83   0.1
81   83   0.178
82   83   0.129
