2   3   1
2   10   1
2   15   1
2   16   1
2   18   1
2   22   1
2   23   1
2   24   1
2   25   1
2   33   1
2   34   1
2   40   1
2   44   1
2   47   1
2   53   1
2   57   1
2   61   1
2   65   1
2   70   1
2   71   1
2   73   1
2   75   1
2   77   1
2   85   1
3   5   1
3   7   1
3   8   1
3   12   1
3   15   1
3   17   1
3   19   1
3   21   1
3   22   1
3   26   1
3   27   1
3   29   1
3   31   1
3   33   1
3   38   1
3   39   1
3   40   1
3   42   1
3   43   1
3   44   1
3   45   1
3   46   1
3   47   1
3   50   1
3   51   1
3   52   1
3   55   1
3   56   1
3   59   1
3   61   1
3   62   1
3   64   1
3   65   1
3   66   1
3   68   1
3   69   1
3   71   1
3   74   1
3   75   1
3   76   1
3   78   1
3   79   1
3   82   1
3   83   1
3   85   1
4   7   1
4   8   1
4   14   1
4   17   1
4   19   1
4   20   1
4   28   1
4   37   1
4   41   1
4   42   1
4   43   1
4   44   1
4   45   1
4   48   1
4   49   1
4   50   1
4   52   1
4   54   1
4   55   1
4   57   1
4   58   1
4   60   1
4   61   1
4   62   1
4   64   1
4   68   1
4   74   1
4   77   1
4   81   1
4   82   1
4   84   1
4   85   1
5   12   1
5   28   1
5   31   1
5   32   1
5   33   1
5   38   1
5   44   1
5   45   1
5   50   1
5   52   1
5   53   1
5   54   1
5   55   1
5   56   1
5   57   1
5   58   1
5   60   1
5   61   1
5   63   1
5   66   1
5   70   1
5   74   1
5   75   1
5   80   1
5   82   1
6   7   1
6   17   1
6   19   1
6   21   1
6   25   1
6   28   1
6   31   1
6   33   1
6   36   1
6   42   1
6   43   1
6   45   1
6   48   1
6   50   1
6   52   1
6   53   1
6   55   1
6   60   1
6   68   1
6   69   1
6   73   1
6   74   1
6   77   1
6   80   1
6   83   1
6   84   1
7   8   1
7   10   1
7   11   1
7   12   1
7   13   1
7   14   1
7   15   1
7   16   1
7   17   1
7   18   1
7   19   1
7   20   1
7   21   1
7   22   1
7   26   1
7   28   1
7   29   1
7   30   1
7   31   1
7   35   1
7   38   1
7   40   1
7   42   1
7   43   1
7   44   1
7   48   1
7   49   1
7   50   1
7   51   1
7   52   1
7   53   1
7   54   1
7   55   1
7   56   1
7   58   1
7   59   1
7   63   1
7   64   1
7   68   1
7   72   1
7   73   1
7   78   1
7   79   1
7   80   1
7   81   1
7   84   1
8   9   1
8   10   1
8   14   1
8   15   1
8   16   1
8   18   1
8   20   1
8   22   1
8   23   1
8   24   1
8   25   1
8   28   1
8   30   1
8   31   1
8   34   1
8   35   1
8   37   1
8   38   1
8   39   1
8   40   1
8   41   1
8   42   1
8   44   1
8   45   1
8   46   1
8   47   1
8   48   1
8   49   1
8   50   1
8   51   1
8   52   1
8   53   1
8   57   1
8   58   1
8   60   1
8   62   1
8   63   1
8   64   1
8   65   1
8   66   1
8   67   1
8   69   1
8   70   1
8   71   1
8   72   1
8   75   1
8   76   1
8   77   1
8   78   1
8   79   1
8   82   1
8   84   1
8   85   1
9   10   1
9   13   1
9   15   1
9   17   1
9   20   1
9   21   1
9   22   1
9   23   1
9   26   1
9   27   1
9   28   1
9   29   1
9   33   1
9   36   1
9   38   1
9   40   1
9   41   1
9   42   1
9   43   1
9   44   1
9   46   1
9   47   1
9   48   1
9   49   1
9   50   1
9   51   1
9   52   1
9   53   1
9   54   1
9   56   1
9   57   1
9   58   1
9   59   1
9   60   1
9   62   1
9   63   1
9   64   1
9   65   1
9   66   1
9   67   1
9   68   1
9   69   1
9   70   1
9   71   1
9   75   1
9   76   1
9   77   1
9   78   1
9   82   1
9   83   1
9   84   1
10   11   1
10   13   1
10   15   1
10   16   1
10   20   1
10   26   1
10   31   1
10   33   1
10   35   1
10   36   1
10   37   1
10   38   1
10   39   1
10   40   1
10   41   1
10   42   1
10   43   1
10   44   1
10   45   1
10   46   1
10   47   1
10   48   1
10   49   1
10   50   1
10   52   1
10   54   1
10   55   1
10   56   1
10   57   1
10   58   1
10   59   1
10   62   1
10   64   1
10   65   1
10   67   1
10   68   1
10   69   1
10   70   1
10   71   1
10   72   1
10   75   1
10   81   1
10   82   1
10   85   1
11   12   1
11   14   1
11   15   1
11   16   1
11   25   1
11   27   1
11   29   1
11   31   1
11   32   1
11   33   1
11   34   1
11   38   1
11   39   1
11   42   1
11   44   1
11   46   1
11   47   1
11   48   1
11   49   1
11   50   1
11   51   1
11   52   1
11   54   1
11   55   1
11   59   1
11   61   1
11   64   1
11   65   1
11   68   1
11   69   1
11   75   1
11   79   1
11   82   1
11   85   1
12   16   1
12   17   1
12   20   1
12   22   1
12   24   1
12   25   1
12   29   1
12   30   1
12   33   1
12   34   1
12   46   1
12   47   1
12   48   1
12   49   1
12   50   1
12   52   1
12   57   1
12   58   1
12   63   1
12   65   1
12   69   1
12   70   1
12   74   1
12   77   1
12   82   1
13   19   1
13   23   1
13   24   1
13   25   1
13   26   1
13   30   1
13   32   1
13   33   1
13   34   1
13   36   1
13   37   1
13   38   1
13   40   1
13   42   1
13   43   1
13   44   1
13   45   1
13   46   1
13   47   1
13   48   1
13   49   1
13   50   1
13   52   1
13   53   1
13   58   1
13   61   1
13   62   1
13   63   1
13   66   1
13   67   1
13   68   1
13   70   1
13   72   1
13   73   1
13   76   1
14   15   1
14   17   1
14   18   1
14   19   1
14   25   1
14   29   1
14   32   1
14   33   1
14   34   1
14   46   1
14   48   1
14   50   1
14   51   1
14   52   1
14   55   1
14   58   1
14   60   1
14   61   1
14   63   1
14   68   1
14   71   1
14   72   1
14   73   1
14   74   1
14   78   1
14   79   1
14   80   1
14   82   1
14   85   1
15   17   1
15   20   1
15   21   1
15   23   1
15   27   1
15   30   1
15   31   1
15   32   1
15   34   1
15   35   1
15   39   1
15   40   1
15   41   1
15   42   1
15   43   1
15   44   1
15   45   1
15   46   1
15   47   1
15   48   1
15   50   1
15   51   1
15   52   1
15   53   1
15   57   1
15   58   1
15   59   1
15   60   1
15   62   1
15   63   1
15   64   1
15   65   1
15   66   1
15   67   1
15   68   1
15   70   1
15   71   1
15   72   1
15   73   1
15   75   1
15   76   1
15   77   1
15   78   1
15   79   1
15   81   1
15   83   1
15   84   1
16   18   1
16   19   1
16   20   1
16   21   1
16   22   1
16   23   1
16   25   1
16   26   1
16   29   1
16   30   1
16   31   1
16   33   1
16   36   1
16   39   1
16   40   1
16   41   1
16   42   1
16   43   1
16   44   1
16   45   1
16   46   1
16   47   1
16   48   1
16   49   1
16   50   1
16   51   1
16   55   1
16   56   1
16   58   1
16   59   1
16   62   1
16   63   1
16   64   1
16   67   1
16   68   1
16   69   1
16   70   1
16   71   1
16   73   1
16   75   1
16   76   1
16   77   1
16   79   1
16   80   1
16   81   1
16   83   1
16   84   1
17   18   1
17   19   1
17   20   1
17   21   1
17   22   1
17   23   1
17   24   1
17   25   1
17   26   1
17   28   1
17   29   1
17   30   1
17   31   1
17   32   1
17   33   1
17   36   1
17   45   1
17   46   1
17   49   1
17   56   1
17   61   1
17   63   1
17   68   1
17   69   1
17   73   1
17   75   1
17   77   1
17   80   1
17   82   1
18   19   1
18   23   1
18   27   1
18   28   1
18   29   1
18   30   1
18   31   1
18   32   1
18   34   1
18   35   1
18   40   1
18   41   1
18   42   1
18   45   1
18   47   1
18   48   1
18   49   1
18   50   1
18   52   1
18   53   1
18   54   1
18   56   1
18   58   1
18   59   1
18   60   1
18   61   1
18   62   1
18   63   1
18   67   1
18   68   1
18   71   1
18   73   1
18   74   1
18   76   1
18   78   1
18   82   1
18   84   1
19   21   1
19   22   1
19   27   1
19   31   1
19   33   1
19   34   1
19   39   1
19   43   1
19   44   1
19   45   1
19   47   1
19   50   1
19   57   1
19   58   1
19   61   1
19   62   1
19   63   1
19   66   1
19   68   1
19   69   1
19   71   1
19   74   1
19   76   1
19   78   1
19   79   1
19   82   1
19   83   1
19   85   1
20   21   1
20   22   1
20   25   1
20   26   1
20   27   1
20   28   1
20   29   1
20   30   1
20   33   1
20   41   1
20   44   1
20   47   1
20   50   1
20   54   1
20   57   1
20   62   1
20   67   1
20   68   1
20   74   1
20   76   1
20   80   1
20   81   1
20   82   1
20   85   1
21   22   1
21   28   1
21   33   1
21   34   1
21   36   1
21   37   1
21   38   1
21   39   1
21   40   1
21   41   1
21   44   1
21   45   1
21   47   1
21   54   1
21   56   1
21   57   1
21   58   1
21   59   1
21   64   1
21   65   1
21   66   1
21   67   1
21   70   1
21   71   1
21   74   1
21   77   1
21   78   1
21   79   1
21   84   1
21   85   1
22   23   1
22   24   1
22   25   1
22   26   1
22   27   1
22   28   1
22   31   1
22   32   1
22   37   1
22   44   1
22   45   1
22   46   1
22   51   1
22   52   1
22   55   1
22   56   1
22   63   1
22   64   1
22   65   1
22   67   1
22   69   1
22   71   1
22   72   1
22   73   1
22   74   1
22   75   1
22   76   1
22   77   1
22   78   1
22   79   1
22   80   1
22   81   1
22   82   1
22   83   1
22   85   1
23   24   1
23   25   1
23   26   1
23   28   1
23   29   1
23   30   1
23   31   1
23   33   1
23   35   1
23   36   1
23   38   1
23   39   1
23   40   1
23   42   1
23   43   1
23   44   1
23   45   1
23   47   1
23   48   1
23   49   1
23   50   1
23   51   1
23   52   1
23   55   1
23   56   1
23   57   1
23   58   1
23   62   1
23   63   1
23   66   1
23   67   1
23   70   1
23   71   1
23   75   1
23   76   1
23   78   1
23   79   1
23   80   1
23   81   1
23   82   1
23   83   1
23   84   1
23   85   1
24   25   1
24   27   1
24   29   1
24   30   1
24   31   1
24   32   1
24   34   1
24   36   1
24   38   1
24   42   1
24   43   1
24   44   1
24   45   1
24   46   1
24   49   1
24   50   1
24   52   1
24   53   1
24   54   1
24   55   1
24   56   1
24   61   1
24   62   1
24   63   1
24   67   1
24   68   1
24   71   1
24   72   1
24   73   1
24   74   1
24   77   1
24   79   1
24   81   1
24   82   1
24   83   1
24   85   1
25   27   1
25   30   1
25   31   1
25   32   1
25   33   1
25   34   1
25   35   1
25   36   1
25   37   1
25   38   1
25   39   1
25   40   1
25   41   1
25   43   1
25   45   1
25   46   1
25   48   1
25   50   1
25   54   1
25   55   1
25   56   1
25   58   1
25   59   1
25   60   1
25   61   1
25   67   1
25   70   1
25   72   1
25   79   1
25   80   1
25   83   1
26   28   1
26   29   1
26   31   1
26   32   1
26   34   1
26   36   1
26   38   1
26   40   1
26   41   1
26   42   1
26   43   1
26   46   1
26   48   1
26   49   1
26   51   1
26   55   1
26   61   1
26   63   1
26   64   1
26   67   1
26   68   1
26   69   1
26   70   1
26   71   1
26   72   1
26   73   1
26   74   1
26   77   1
26   78   1
26   79   1
26   80   1
26   81   1
26   82   1
26   84   1
26   85   1
27   28   1
27   31   1
27   32   1
27   35   1
27   36   1
27   37   1
27   38   1
27   39   1
27   41   1
27   43   1
27   44   1
27   45   1
27   47   1
27   49   1
27   50   1
27   51   1
27   52   1
27   53   1
27   54   1
27   55   1
27   56   1
27   57   1
27   58   1
27   59   1
27   60   1
27   61   1
27   62   1
27   63   1
27   65   1
27   66   1
27   67   1
27   68   1
27   69   1
27   70   1
27   71   1
27   72   1
27   73   1
27   74   1
27   75   1
27   76   1
27   77   1
27   78   1
27   79   1
27   80   1
27   82   1
27   83   1
27   84   1
28   30   1
28   31   1
28   34   1
28   37   1
28   38   1
28   40   1
28   43   1
28   44   1
28   45   1
28   46   1
28   49   1
28   52   1
28   53   1
28   55   1
28   57   1
28   58   1
28   62   1
28   64   1
28   65   1
28   66   1
28   67   1
28   69   1
28   70   1
28   71   1
28   73   1
28   74   1
28   75   1
28   76   1
28   77   1
28   78   1
28   80   1
28   83   1
28   85   1
29   30   1
29   31   1
29   32   1
29   33   1
29   34   1
29   36   1
29   37   1
29   40   1
29   42   1
29   44   1
29   45   1
29   46   1
29   47   1
29   48   1
29   49   1
29   50   1
29   51   1
29   53   1
29   54   1
29   55   1
29   56   1
29   57   1
29   60   1
29   61   1
29   63   1
29   69   1
29   70   1
29   71   1
29   72   1
29   75   1
29   76   1
29   79   1
29   80   1
29   81   1
29   82   1
29   83   1
29   84   1
29   85   1
30   31   1
30   32   1
30   33   1
30   35   1
30   36   1
30   37   1
30   38   1
30   41   1
30   42   1
30   43   1
30   44   1
30   45   1
30   48   1
30   49   1
30   50   1
30   54   1
30   55   1
30   56   1
30   57   1
30   65   1
30   67   1
30   68   1
30   69   1
30   70   1
30   71   1
30   73   1
30   74   1
30   77   1
30   78   1
30   79   1
30   80   1
30   81   1
30   82   1
30   83   1
30   85   1
31   34   1
31   35   1
31   36   1
31   37   1
31   39   1
31   40   1
31   41   1
31   42   1
31   43   1
31   44   1
31   46   1
31   47   1
31   48   1
31   49   1
31   52   1
31   54   1
31   55   1
31   58   1
31   59   1
31   60   1
31   63   1
31   67   1
31   74   1
31   75   1
31   80   1
31   84   1
32   35   1
32   36   1
32   37   1
32   38   1
32   45   1
32   50   1
32   54   1
32   55   1
32   56   1
32   58   1
32   62   1
32   75   1
32   80   1
33   41   1
33   45   1
33   46   1
33   48   1
33   55   1
33   56   1
33   59   1
33   60   1
33   63   1
33   64   1
33   66   1
33   67   1
33   76   1
33   81   1
33   85   1
34   38   1
34   40   1
34   41   1
34   44   1
34   45   1
34   51   1
34   53   1
34   54   1
34   55   1
34   56   1
34   57   1
34   58   1
34   59   1
34   60   1
34   61   1
34   62   1
34   63   1
34   64   1
34   65   1
34   66   1
34   69   1
34   70   1
34   71   1
34   73   1
34   74   1
34   75   1
34   76   1
34   77   1
34   78   1
34   80   1
34   81   1
34   82   1
34   83   1
34   84   1
34   85   1
35   37   1
35   38   1
35   39   1
35   40   1
35   41   1
35   42   1
35   43   1
35   44   1
35   45   1
35   46   1
35   47   1
35   48   1
35   49   1
35   50   1
35   51   1
35   52   1
35   53   1
35   55   1
35   56   1
35   58   1
35   59   1
35   60   1
35   61   1
35   62   1
35   63   1
35   64   1
35   65   1
35   68   1
35   70   1
35   72   1
35   75   1
35   79   1
35   81   1
35   85   1
36   37   1
36   38   1
36   40   1
36   41   1
36   42   1
36   43   1
36   44   1
36   47   1
36   50   1
36   51   1
36   52   1
36   53   1
36   54   1
36   55   1
36   56   1
36   57   1
36   58   1
36   59   1
36   60   1
36   61   1
36   62   1
36   63   1
36   66   1
36   69   1
36   70   1
36   71   1
36   72   1
36   74   1
36   77   1
36   78   1
36   79   1
36   80   1
36   81   1
36   82   1
36   84   1
36   85   1
37   40   1
37   41   1
37   42   1
37   45   1
37   46   1
37   48   1
37   49   1
37   50   1
37   51   1
37   52   1
37   53   1
37   55   1
37   56   1
37   57   1
37   58   1
37   59   1
37   63   1
37   64   1
37   67   1
37   68   1
37   69   1
37   70   1
37   72   1
37   75   1
37   76   1
37   77   1
37   78   1
37   79   1
37   80   1
37   81   1
37   83   1
37   84   1
38   39   1
38   40   1
38   43   1
38   44   1
38   47   1
38   48   1
38   49   1
38   50   1
38   52   1
38   53   1
38   54   1
38   55   1
38   56   1
38   57   1
38   58   1
38   62   1
38   65   1
38   66   1
38   67   1
38   70   1
38   73   1
38   75   1
38   76   1
38   80   1
38   81   1
38   82   1
39   40   1
39   46   1
39   47   1
39   50   1
39   51   1
39   52   1
39   53   1
39   54   1
39   55   1
39   56   1
39   57   1
39   58   1
39   59   1
39   60   1
39   62   1
39   64   1
39   65   1
39   67   1
39   68   1
39   70   1
39   72   1
39   73   1
39   74   1
39   76   1
39   77   1
39   78   1
39   79   1
39   80   1
39   83   1
39   84   1
39   85   1
40   41   1
40   45   1
40   46   1
40   47   1
40   48   1
40   49   1
40   50   1
40   51   1
40   52   1
40   53   1
40   54   1
40   55   1
40   56   1
40   57   1
40   58   1
40   59   1
40   60   1
40   61   1
40   62   1
40   63   1
40   64   1
40   65   1
40   66   1
40   67   1
40   69   1
40   70   1
40   71   1
40   72   1
40   75   1
40   76   1
40   78   1
40   79   1
40   80   1
40   81   1
40   82   1
40   83   1
40   84   1
41   42   1
41   43   1
41   44   1
41   45   1
41   47   1
41   49   1
41   51   1
41   52   1
41   53   1
41   56   1
41   60   1
41   62   1
41   64   1
41   68   1
41   69   1
41   74   1
41   76   1
41   77   1
41   80   1
41   81   1
41   82   1
41   85   1
42   44   1
42   45   1
42   46   1
42   47   1
42   50   1
42   52   1
42   62   1
42   63   1
42   67   1
43   45   1
43   46   1
43   47   1
43   48   1
43   49   1
43   50   1
43   51   1
43   52   1
43   53   1
43   55   1
43   56   1
43   57   1
43   59   1
43   60   1
43   61   1
43   63   1
43   64   1
43   65   1
43   67   1
43   69   1
43   71   1
43   72   1
43   73   1
43   74   1
43   75   1
43   76   1
43   78   1
43   80   1
43   81   1
43   83   1
43   84   1
44   45   1
44   46   1
44   54   1
44   55   1
44   58   1
44   60   1
44   62   1
44   63   1
44   67   1
44   72   1
44   74   1
44   77   1
44   80   1
44   81   1
44   82   1
44   83   1
44   85   1
45   46   1
45   49   1
45   53   1
45   56   1
45   58   1
45   61   1
45   67   1
45   68   1
45   73   1
45   77   1
45   80   1
45   81   1
45   83   1
45   85   1
46   53   1
46   54   1
46   56   1
46   58   1
46   59   1
46   61   1
46   62   1
46   65   1
46   66   1
46   69   1
46   70   1
46   71   1
46   74   1
46   78   1
46   80   1
46   82   1
46   83   1
46   84   1
46   85   1
47   48   1
47   49   1
47   51   1
47   52   1
47   57   1
47   58   1
47   59   1
47   60   1
47   61   1
47   62   1
47   64   1
47   66   1
47   67   1
47   68   1
47   69   1
47   71   1
47   73   1
47   74   1
47   76   1
47   78   1
47   81   1
47   84   1
48   49   1
48   50   1
48   51   1
48   52   1
48   55   1
48   58   1
48   59   1
48   60   1
48   62   1
48   63   1
48   65   1
48   66   1
48   67   1
48   68   1
48   69   1
48   71   1
48   73   1
48   74   1
48   75   1
48   80   1
48   83   1
48   84   1
48   85   1
49   58   1
49   60   1
49   61   1
49   65   1
49   69   1
49   74   1
49   75   1
49   76   1
49   82   1
49   83   1
50   51   1
50   55   1
50   56   1
50   58   1
50   59   1
50   62   1
50   63   1
50   69   1
50   71   1
50   75   1
50   76   1
50   77   1
50   80   1
50   82   1
50   83   1
50   84   1
50   85   1
51   55   1
51   56   1
51   61   1
51   63   1
51   65   1
51   71   1
51   74   1
51   75   1
51   77   1
51   82   1
52   53   1
52   54   1
52   65   1
52   66   1
52   68   1
52   69   1
52   70   1
52   72   1
52   73   1
52   76   1
52   77   1
52   81   1
52   83   1
53   55   1
53   58   1
53   59   1
53   61   1
53   63   1
53   64   1
53   65   1
53   73   1
53   74   1
53   75   1
53   81   1
53   84   1
54   62   1
54   65   1
54   66   1
54   68   1
54   71   1
54   72   1
54   74   1
54   76   1
54   77   1
54   79   1
54   80   1
54   82   1
55   58   1
55   61   1
55   62   1
55   63   1
55   64   1
55   66   1
55   67   1
55   68   1
55   72   1
55   73   1
55   77   1
55   80   1
55   83   1
55   85   1
56   57   1
56   59   1
56   62   1
56   70   1
56   72   1
56   74   1
56   75   1
56   76   1
56   77   1
56   78   1
56   80   1
56   85   1
57   58   1
57   60   1
57   61   1
57   62   1
57   66   1
57   72   1
57   78   1
57   79   1
57   81   1
57   82   1
57   84   1
58   59   1
58   62   1
58   63   1
58   64   1
58   76   1
58   80   1
58   83   1
58   84   1
59   61   1
59   65   1
59   67   1
59   69   1
59   73   1
59   75   1
59   76   1
59   79   1
59   80   1
59   81   1
60   62   1
60   63   1
60   68   1
60   70   1
60   71   1
60   72   1
60   73   1
60   75   1
60   76   1
60   84   1
61   62   1
61   64   1
61   66   1
61   68   1
61   69   1
61   70   1
61   72   1
61   75   1
61   76   1
61   80   1
61   82   1
61   83   1
61   84   1
61   85   1
62   64   1
62   67   1
62   68   1
62   72   1
62   73   1
62   74   1
62   75   1
62   77   1
62   80   1
62   82   1
63   64   1
63   68   1
63   70   1
63   73   1
63   74   1
63   75   1
63   77   1
63   78   1
63   79   1
63   81   1
63   82   1
63   83   1
63   84   1
64   65   1
64   66   1
64   67   1
64   69   1
64   79   1
64   81   1
64   83   1
64   84   1
65   66   1
65   67   1
65   72   1
65   74   1
65   75   1
65   78   1
65   79   1
65   83   1
66   67   1
66   70   1
66   71   1
66   80   1
66   83   1
66   85   1
67   68   1
67   72   1
67   73   1
67   75   1
67   80   1
67   81   1
67   82   1
67   84   1
68   70   1
68   71   1
68   73   1
68   75   1
68   76   1
68   78   1
68   80   1
68   82   1
68   83   1
68   84   1
69   70   1
69   71   1
69   72   1
69   74   1
69   75   1
69   76   1
69   79   1
69   81   1
69   82   1
69   83   1
70   72   1
70   73   1
70   75   1
70   82   1
70   84   1
70   85   1
71   73   1
71   74   1
71   75   1
71   77   1
71   78   1
71   79   1
71   82   1
71   83   1
71   84   1
71   85   1
72   73   1
72   78   1
72   81   1
72   83   1
73   74   1
73   75   1
73   76   1
73   77   1
73   78   1
73   79   1
