1   7   0.032
1   8   0.056
1   10   0.006
1   14   0.004
1   17   0.112
1   21   0.008
1   23   0.101
1   29   0.004
1   30   0.036
1   34   0.02
2   9   0.093
2   13   0.022
2   17   0.013
2   22   0.019
2   24   0.19
2   25   0.003
2   26   0.001
2   27   0.083
2   36   0.025
2   37   0.016
2   38   0.021
2   44   0.097
2   51   0.011
2   52   0.104
2   62   0.075
2   74   0.049
2   75   0.107
2   76   0.156
3   6   0.066
3   7   0.253
3   8   0.047
3   14   0.065
3   17   0.051
3   19   0.016
3   21   0.067
3   23   0.039
3   26   0.024
3   27   0.005
3   28   0.161
3   29   0.02
3   30   0.231
3   34   0.006
3   36   0.022
3   37   0.011
3   38   0.016
3   39   0.011
3   40   0.005
3   43   0.132
3   44   0.027
3   45   0.064
3   51   0.154
3   52   0.26
3   65   0.023
3   66   0.117
3   72   0.058
3   73   0.217
3   75   0.049
3   76   0.208
3   77   0.056
4   6   0.055
4   7   0.025
4   8   0.098
4   9   0.085
4   10   0.008
4   12   0.026
4   14   0.109
4   15   0.05
4   20   0.027
4   24   0.001
4   28   0.044
4   34   0.001
4   36   0.137
4   38   0.122
4   47   0.104
4   53   0.014
4   58   0.066
4   61   0.072
4   73   0.264
4   77   0.391
5   6   0.035
5   15   0.001
5   32   0.003
6   7   0.073
6   8   0.012
6   9   0.035
6   10   0.033
6   14   0.022
6   20   0.089
6   23   0.033
6   24   0.005
6   28   0.006
6   29   0.004
6   30   0.033
6   34   0.007
6   36   0.063
6   38   0.046
6   40   0.002
6   41   0.008
6   73   0.12
6   77   0.127
7   8   0.096
7   9   0.053
7   10   0.066
7   12   0.005
7   14   0.046
7   15   0.037
7   17   0.12
7   20   0.021
7   21   0.092
7   23   0.157
7   24   0.039
7   26   0.175
7   27   0.043
7   28   0.044
7   29   0.028
7   30   0.046
7   33   0.044
7   34   0.138
7   35   0.006
7   36   0.21
7   38   0.183
7   39   0.032
7   40   0.041
7   43   0.055
7   58   0.047
7   59   0.164
7   73   0.233
7   76   0.128
7   77   0.223
8   10   0.003
8   12   0.297
8   14   0.01
8   15   0.004
8   17   0.183
8   19   0.243
8   20   0.247
8   21   0.064
8   23   0.111
8   24   0.122
8   26   0.098
8   27   0.106
8   28   0.225
8   29   0.006
8   30   0.117
8   34   0.02
8   38   0.001
8   40   0.001
8   41   0.001
8   73   0.216
8   77   0.283
9   10   0.146
9   12   0.012
9   14   0.111
9   15   0.007
9   20   0.051
9   24   0.084
9   25   0.013
9   26   0.054
9   27   0.05
9   28   0.17
9   29   0.022
9   36   0.008
9   37   0.004
9   38   0.039
9   40   0.003
9   43   0.004
9   45   0.024
9   47   0.019
9   53   0.052
9   56   0.032
9   58   0.007
9   59   0.062
9   61   0.014
9   69   0.013
9   73   0.064
9   76   0.036
9   77   0.035
9   78   0.012
10   12   0.006
10   14   0.006
10   15   0.177
10   20   0.025
10   24   0.033
10   28   0.003
10   29   0.215
10   30   0.007
10   34   0.167
10   35   0.044
10   36   0.378
10   38   0.345
10   40   0.123
10   41   0.115
10   43   0.06
10   53   0.342
10   56   0.176
10   58   0.045
10   73   0.287
10   77   0.378
11   17   0.019
11   18   0.011
11   19   0.027
11   25   0.001
11   26   0.009
11   27   0.005
11   36   0.036
11   37   0.156
11   38   0.114
11   62   0.244
11   75   0.303
11   76   0.269
12   14   0.182
12   15   0.008
12   20   0.039
12   24   0.013
12   29   0.127
12   34   0.198
12   36   0.135
12   38   0.189
12   40   0.013
12   41   0.115
12   53   0.223
12   59   0.253
12   73   0.167
12   77   0.197
13   22   0.067
13   25   0.006
13   26   0.008
13   27   0.001
13   31   0.023
13   34   0.043
13   37   0.038
13   38   0.009
13   44   0.021
13   62   0.172
13   74   0.018
13   75   0.361
13   76   0.173
14   17   0.168
14   19   0.108
14   20   0.142
14   21   0.069
14   23   0.135
14   24   0.093
14   26   0.145
14   27   0.151
14   28   0.138
14   29   0.012
14   30   0.081
14   34   0.013
14   36   0.002
14   73   0.347
14   77   0.237
15   20   0.025
15   22   0.047
15   24   0.018
15   27   0.099
15   28   0.112
15   36   0.053
15   73   0.04
15   77   0.145
16   22   0.037
16   24   0.015
16   27   0.016
16   28   0.002
16   34   0.008
16   36   0.177
16   37   0.02
16   38   0.132
16   39   0.009
16   40   0.072
16   45   0.073
16   52   0.119
16   65   0.176
16   70   0.344
16   71   0.007
16   72   0.237
16   73   0.342
16   76   0.121
16   77   0.269
17   18   0.007
17   19   0.003
17   21   0.235
17   23   0.008
17   24   0.1
17   26   0.001
17   27   0.15
17   28   0.153
17   29   0.091
17   30   0.156
17   33   0.019
17   34   0.022
17   37   0.003
17   38   0.004
17   39   0.026
17   51   0.004
17   52   0.174
17   72   0.037
17   75   0.061
17   76   0.161
18   19   0.009
18   23   0.008
18   27   0.001
18   34   0.099
18   36   0.157
18   37   0.126
18   38   0.212
18   75   0.277
18   76   0.166
19   23   0.036
19   27   0.034
19   29   0.037
19   30   0.092
19   34   0.04
19   36   0.125
19   37   0.051
19   38   0.17
19   39   0.001
19   51   0.063
19   75   0.246
19   76   0.209
20   24   0.002
20   28   0.043
20   29   0.112
20   34   0.041
20   36   0.061
20   38   0.118
20   40   0.005
20   53   0.11
20   58   0.019
20   61   0.075
20   73   0.218
20   77   0.273
21   22   0.153
21   23   0.02
21   24   0.007
21   26   0.108
21   27   0.064
21   28   0.015
21   29   0.003
21   33   0.011
21   34   0.033
21   35   0.042
21   36   0.186
21   37   0.001
21   38   0.143
21   39   0.071
21   40   0.121
21   43   0.109
21   45   0.124
21   65   0.348
21   70   0.404
21   71   0.035
21   72   0.301
21   73   0.362
21   76   0.513
21   77   0.222
21   78   0.073
21   79   0.14
21   84   0.086
22   23   0.122
22   24   0.063
22   25   0.106
22   27   0.067
22   28   0.006
22   36   0.066
22   37   0.057
22   38   0.168
22   43   0.018
22   52   0.04
22   65   0.037
22   70   0.067
22   71   0.001
22   72   0.02
22   73   0.005
22   75   0.123
22   76   0.072
22   77   0.017
23   24   0.011
23   26   0.002
23   27   0.093
23   28   0.055
23   29   0.06
23   30   0.085
23   33   0.033
23   34   0.022
23   35   0.015
23   36   0.176
23   37   0.02
23   38   0.111
23   39   0.054
23   40   0.143
23   43   0.277
23   45   0.175
23   46   0.084
23   52   0.161
23   65   0.327
23   70   0.235
23   71   0.031
23   72   0.36
23   73   0.306
23   76   0.224
23   77   0.174
23   84   0.078
24   25   0.282
24   26   0.06
24   27   0.13
24   28   0.014
24   29   0.092
24   30   0.03
24   33   0.052
24   34   0.054
24   36   0.121
24   37   0.045
24   38   0.095
24   39   0.002
24   40   0.005
24   43   0.312
24   45   0.325
24   47   0.166
24   51   0.006
24   52   0.16
24   53   0.179
24   55   0.107
24   56   0.27
24   58   0.033
24   59   0.246
24   61   0.122
24   63   0.268
24   65   0.28
24   70   0.334
24   71   0.057
24   72   0.152
24   73   0.491
24   76   0.218
24   77   0.6
24   78   0.222
24   79   0.143
24   83   0.277
25   26   0.002
25   27   0.138
25   31   0.001
25   37   0.046
25   38   0.023
25   45   0.061
25   51   0.012
25   62   0.108
25   74   0.034
25   75   0.153
25   76   0.144
26   28   0.134
26   29   0.045
26   30   0.172
26   31   0.014
26   34   0.055
26   36   0.101
26   37   0.081
26   38   0.104
26   43   0.188
26   44   0.092
26   45   0.114
26   46   0.021
26   51   0.188
26   52   0.086
26   60   0.151
26   62   0.253
26   66   0.11
26   67   0.309
26   68   0.231
26   72   0.081
26   73   0.033
26   74   0.088
26   75   0.366
26   76   0.264
26   80   0.298
26   83   0.056
26   84   0.034
27   28   0.255
27   29   0.063
27   30   0.226
27   34   0.058
27   35   0.011
27   36   0.181
27   37   0.112
27   38   0.112
27   39   0.045
27   40   0.054
27   43   0.134
27   44   0.123
27   45   0.143
27   46   0.085
27   51   0.023
27   52   0.22
27   56   0.158
27   58   0.072
27   60   0.146
27   62   0.229
27   65   0.015
27   66   0.158
27   67   0.136
27   68   0.213
27   70   0.091
27   71   0.004
27   72   0.198
27   73   0.18
27   74   0.061
27   75   0.3
27   76   0.215
27   77   0.071
27   79   0.26
27   80   0.304
27   83   0.064
27   84   0.158
28   29   0.167
28   30   0.024
28   33   0.109
28   34   0.104
28   35   0.067
28   36   0.132
28   37   0.001
28   38   0.225
28   39   0.124
28   40   0.042
28   41   0.115
28   43   0.282
28   45   0.383
28   47   0.14
28   52   0.196
28   53   0.32
28   55   0.208
28   56   0.268
28   57   0.249
28   58   0.12
28   59   0.367
28   61   0.154
28   63   0.318
28   65   0.261
28   69   0.26
28   70   0.224
28   71   0.01
28   72   0.193
28   73   0.532
28   76   0.342
28   77   0.49
28   78   0.161
28   79   0.153
28   83   0.036
28   84   0.185
29   30   0.003
29   34   0.018
29   36   0.014
29   40   0.002
29   43   0.117
29   73   0.165
29   77   0.183
30   33   0.023
30   34   0.01
30   38   0.024
30   39   0.005
30   40   0.004
30   76   0.245
31   37   0.01
31   38   0.066
31   62   0.199
31   75   0.34
31   76   0.224
31   80   0.254
32   34   0.021
32   36   0.037
32   41   0.051
33   34   0.005
33   38   0.011
34   36   0.068
34   37   0.078
34   38   0.016
34   39   0.046
34   40   0.015
34   41   0.006
34   73   0.096
34   75   0.066
34   76   0.04
34   77   0.21
35   36   0.058
35   37   0.014
35   38   0.033
35   39   0.004
35   41   0.007
35   43   0.004
35   44   0.012
35   46   0.014
35   72   0.038
35   77   0.112
36   38   0.001
36   41   0.016
36   43   0.014
36   45   0.243
36   46   0.151
36   47   0.019
36   51   0.004
36   52   0.119
36   56   0.119
36   58   0.004
36   65   0.083
36   70   0.136
36   71   0.035
36   72   0.149
36   73   0.216
36   75   0.125
36   76   0.127
36   77   0.175
36   83   0.017
37   38   0.002
37   39   0.042
37   40   0.006
37   43   0.216
37   44   0.018
37   45   0.126
37   51   0.008
37   52   0.071
37   62   0.077
37   74   0.03
37   75   0.15
37   76   0.14
37   80   0.086
37   84   0.071
38   39   0.012
38   40   0.002
38   41   0.008
38   43   0.288
38   44   0.015
38   45   0.105
38   46   0.009
38   51   0.008
38   52   0.087
38   56   0.101
38   62   0.024
38   71   0.049
38   72   0.075
38   73   0.225
38   75   0.132
38   76   0.124
38   77   0.19
38   83   0.036
38   84   0.035
39   40   0.036
39   43   0.025
39   75   0.048
39   84   0.016
40   41   0.038
40   43   0.008
40   47   0.04
40   58   0.005
40   59   0.094
40   61   0.034
40   73   0.128
40   77   0.166
43   44   0.007
43   45   0.004
43   46   0.066
43   47   0.005
43   48   0.001
43   51   0.01
43   52   0.066
43   53   0.157
43   55   0.163
43   56   0.127
43   57   0.014
43   58   0.002
43   59   0.167
43   61   0.025
43   63   0.043
43   64   0.025
43   65   0.143
43   67   0.082
43   68   0.053
43   69   0.068
43   70   0.134
43   71   0.07
43   72   0.132
43   73   0.175
43   75   0.082
43   76   0.139
43   77   0.176
43   78   0.066
43   79   0.001
43   83   0.022
43   84   0.029
44   45   0.004
44   46   0.062
44   47   0.041
44   49   0.01
44   51   0.032
44   56   0.113
44   60   0.113
44   62   0.13
44   65   0.016
44   66   0.026
44   67   0.079
44   68   0.008
44   70   0.009
44   71   0.03
44   72   0.036
44   73   0.039
44   75   0.039
44   76   0.067
44   77   0.002
44   80   0.016
44   83   0.005
44   84   0.01
45   47   0.04
45   48   0.028
45   49   0.023
45   50   0.071
45   51   0.015
45   52   0.025
45   53   0.165
45   55   0.08
45   56   0.21
45   57   0.002
45   58   0.041
45   59   0.247
45   60   0.087
45   61   0.136
45   62   0.07
45   63   0.001
45   65   0.148
45   66   0.017
45   67   0.16
45   68   0.12
45   69   0.09
45   70   0.131
45   71   0.09
45   72   0.119
45   73   0.158
45   74   0.001
45   75   0.172
45   76   0.098
45   77   0.339
45   79   0.023
45   80   0.052
45   82   0.093
45   83   0.064
45   84   0.007
46   47   0.002
46   48   0.083
46   52   0.011
46   56   0.044
46   65   0.082
46   66   0.021
46   67   0.137
46   68   0.042
46   70   0.078
46   72   0.148
46   73   0.017
46   75   0.141
46   76   0.117
46   77   0.048
46   79   0.007
46   83   0.071
46   84   0.01
47   48   0.001
47   52   0.058
47   53   0.038
47   55   0.046
47   56   0.112
47   57   0.005
47   58   0.003
47   59   0.167
47   61   0.017
47   63   0.004
47   64   0.001
47   69   0.013
47   71   0.003
47   72   0.234
47   73   0.001
47   76   0.09
47   77   0.109
47   78   0.016
47   79   0.022
47   83   0.019
47   84   0.014
48   54   0.007
48   55   0.001
48   59   0.03
48   61   0.004
48   63   0.004
48   73   0.008
48   77   0.054
48   81   0.004
48   83   0.008
49   60   0.017
50   56   0.005
50   57   0.077
50   59   0.085
50   63   0.073
50   77   0.048
50   78   0.001
50   79   0.022
50   83   0.034
51   58   0.012
51   71   0.005
51   73   0.109
51   74   0.004
51   75   0.007
51   76   0.032
52   56   0.236
52   66   0.011
52   68   0.059
52   70   0.073
52   72   0.051
52   73   0.004
52   77   0.133
52   79   0.139
52   83   0.145
52   84   0.066
53   55   0.064
53   56   0.021
53   57   0.192
53   58   0.11
53   59   0.022
53   61   0.05
53   63   0.233
53   69   0.005
53   73   0.005
53   77   0.022
53   78   0.188
53   83   0.099
54   55   0.003
55   56   0.186
55   57   0.01
55   58   0.025
55   59   0.104
55   63   0.084
55   64   0.002
55   69   0.109
55   73   0.101
55   77   0.022
55   78   0.031
55   83   0.013
56   57   0.188
56   58   0.197
56   59   0.086
56   63   0.09
56   66   0.117
56   68   0.13
56   69   0.01
56   70   0.087
56   72   0.244
56   73   0.034
56   75   0.125
56   76   0.117
56   77   0.016
56   78   0.053
56   79   0.039
56   82   0.101
56   83   0.164
57   59   0.004
57   61   0.124
57   63   0.052
57   64   0.009
57   66   0.17
57   69   0.099
57   70   0.089
57   72   0.186
57   73   0.097
57   75   0.15
57   76   0.09
57   77   0.15
57   78   0.002
57   79   0.08
58   59   0.129
58   61   0.035
58   63   0.148
58   64   0.007
58   69   0.09
58   71   0.005
58   73   0.103
58   74   0.028
58   76   0.01
58   77   0.23
58   78   0.047
58   83   0.09
59   63   0.002
59   64   0.048
59   69   0.011
59   73   0.039
59   77   0.162
59   78   0.256
59   83   0.2
60   62   0.002
60   66   0.011
60   67   0.001
60   68   0.011
60   75   0.001
60   76   0.019
60   83   0.004
61   63   0.137
61   64   0.003
61   69   0.008
61   73   0.002
61   77   0.036
61   78   0.187
61   83   0.184
62   75   0.003
62   76   0.004
63   66   0.085
63   68   0.243
63   69   0.271
63   70   0.105
63   72   0.161
63   73   0.166
63   75   0.106
63   76   0.229
63   77   0.361
63   79   0.117
63   83   0.002
64   69   0.06
64   71   0.012
64   73   0.017
64   76   0.047
64   77   0.129
65   71   0.023
65   72   0.016
65   73   0.001
65   77   0.008
65   79   0.008
65   84   0.004
66   67   0.046
66   68   0.013
66   70   0.054
66   72   0.003
66   73   0.085
66   75   0.003
66   76   0.139
66   77   0.06
66   78   0.051
66   79   0.314
66   83   0.005
67   72   0.061
67   75   0.005
67   76   0.017
67   83   0.008
68   70   0.063
68   72   0.08
68   75   0.012
68   76   0.04
68   77   0.045
68   79   0.247
68   83   0.041
69   73   0.003
69   77   0.065
69   78   0.107
69   83   0.162
70   71   0.035
70   72   0.028
70   73   0.026
70   75   0.083
70   76   0.004
70   77   0.068
70   78   0.008
70   79   0.019
70   82   0.095
70   83   0.001
70   84   0.084
71   72   0.038
71   73   0.053
71   74   0.019
71   76   0.015
71   77   0.05
72   73   0.001
72   75   0.001
72   77   0.229
72   78   0.085
72   79   0.211
72   83   0.001
72   84   0.027
73   74   0.173
73   76   0.089
73   77   0.008
73   78   0.148
73   79   0.057
73   83   0.09
73   84   0.078
74   76   0.092
75   76   0.024
75   77   0.052
75   78   0.109
75   79   0.152
75   80   0.014
75   83   0.117
75   84   0.057
76   77   0.08
76   78   0.122
76   79   0.323
76   80   0.003
76   83   0.091
76   84   0.034
77   78   0.21
77   79   0.067
77   82   0.293
77   83   0.271
77   84   0.111
78   79   0.008
78   81   0.004
78   82   0.025
78   83   0.002
79   82   0.043
79   83   0.049
81   83   0.003
82   83   0.073
