1   23   0.012
1   24   0.040999999999999995
1   33   0.039999999999999994
1   34   0.034
1   44   0.035
1   65   0.027
1   73   0.046
1   77   0.028
2   3   0.022000000000000002
2   5   0.021
2   9   0.016
2   21   0.013999999999999999
2   22   0.05800000000000001
2   24   0.023000000000000003
2   27   0.032
2   30   0.033
2   31   0.012
2   43   0.041999999999999996
2   44   0.07300000000000001
2   46   0.094
2   48   0.023999999999999997
2   51   0.047
2   52   0.051000000000000004
2   53   0.013000000000000001
2   56   0.018
2   60   0.030999999999999996
2   62   0.046
2   66   0.083
2   68   0.016
2   70   0.023000000000000003
2   73   0.013000000000000001
2   75   0.026
2   76   0.026
2   77   0.028
2   80   0.038000000000000006
2   83   0.030000000000000002
3   6   0.08900000000000001
3   9   0.021
3   10   0.023000000000000003
3   16   0.016
3   22   0.018
3   23   0.013000000000000001
3   27   0.030000000000000002
3   30   0.013000000000000001
3   43   0.027
3   44   0.030999999999999996
3   45   0.015
3   46   0.053000000000000005
3   47   0.082
3   50   0.034
3   51   0.052000000000000005
3   54   0.013000000000000001
3   56   0.019
3   59   0.012
3   60   0.015
3   64   0.021
3   66   0.018
3   76   0.05600000000000001
3   83   0.096
3   84   0.035
4   6   0.045
4   7   0.126
4   8   0.043
4   15   0.013999999999999999
4   34   0.069
4   41   0.032
4   47   0.098
4   48   0.035
4   53   0.041999999999999996
4   54   0.017
4   55   0.059
4   56   0.059
4   57   0.097
4   58   0.029
4   59   0.029
4   63   0.08
4   64   0.064
4   73   0.069
4   77   0.02
4   78   0.067
4   83   0.03899999999999999
5   6   0.036000000000000004
5   9   0.013999999999999999
5   15   0.018
5   21   0.021
5   25   0.012
5   27   0.013000000000000001
5   29   0.023000000000000003
5   30   0.022000000000000002
5   32   0.016
5   35   0.033
5   37   0.021
5   38   0.015
5   40   0.039999999999999994
5   46   0.082
5   47   0.114
5   54   0.023000000000000003
5   55   0.017
5   56   0.022000000000000002
5   59   0.024999999999999998
5   64   0.027
5   72   0.028
5   73   0.05800000000000001
5   77   0.030999999999999996
5   84   0.024999999999999998
6   9   0.091
6   15   0.047
6   17   0.05600000000000001
6   18   0.023999999999999997
6   19   0.054000000000000006
6   20   0.033
6   21   0.016
6   23   0.065
6   24   0.02
6   26   0.059
6   27   0.030000000000000002
6   36   0.051000000000000004
6   38   0.015
6   40   0.038000000000000006
6   43   0.067
6   45   0.013999999999999999
6   47   0.185
6   48   0.068
6   53   0.049
6   54   0.047
6   55   0.037000000000000005
6   56   0.08
6   58   0.033
6   59   0.017
6   61   0.046
6   63   0.021
6   64   0.081
6   73   0.035
6   77   0.05
6   78   0.02
6   83   0.030999999999999996
6   84   0.040999999999999995
7   8   0.16499999999999998
7   12   0.021
7   14   0.077
7   15   0.052000000000000005
7   20   0.084
7   28   0.040999999999999995
7   30   0.078
7   34   0.085
7   36   0.07200000000000001
7   40   0.048
7   41   0.08
7   43   0.053000000000000005
7   44   0.038000000000000006
7   47   0.05700000000000001
7   48   0.038000000000000006
7   50   0.024999999999999998
7   53   0.062
7   54   0.046
7   55   0.036000000000000004
7   56   0.044
7   57   0.064
7   58   0.048
7   59   0.041999999999999996
7   63   0.043
7   64   0.082
7   70   0.030999999999999996
7   73   0.07100000000000001
7   76   0.027
7   77   0.05800000000000001
7   78   0.078
7   83   0.062
7   84   0.040999999999999995
8   9   0.099
8   12   0.096
8   15   0.043
8   20   0.048
8   24   0.095
8   27   0.03899999999999999
8   28   0.036000000000000004
8   33   0.013000000000000001
8   34   0.021
8   36   0.03899999999999999
8   40   0.032
8   43   0.09
8   45   0.026
8   47   0.111
8   48   0.05800000000000001
8   49   0.03899999999999999
8   51   0.021
8   53   0.07
8   54   0.054000000000000006
8   55   0.039999999999999994
8   56   0.10300000000000001
8   57   0.026
8   58   0.051000000000000004
8   59   0.098
8   61   0.05700000000000001
8   63   0.032
8   64   0.045
8   65   0.05500000000000001
8   67   0.023999999999999997
8   69   0.059
8   72   0.018
8   73   0.111
8   75   0.013000000000000001
8   76   0.019
8   77   0.101
8   78   0.05700000000000001
8   81   0.016
8   83   0.032
8   84   0.034
9   10   0.013999999999999999
9   14   0.029
9   15   0.028
9   16   0.030000000000000002
9   21   0.028
9   25   0.032
9   34   0.049
9   43   0.035
9   44   0.02
9   45   0.030999999999999996
9   47   0.13299999999999998
9   48   0.097
9   49   0.013999999999999999
9   54   0.038000000000000006
9   55   0.049
9   56   0.07200000000000001
9   57   0.096
9   58   0.027
9   59   0.012
9   60   0.022000000000000002
9   62   0.019
9   63   0.05500000000000001
9   64   0.148
9   66   0.027
9   70   0.012
9   73   0.05600000000000001
9   77   0.063
9   78   0.05500000000000001
9   80   0.045
9   83   0.084
9   84   0.016
10   15   0.051000000000000004
10   20   0.018
10   23   0.013999999999999999
10   34   0.037000000000000005
10   36   0.034
10   38   0.019
10   40   0.094
10   41   0.028
10   43   0.018
10   47   0.111
10   48   0.030000000000000002
10   49   0.013000000000000001
10   53   0.021
10   54   0.038000000000000006
10   55   0.02
10   56   0.032
10   57   0.036000000000000004
10   58   0.021
10   63   0.013999999999999999
10   64   0.030999999999999996
10   73   0.027
10   74   0.026
10   84   0.036000000000000004
11   29   0.017
11   30   0.030999999999999996
11   34   0.097
11   35   0.036000000000000004
11   62   0.032
11   64   0.013000000000000001
11   71   0.012
11   73   0.026
11   75   0.013000000000000001
11   80   0.05700000000000001
12   14   0.023000000000000003
12   20   0.052000000000000005
12   30   0.07100000000000001
12   34   0.063
12   36   0.035
12   43   0.043
12   47   0.19899999999999998
12   48   0.067
12   53   0.043
12   54   0.034
12   55   0.08600000000000001
12   56   0.10400000000000001
12   57   0.097
12   58   0.024999999999999998
12   59   0.051000000000000004
12   60   0.032
12   63   0.069
12   64   0.05700000000000001
12   72   0.016
12   73   0.097
12   77   0.036000000000000004
12   78   0.017
12   83   0.039999999999999994
13   16   0.013000000000000001
13   21   0.024999999999999998
13   27   0.047
13   29   0.013999999999999999
13   31   0.026
13   35   0.015
13   36   0.016
13   37   0.036000000000000004
13   44   0.052000000000000005
13   60   0.069
13   62   0.188
13   63   0.013999999999999999
13   64   0.029
13   72   0.041999999999999996
13   73   0.016
13   74   0.015
13   75   0.044
13   80   0.098
14   15   0.016
14   24   0.05600000000000001
14   27   0.028
14   30   0.013000000000000001
14   34   0.03899999999999999
14   36   0.022000000000000002
14   40   0.043
14   43   0.029
14   44   0.030999999999999996
14   53   0.024999999999999998
14   56   0.019
14   58   0.023000000000000003
14   59   0.030999999999999996
14   64   0.063
14   71   0.013000000000000001
14   73   0.08800000000000001
14   77   0.067
14   78   0.027
14   83   0.05700000000000001
14   84   0.017
15   16   0.053000000000000005
15   17   0.030000000000000002
15   19   0.019
15   20   0.015
15   21   0.048
15   22   0.021
15   23   0.07
15   24   0.012
15   25   0.029
15   30   0.02
15   34   0.035
15   36   0.02
15   37   0.034
15   40   0.053000000000000005
15   43   0.125
15   44   0.05
15   45   0.035
15   47   0.241
15   52   0.017
15   53   0.040999999999999995
15   54   0.08800000000000001
15   55   0.063
15   56   0.018
15   57   0.095
15   58   0.043
15   59   0.19699999999999998
15   61   0.076
15   62   0.013000000000000001
15   64   0.054000000000000006
15   65   0.038000000000000006
15   69   0.040999999999999995
15   70   0.040999999999999995
15   72   0.05800000000000001
15   73   0.12100000000000001
15   77   0.12400000000000001
15   78   0.051000000000000004
15   81   0.02
15   83   0.035
16   17   0.041999999999999996
16   22   0.05600000000000001
16   23   0.040999999999999995
16   29   0.044
16   30   0.030999999999999996
16   33   0.030999999999999996
16   35   0.16799999999999998
16   36   0.05800000000000001
16   37   0.027
16   38   0.1
16   39   0.043
16   40   0.098
16   43   0.032
16   44   0.068
16   45   0.040999999999999995
16   46   0.045
16   47   0.06
16   64   0.024999999999999998
16   71   0.061
16   76   0.018
16   83   0.111
16   84   0.149
17   21   0.13299999999999998
17   23   0.05700000000000001
17   27   0.026
17   28   0.03899999999999999
17   30   0.026
17   35   0.017
17   39   0.040999999999999995
17   43   0.044
17   44   0.045
17   45   0.05600000000000001
17   46   0.052000000000000005
17   47   0.013000000000000001
17   48   0.023000000000000003
17   52   0.021
17   56   0.05700000000000001
17   63   0.032
17   65   0.033
17   66   0.046
17   67   0.051000000000000004
17   68   0.028
17   69   0.018
17   70   0.013999999999999999
17   72   0.024999999999999998
17   76   0.024999999999999998
17   77   0.023000000000000003
17   79   0.05700000000000001
17   83   0.10500000000000001
17   84   0.033
18   26   0.012
18   34   0.068
18   35   0.021
18   36   0.018
18   39   0.098
18   44   0.03899999999999999
18   45   0.02
18   46   0.018
18   56   0.029
18   67   0.012
18   75   0.028
18   79   0.012
18   80   0.079
19   21   0.015
19   23   0.018
19   30   0.013999999999999999
19   34   0.082
19   35   0.047
19   38   0.024999999999999998
19   39   0.109
19   43   0.045
19   44   0.07
19   45   0.027
19   46   0.085
19   47   0.027
19   51   0.021
19   68   0.022000000000000002
19   72   0.018
19   75   0.023000000000000003
19   76   0.016
19   80   0.017
20   28   0.022000000000000002
20   34   0.026
20   36   0.017
20   41   0.02
20   47   0.10200000000000001
20   49   0.016
20   52   0.013000000000000001
20   55   0.023999999999999997
20   56   0.036000000000000004
20   57   0.045
20   63   0.024999999999999998
20   73   0.012
21   23   0.08900000000000001
21   26   0.036000000000000004
21   27   0.043
21   28   0.032
21   29   0.013999999999999999
21   34   0.022000000000000002
21   35   0.015
21   40   0.067
21   41   0.07100000000000001
21   43   0.030999999999999996
21   44   0.024999999999999998
21   46   0.017
21   47   0.066
21   52   0.019
21   54   0.02
21   57   0.015
21   64   0.052000000000000005
21   66   0.017
21   71   0.018
21   76   0.08900000000000001
21   83   0.033
21   84   0.092
22   23   0.05
22   25   0.05600000000000001
22   27   0.075
22   32   0.023999999999999997
22   36   0.016
22   37   0.023000000000000003
22   39   0.013999999999999999
22   40   0.022000000000000002
22   43   0.093
22   44   0.152
22   45   0.054000000000000006
22   46   0.033
22   47   0.067
22   49   0.02
22   50   0.043
22   51   0.012
22   52   0.022000000000000002
22   56   0.048
22   58   0.016
22   60   0.043
22   61   0.016
22   62   0.013000000000000001
22   64   0.023000000000000003
22   66   0.063
22   68   0.013000000000000001
22   70   0.032
22   71   0.08700000000000001
22   72   0.027
22   73   0.054000000000000006
22   76   0.030999999999999996
22   77   0.028
22   78   0.05
22   83   0.098
22   84   0.05600000000000001
23   26   0.013999999999999999
23   27   0.23299999999999998
23   28   0.013000000000000001
23   30   0.045
23   35   0.10200000000000001
23   36   0.12999999999999998
23   38   0.037000000000000005
23   39   0.038000000000000006
23   40   0.07200000000000001
23   41   0.019
23   43   0.107
23   44   0.152
23   45   0.05800000000000001
23   46   0.07200000000000001
23   47   0.13199999999999998
23   52   0.039999999999999994
23   54   0.049
23   58   0.013999999999999999
23   60   0.036000000000000004
23   64   0.015
23   65   0.052000000000000005
23   66   0.023999999999999997
23   67   0.027
23   68   0.018
23   71   0.098
23   72   0.032
23   73   0.028
23   75   0.023999999999999997
23   76   0.215
23   77   0.051000000000000004
23   78   0.018
23   83   0.062
23   84   0.147
24   25   0.05500000000000001
24   29   0.054000000000000006
24   30   0.059
24   34   0.10500000000000001
24   35   0.048
24   36   0.07200000000000001
24   37   0.012
24   39   0.027
24   41   0.078
24   43   0.13399999999999998
24   44   0.068
24   45   0.049
24   47   0.19599999999999998
24   48   0.11
24   49   0.02
24   53   0.081
24   54   0.067
24   55   0.047
24   56   0.08800000000000001
24   57   0.106
24   58   0.040999999999999995
24   59   0.09
24   60   0.033
24   61   0.032
24   63   0.08800000000000001
24   64   0.156
24   66   0.030999999999999996
24   71   0.023000000000000003
24   72   0.033
24   73   0.12200000000000001
24   77   0.093
24   78   0.152
24   80   0.013000000000000001
24   81   0.013999999999999999
24   82   0.023999999999999997
24   83   0.145
24   84   0.052000000000000005
25   43   0.019
25   44   0.018
25   53   0.018
25   60   0.026
25   62   0.049
25   66   0.018
25   67   0.02
25   70   0.012
25   72   0.015
25   73   0.023000000000000003
25   74   0.038000000000000006
25   75   0.028
25   80   0.019
26   30   0.063
26   34   0.017
26   35   0.115
26   36   0.026
26   39   0.11
26   40   0.045
26   43   0.09
26   44   0.083
26   45   0.013999999999999999
26   46   0.075
26   47   0.081
26   48   0.013999999999999999
26   51   0.026
26   52   0.013999999999999999
26   57   0.024999999999999998
26   61   0.012
26   62   0.022000000000000002
26   66   0.044
26   68   0.038000000000000006
26   69   0.019
26   70   0.027
26   71   0.013999999999999999
26   72   0.048
26   75   0.049
26   76   0.041999999999999996
26   77   0.05500000000000001
26   79   0.085
26   80   0.066
26   82   0.023999999999999997
26   83   0.082
26   84   0.077
27   28   0.015
27   29   0.033
27   30   0.241
27   31   0.012
27   33   0.026
27   34   0.030000000000000002
27   35   0.126
27   36   0.127
27   37   0.034
27   39   0.12200000000000001
27   40   0.024999999999999998
27   41   0.08
27   42   0.026
27   43   0.076
27   44   0.063
27   45   0.013000000000000001
27   46   0.10200000000000001
27   47   0.11900000000000001
27   48   0.115
27   50   0.067
27   51   0.019
27   52   0.079
27   54   0.05600000000000001
27   56   0.051000000000000004
27   57   0.016
27   63   0.037000000000000005
27   64   0.045
27   66   0.081
27   67   0.013999999999999999
27   68   0.027
27   70   0.024999999999999998
27   71   0.029
27   72   0.028
27   75   0.027
27   76   0.021
27   78   0.039999999999999994
27   79   0.077
27   83   0.11900000000000001
27   84   0.11900000000000001
28   34   0.028
28   35   0.012
28   36   0.05
28   37   0.034
28   39   0.015
28   40   0.05800000000000001
28   41   0.113
28   43   0.054000000000000006
28   44   0.066
28   46   0.023000000000000003
28   47   0.106
28   48   0.12400000000000001
28   51   0.013000000000000001
28   53   0.07200000000000001
28   54   0.012
28   55   0.028
28   56   0.081
28   57   0.108
28   58   0.045
28   59   0.029
28   63   0.08700000000000001
28   64   0.176
28   66   0.012
28   67   0.023999999999999997
28   72   0.021
28   73   0.08600000000000001
28   74   0.08800000000000001
28   76   0.038000000000000006
28   77   0.05
28   78   0.06
28   83   0.1
28   84   0.092
29   35   0.023000000000000003
29   36   0.019
29   40   0.012
29   43   0.013000000000000001
29   47   0.023999999999999997
29   48   0.035
29   54   0.023999999999999997
29   56   0.026
29   57   0.05700000000000001
29   59   0.05500000000000001
29   60   0.02
29   64   0.05600000000000001
29   65   0.052000000000000005
29   72   0.05600000000000001
29   73   0.093
29   76   0.044
29   77   0.07100000000000001
29   78   0.048
29   82   0.029
29   83   0.05600000000000001
29   84   0.081
30   34   0.016
30   41   0.019
30   44   0.048
30   51   0.026
30   52   0.08600000000000001
30   54   0.018
30   55   0.035
30   59   0.021
30   64   0.021
30   66   0.06
30   68   0.012
30   73   0.016
30   75   0.044
30   76   0.19199999999999998
30   83   0.024999999999999998
30   84   0.022000000000000002
31   34   0.02
31   35   0.030999999999999996
31   36   0.021
31   62   0.017
31   64   0.012
31   67   0.012
31   75   0.046
31   80   0.018
31   84   0.048
32   34   0.107
32   36   0.068
32   40   0.08
33   34   0.019
33   35   0.012
33   39   0.015
33   43   0.013999999999999999
33   44   0.023999999999999997
33   46   0.017
33   47   0.032
33   65   0.013999999999999999
33   72   0.018
33   73   0.023999999999999997
33   76   0.05600000000000001
33   77   0.037000000000000005
33   83   0.059
34   35   0.128
34   36   0.076
34   37   0.019
34   40   0.145
34   41   0.015
34   43   0.08900000000000001
34   44   0.016
34   45   0.085
34   46   0.017
34   47   0.144
34   48   0.024999999999999998
34   50   0.013000000000000001
34   51   0.022000000000000002
34   52   0.07200000000000001
34   53   0.013000000000000001
34   55   0.047
34   56   0.062
34   57   0.08700000000000001
34   58   0.054000000000000006
34   59   0.07100000000000001
34   63   0.142
34   64   0.02
34   65   0.109
34   66   0.096
34   67   0.013999999999999999
34   68   0.012
34   70   0.076
34   71   0.07200000000000001
34   72   0.1
34   73   0.17099999999999999
34   75   0.067
34   76   0.061
34   77   0.13499999999999998
34   78   0.067
34   82   0.022000000000000002
34   83   0.051000000000000004
34   84   0.05500000000000001
35   37   0.268
35   39   0.106
35   40   0.063
35   43   0.021
35   44   0.13999999999999999
35   46   0.128
35   47   0.074
35   48   0.07100000000000001
35   52   0.017
35   54   0.029
35   56   0.023000000000000003
35   57   0.017
35   58   0.013999999999999999
35   59   0.052000000000000005
35   65   0.099
35   69   0.024999999999999998
35   70   0.064
35   72   0.127
35   73   0.023999999999999997
35   74   0.06
35   75   0.05700000000000001
35   76   0.095
35   77   0.032
35   81   0.012
35   84   0.13499999999999998
36   37   0.08700000000000001
36   38   0.018
36   39   0.065
36   40   0.297
36   41   0.07
36   43   0.06
36   44   0.1
36   45   0.023999999999999997
36   46   0.081
36   47   0.126
36   48   0.128
36   52   0.026
36   55   0.016
36   56   0.030999999999999996
36   57   0.029
36   58   0.015
36   60   0.039999999999999994
36   64   0.037000000000000005
36   65   0.037000000000000005
36   66   0.022000000000000002
36   67   0.02
36   68   0.018
36   70   0.022000000000000002
36   71   0.045
36   72   0.024999999999999998
36   73   0.038000000000000006
36   75   0.052000000000000005
36   76   0.024999999999999998
36   77   0.07100000000000001
36   78   0.016
36   80   0.032
36   83   0.109
36   84   0.062
37   38   0.024999999999999998
37   39   0.19199999999999998
37   40   0.035
37   41   0.038000000000000006
37   43   0.081
37   44   0.026
37   46   0.097
37   47   0.116
37   51   0.019
37   52   0.038000000000000006
37   54   0.013000000000000001
37   56   0.019
37   63   0.034
37   64   0.046
37   66   0.08600000000000001
37   71   0.061
37   72   0.05
37   75   0.034
37   76   0.019
37   77   0.013999999999999999
37   80   0.015
37   83   0.023999999999999997
37   84   0.295
38   43   0.021
38   44   0.041999999999999996
38   45   0.032
38   46   0.026
38   47   0.037000000000000005
38   48   0.048
38   52   0.027
38   56   0.013000000000000001
38   57   0.023000000000000003
38   65   0.021
38   70   0.033
38   71   0.054000000000000006
38   75   0.012
38   76   0.017
38   84   0.029
39   43   0.084
39   44   0.113
39   45   0.022000000000000002
39   46   0.075
39   47   0.03899999999999999
39   51   0.017
39   52   0.05
39   54   0.028
39   56   0.035
39   64   0.013000000000000001
39   66   0.049
39   68   0.044
39   70   0.02
39   71   0.024999999999999998
39   72   0.024999999999999998
39   75   0.061
39   76   0.08900000000000001
39   77   0.018
39   79   0.036000000000000004
39   84   0.09
40   41   0.030999999999999996
40   43   0.149
40   44   0.078
40   45   0.034
40   46   0.017
40   47   0.313
40   48   0.07100000000000001
40   50   0.03899999999999999
40   52   0.030999999999999996
40   53   0.07300000000000001
40   54   0.075
40   55   0.154
40   56   0.030999999999999996
40   57   0.05700000000000001
40   58   0.06
40   59   0.095
40   60   0.013999999999999999
40   61   0.08
40   63   0.043
40   64   0.07300000000000001
40   65   0.069
40   66   0.017
40   70   0.053000000000000005
40   72   0.06
40   73   0.096
40   76   0.062
40   77   0.16499999999999998
40   78   0.13299999999999998
40   82   0.016
40   83   0.079
40   84   0.07300000000000001
41   43   0.024999999999999998
41   45   0.045
41   47   0.081
41   49   0.040999999999999995
41   56   0.05
41   58   0.028
41   60   0.012
41   65   0.036000000000000004
41   70   0.024999999999999998
41   72   0.030000000000000002
41   73   0.09
41   76   0.039999999999999994
41   77   0.061
41   78   0.027
41   84   0.043
42   43   0.016
42   45   0.017
42   60   0.027
42   61   0.035
43   46   0.096
43   47   0.069
43   48   0.184
43   50   0.021
43   53   0.05700000000000001
43   54   0.035
43   55   0.06
43   56   0.044
43   57   0.067
43   59   0.033
43   60   0.045
43   61   0.021
43   63   0.05500000000000001
43   64   0.021
43   65   0.08700000000000001
43   67   0.013000000000000001
43   69   0.017
43   71   0.02
43   72   0.066
43   73   0.040999999999999995
43   76   0.091
43   77   0.021
43   78   0.094
43   81   0.16599999999999998
43   82   0.024999999999999998
43   83   0.068
44   46   0.16899999999999998
44   47   0.10500000000000001
44   48   0.03899999999999999
44   64   0.054000000000000006
44   65   0.027
44   76   0.016
44   82   0.016
44   83   0.052000000000000005
44   84   0.176
45   62   0.029
45   65   0.092
45   72   0.036000000000000004
46   51   0.030000000000000002
46   54   0.038000000000000006
46   59   0.021
46   60   0.015
46   64   0.015
46   65   0.036000000000000004
46   67   0.05700000000000001
46   68   0.037000000000000005
46   71   0.032
46   72   0.016
46   75   0.09
46   76   0.08600000000000001
46   78   0.023999999999999997
46   80   0.012
46   84   0.125
47   49   0.029
47   51   0.038000000000000006
47   52   0.062
47   53   0.013000000000000001
47   55   0.023000000000000003
47   56   0.027
47   59   0.063
47   65   0.143
47   66   0.026
47   68   0.018
47   70   0.083
47   72   0.10400000000000001
47   74   0.035
47   75   0.030000000000000002
47   76   0.13499999999999998
47   77   0.078
47   79   0.017
47   81   0.067
47   84   0.03899999999999999
48   53   0.066
48   55   0.022000000000000002
48   56   0.11900000000000001
48   58   0.092
48   59   0.145
48   61   0.05700000000000001
48   65   0.047
48   68   0.036000000000000004
48   69   0.026
48   70   0.05800000000000001
48   72   0.067
48   73   0.107
48   76   0.039999999999999994
48   77   0.156
48   78   0.015
48   84   0.012
49   84   0.015
50   53   0.012
50   54   0.015
50   76   0.043
50   78   0.012
50   83   0.023000000000000003
51   57   0.012
51   58   0.019
51   59   0.015
51   61   0.040999999999999995
51   63   0.015
51   64   0.036000000000000004
51   71   0.028
51   79   0.013000000000000001
51   84   0.015
52   55   0.069
52   65   0.016
52   66   0.030999999999999996
52   70   0.013000000000000001
52   72   0.032
52   76   0.012
52   79   0.02
52   83   0.048
52   84   0.023999999999999997
53   55   0.033
53   56   0.037000000000000005
53   57   0.075
53   63   0.048
53   64   0.02
53   65   0.015
53   78   0.029
53   81   0.015
53   83   0.052000000000000005
54   58   0.015
54   61   0.026
54   63   0.013999999999999999
54   71   0.036000000000000004
54   75   0.023000000000000003
54   84   0.027
55   58   0.017
55   63   0.022000000000000002
55   69   0.045
55   70   0.027
55   72   0.063
55   73   0.021
55   75   0.035
56   57   0.032
56   58   0.030999999999999996
56   64   0.033
56   68   0.024999999999999998
56   73   0.046
56   76   0.022000000000000002
56   78   0.022000000000000002
56   79   0.015
56   81   0.013999999999999999
56   83   0.029
57   58   0.027
57   59   0.018
57   61   0.082
57   69   0.076
57   73   0.076
57   76   0.018
57   77   0.033
58   74   0.017
58   81   0.030000000000000002
58   83   0.028
59   64   0.026
59   68   0.013000000000000001
59   74   0.013000000000000001
59   81   0.053000000000000005
59   83   0.028
60   81   0.012
60   83   0.05
61   66   0.023999999999999997
61   69   0.012
61   81   0.036000000000000004
61   83   0.043
62   63   0.013000000000000001
62   76   0.032
62   78   0.029
62   80   0.033
62   83   0.027
63   69   0.029
63   73   0.032
63   78   0.043
64   65   0.03899999999999999
64   69   0.02
64   70   0.048
64   71   0.034
64   72   0.05700000000000001
64   74   0.02
64   77   0.026
64   84   0.019
65   66   0.02
65   72   0.013999999999999999
65   76   0.045
65   78   0.019
65   82   0.030000000000000002
65   83   0.125
65   84   0.075
66   70   0.065
66   71   0.018
66   72   0.077
66   74   0.047
66   83   0.012
66   84   0.035
67   69   0.023000000000000003
67   81   0.038000000000000006
67   83   0.05500000000000001
67   84   0.023000000000000003
68   83   0.101
68   84   0.030000000000000002
69   81   0.023000000000000003
69   83   0.06
70   72   0.017
70   84   0.016
71   72   0.012
71   76   0.013000000000000001
72   76   0.038000000000000006
72   77   0.038000000000000006
72   78   0.013999999999999999
72   79   0.023000000000000003
72   80   0.017
72   82   0.040999999999999995
72   83   0.037000000000000005
72   84   0.039999999999999994
73   74   0.018
73   78   0.041999999999999996
73   81   0.023000000000000003
73   83   0.054000000000000006
73   84   0.023999999999999997
74   83   0.017
75   81   0.034
75   83   0.049
75   84   0.1
76   79   0.12999999999999998
76   83   0.074
76   84   0.08
77   78   0.033
77   81   0.037000000000000005
77   83   0.028
79   83   0.036000000000000004
81   83   0.059
81   84   0.03899999999999999
83   84   0.030999999999999996
