1   24   0.053
1   33   0.052
1   34   0.046
1   44   0.047
1   65   0.039
1   73   0.058
1   77   0.04
2   3   0.034
2   5   0.033
2   22   0.07
2   24   0.035
2   27   0.044
2   30   0.045
2   43   0.054
2   44   0.085
2   46   0.106
2   48   0.036
2   51   0.059
2   52   0.063
2   56   0.03
2   60   0.043
2   62   0.058
2   66   0.095
2   70   0.035
2   75   0.038
2   76   0.038
2   77   0.04
2   80   0.05
2   83   0.042
3   6   0.101
3   9   0.033
3   10   0.035
3   22   0.03
3   27   0.042
3   43   0.039
3   44   0.043
3   46   0.065
3   47   0.094
3   50   0.046
3   51   0.064
3   56   0.031
3   64   0.033
3   66   0.03
3   76   0.068
3   83   0.108
3   84   0.047
4   6   0.057
4   7   0.138
4   8   0.055
4   34   0.081
4   41   0.044
4   47   0.11
4   48   0.047
4   53   0.054
4   55   0.071
4   56   0.071
4   57   0.109
4   58   0.041
4   59   0.041
4   63   0.092
4   64   0.076
4   73   0.081
4   77   0.032
4   78   0.079
4   83   0.051
5   6   0.048
5   15   0.03
5   21   0.033
5   29   0.035
5   30   0.034
5   35   0.045
5   37   0.033
5   40   0.052
5   46   0.094
5   47   0.126
5   54   0.035
5   56   0.034
5   59   0.037
5   64   0.039
5   72   0.04
5   73   0.07
5   77   0.043
5   84   0.037
6   9   0.103
6   15   0.059
6   17   0.068
6   18   0.036
6   19   0.066
6   20   0.045
6   23   0.077
6   24   0.032
6   26   0.071
6   27   0.042
6   36   0.063
6   40   0.05
6   43   0.079
6   47   0.197
6   48   0.08
6   53   0.061
6   54   0.059
6   55   0.049
6   56   0.092
6   58   0.045
6   61   0.058
6   63   0.033
6   64   0.093
6   73   0.047
6   77   0.062
6   78   0.032
6   83   0.043
6   84   0.053
7   8   0.177
7   12   0.033
7   14   0.089
7   15   0.064
7   20   0.096
7   28   0.053
7   30   0.09
7   34   0.097
7   36   0.084
7   40   0.06
7   41   0.092
7   43   0.065
7   44   0.05
7   47   0.069
7   48   0.05
7   50   0.037
7   53   0.074
7   54   0.058
7   55   0.048
7   56   0.056
7   57   0.076
7   58   0.06
7   59   0.054
7   63   0.055
7   64   0.094
7   70   0.043
7   73   0.083
7   76   0.039
7   77   0.07
7   78   0.09
7   83   0.074
7   84   0.053
8   9   0.111
8   12   0.108
8   15   0.055
8   20   0.06
8   24   0.107
8   27   0.051
8   28   0.048
8   34   0.033
8   36   0.051
8   40   0.044
8   43   0.102
8   45   0.038
8   47   0.123
8   48   0.07
8   49   0.051
8   51   0.033
8   53   0.082
8   54   0.066
8   55   0.052
8   56   0.115
8   57   0.038
8   58   0.063
8   59   0.11
8   61   0.069
8   63   0.044
8   64   0.057
8   65   0.067
8   67   0.036
8   69   0.071
8   72   0.03
8   73   0.123
8   76   0.031
8   77   0.113
8   78   0.069
8   83   0.044
8   84   0.046
9   14   0.041
9   15   0.04
9   16   0.042
9   21   0.04
9   25   0.044
9   34   0.061
9   43   0.047
9   44   0.032
9   45   0.043
9   47   0.145
9   48   0.109
9   54   0.05
9   55   0.061
9   56   0.084
9   57   0.108
9   58   0.039
9   60   0.034
9   62   0.031
9   63   0.067
9   64   0.16
9   66   0.039
9   73   0.068
9   77   0.075
9   78   0.067
9   80   0.057
9   83   0.096
10   15   0.063
10   20   0.03
10   34   0.049
10   36   0.046
10   38   0.031
10   40   0.106
10   41   0.04
10   43   0.03
10   47   0.123
10   48   0.042
10   53   0.033
10   54   0.05
10   55   0.032
10   56   0.044
10   57   0.048
10   58   0.033
10   64   0.043
10   73   0.039
10   74   0.038
10   84   0.048
11   30   0.043
11   34   0.109
11   35   0.048
11   62   0.044
11   73   0.038
11   80   0.069
12   14   0.035
12   20   0.064
12   30   0.083
12   34   0.075
12   36   0.047
12   43   0.055
12   47   0.211
12   48   0.079
12   53   0.055
12   54   0.046
12   55   0.098
12   56   0.116
12   57   0.109
12   58   0.037
12   59   0.063
12   60   0.044
12   63   0.081
12   64   0.069
12   73   0.109
12   77   0.048
12   83   0.052
13   21   0.037
13   27   0.059
13   31   0.038
13   37   0.048
13   44   0.064
13   60   0.081
13   62   0.2
13   64   0.041
13   72   0.054
13   75   0.056
13   80   0.11
14   24   0.068
14   27   0.04
14   34   0.051
14   36   0.034
14   40   0.055
14   43   0.041
14   44   0.043
14   53   0.037
14   56   0.031
14   58   0.035
14   59   0.043
14   64   0.075
14   73   0.1
14   77   0.079
14   78   0.039
14   83   0.069
15   16   0.065
15   17   0.042
15   19   0.031
15   21   0.06
15   22   0.033
15   23   0.082
15   25   0.041
15   30   0.032
15   34   0.047
15   36   0.032
15   37   0.046
15   40   0.065
15   43   0.137
15   44   0.062
15   45   0.047
15   47   0.253
15   53   0.053
15   54   0.1
15   55   0.075
15   56   0.03
15   57   0.107
15   58   0.055
15   59   0.209
15   61   0.088
15   64   0.066
15   65   0.05
15   69   0.053
15   70   0.053
15   72   0.07
15   73   0.133
15   77   0.136
15   78   0.063
15   81   0.032
15   83   0.047
16   17   0.054
16   22   0.068
16   23   0.053
16   29   0.056
16   30   0.043
16   33   0.043
16   35   0.18
16   36   0.07
16   37   0.039
16   38   0.112
16   39   0.055
16   40   0.11
16   43   0.044
16   44   0.08
16   45   0.053
16   46   0.057
16   47   0.072
16   64   0.037
16   71   0.073
16   76   0.03
16   83   0.123
16   84   0.161
17   21   0.145
17   23   0.069
17   27   0.038
17   28   0.051
17   30   0.038
17   39   0.053
17   43   0.056
17   44   0.057
17   45   0.068
17   46   0.064
17   48   0.035
17   52   0.033
17   56   0.069
17   63   0.044
17   65   0.045
17   66   0.058
17   67   0.063
17   68   0.04
17   69   0.03
17   72   0.037
17   76   0.037
17   77   0.035
17   79   0.069
17   83   0.117
17   84   0.045
18   34   0.08
18   35   0.033
18   36   0.03
18   39   0.11
18   44   0.051
18   45   0.032
18   46   0.03
18   56   0.041
18   75   0.04
18   80   0.091
19   23   0.03
19   34   0.094
19   35   0.059
19   38   0.037
19   39   0.121
19   43   0.057
19   44   0.082
19   45   0.039
19   46   0.097
19   47   0.039
19   51   0.033
19   68   0.034
19   72   0.03
19   75   0.035
20   28   0.034
20   34   0.038
20   41   0.032
20   47   0.114
20   55   0.036
20   56   0.048
20   57   0.057
20   63   0.037
21   23   0.101
21   26   0.048
21   27   0.055
21   28   0.044
21   34   0.034
21   40   0.079
21   41   0.083
21   43   0.043
21   44   0.037
21   47   0.078
21   52   0.031
21   54   0.032
21   64   0.064
21   71   0.03
21   76   0.101
21   83   0.045
21   84   0.104
22   23   0.062
22   25   0.068
22   27   0.087
22   32   0.036
22   37   0.035
22   40   0.034
22   43   0.105
22   44   0.164
22   45   0.066
22   46   0.045
22   47   0.079
22   49   0.032
22   50   0.055
22   52   0.034
22   56   0.06
22   60   0.055
22   64   0.035
22   66   0.075
22   70   0.044
22   71   0.099
22   72   0.039
22   73   0.066
22   76   0.043
22   77   0.04
22   78   0.062
22   83   0.11
22   84   0.068
23   27   0.245
23   30   0.057
23   35   0.114
23   36   0.142
23   38   0.049
23   39   0.05
23   40   0.084
23   41   0.031
23   43   0.119
23   44   0.164
23   45   0.07
23   46   0.084
23   47   0.144
23   52   0.052
23   54   0.061
23   60   0.048
23   65   0.064
23   66   0.036
23   67   0.039
23   68   0.03
23   71   0.11
23   72   0.044
23   73   0.04
23   75   0.036
23   76   0.227
23   77   0.063
23   78   0.03
23   83   0.074
23   84   0.159
24   25   0.067
24   29   0.066
24   30   0.071
24   34   0.117
24   35   0.06
24   36   0.084
24   39   0.039
24   41   0.09
24   43   0.146
24   44   0.08
24   45   0.061
24   47   0.208
24   48   0.122
24   49   0.032
24   53   0.093
24   54   0.079
24   55   0.059
24   56   0.1
24   57   0.118
24   58   0.053
24   59   0.102
24   60   0.045
24   61   0.044
24   63   0.1
24   64   0.168
24   66   0.043
24   71   0.035
24   72   0.045
24   73   0.134
24   77   0.105
24   78   0.164
24   82   0.036
24   83   0.157
24   84   0.064
25   43   0.031
25   44   0.03
25   53   0.03
25   60   0.038
25   62   0.061
25   66   0.03
25   67   0.032
25   73   0.035
25   74   0.05
25   75   0.04
25   80   0.031
26   30   0.075
26   35   0.127
26   36   0.038
26   39   0.122
26   40   0.057
26   43   0.102
26   44   0.095
26   46   0.087
26   47   0.093
26   51   0.038
26   57   0.037
26   62   0.034
26   66   0.056
26   68   0.05
26   69   0.031
26   70   0.039
26   72   0.06
26   75   0.061
26   76   0.054
26   77   0.067
26   79   0.097
26   80   0.078
26   82   0.036
26   83   0.094
26   84   0.089
27   29   0.045
27   30   0.253
27   33   0.038
27   34   0.042
27   35   0.138
27   36   0.139
27   37   0.046
27   39   0.134
27   40   0.037
27   41   0.092
27   42   0.038
27   43   0.088
27   44   0.075
27   46   0.114
27   47   0.131
27   48   0.127
27   50   0.079
27   51   0.031
27   52   0.091
27   54   0.068
27   56   0.063
27   63   0.049
27   64   0.057
27   66   0.093
27   68   0.039
27   70   0.037
27   71   0.041
27   72   0.04
27   75   0.039
27   76   0.033
27   78   0.052
27   79   0.089
27   83   0.131
27   84   0.131
28   34   0.04
28   36   0.062
28   37   0.046
28   40   0.07
28   41   0.125
28   43   0.066
28   44   0.078
28   46   0.035
28   47   0.118
28   48   0.136
28   53   0.084
28   55   0.04
28   56   0.093
28   57   0.12
28   58   0.057
28   59   0.041
28   63   0.099
28   64   0.188
28   67   0.036
28   72   0.033
28   73   0.098
28   74   0.1
28   76   0.05
28   77   0.062
28   78   0.072
28   83   0.112
28   84   0.104
29   35   0.035
29   36   0.031
29   47   0.036
29   48   0.047
29   54   0.036
29   56   0.038
29   57   0.069
29   59   0.067
29   60   0.032
29   64   0.068
29   65   0.064
29   72   0.068
29   73   0.105
29   76   0.056
29   77   0.083
29   78   0.06
29   82   0.041
29   83   0.068
29   84   0.093
30   41   0.031
30   44   0.06
30   51   0.038
30   52   0.098
30   54   0.03
30   55   0.047
30   59   0.033
30   64   0.033
30   66   0.072
30   75   0.056
30   76   0.204
30   83   0.037
30   84   0.034
31   34   0.032
31   35   0.043
31   36   0.033
31   75   0.058
31   80   0.03
31   84   0.06
32   34   0.119
32   36   0.08
32   40   0.092
33   34   0.031
33   44   0.036
33   47   0.044
33   72   0.03
33   73   0.036
33   76   0.068
33   77   0.049
33   83   0.071
34   35   0.14
34   36   0.088
34   37   0.031
34   40   0.157
34   43   0.101
34   45   0.097
34   47   0.156
34   48   0.037
34   51   0.034
34   52   0.084
34   55   0.059
34   56   0.074
34   57   0.099
34   58   0.066
34   59   0.083
34   63   0.154
34   64   0.032
34   65   0.121
34   66   0.108
34   70   0.088
34   71   0.084
34   72   0.112
34   73   0.183
34   75   0.079
34   76   0.073
34   77   0.147
34   78   0.079
34   82   0.034
34   83   0.063
34   84   0.067
35   37   0.28
35   39   0.118
35   40   0.075
35   43   0.033
35   44   0.152
35   46   0.14
35   47   0.086
35   48   0.083
35   54   0.041
35   56   0.035
35   59   0.064
35   65   0.111
35   69   0.037
35   70   0.076
35   72   0.139
35   73   0.036
35   74   0.072
35   75   0.069
35   76   0.107
35   77   0.044
35   84   0.147
36   37   0.099
36   38   0.03
36   39   0.077
36   40   0.309
36   41   0.082
36   43   0.072
36   44   0.112
36   45   0.036
36   46   0.093
36   47   0.138
36   48   0.14
36   52   0.038
36   56   0.043
36   57   0.041
36   60   0.052
36   64   0.049
36   65   0.049
36   66   0.034
36   67   0.032
36   68   0.03
36   70   0.034
36   71   0.057
36   72   0.037
36   73   0.05
36   75   0.064
36   76   0.037
36   77   0.083
36   80   0.044
36   83   0.121
36   84   0.074
37   38   0.037
37   39   0.204
37   40   0.047
37   41   0.05
37   43   0.093
37   44   0.038
37   46   0.109
37   47   0.128
37   51   0.031
37   52   0.05
37   56   0.031
37   63   0.046
37   64   0.058
37   66   0.098
37   71   0.073
37   72   0.062
37   75   0.046
37   76   0.031
37   83   0.036
37   84   0.307
38   43   0.033
38   44   0.054
38   45   0.044
38   46   0.038
38   47   0.049
38   48   0.06
38   52   0.039
38   57   0.035
38   65   0.033
38   70   0.045
38   71   0.066
38   84   0.041
39   43   0.096
39   44   0.125
39   45   0.034
39   46   0.087
39   47   0.051
39   52   0.062
39   54   0.04
39   56   0.047
39   66   0.061
39   68   0.056
39   70   0.032
39   71   0.037
39   72   0.037
39   75   0.073
39   76   0.101
39   77   0.03
39   79   0.048
39   84   0.102
40   41   0.043
40   43   0.161
40   44   0.09
40   45   0.046
40   47   0.325
40   48   0.083
40   50   0.051
40   52   0.043
40   53   0.085
40   54   0.087
40   55   0.166
40   56   0.043
40   57   0.069
40   58   0.072
40   59   0.107
40   61   0.092
40   63   0.055
40   64   0.085
40   65   0.081
40   70   0.065
40   72   0.072
40   73   0.108
40   76   0.074
40   77   0.177
40   78   0.145
40   83   0.091
40   84   0.085
41   43   0.037
41   45   0.057
41   47   0.093
41   49   0.053
41   56   0.062
41   58   0.04
41   65   0.048
41   70   0.037
41   72   0.042
41   73   0.102
41   76   0.052
41   77   0.073
41   78   0.039
41   84   0.055
42   60   0.039
42   61   0.047
43   46   0.108
43   47   0.081
43   48   0.196
43   50   0.033
43   53   0.069
43   54   0.047
43   55   0.072
43   56   0.056
43   57   0.079
43   59   0.045
43   60   0.057
43   61   0.033
43   63   0.067
43   64   0.033
43   65   0.099
43   71   0.032
43   72   0.078
43   73   0.053
43   76   0.103
43   77   0.033
43   78   0.106
43   81   0.178
43   82   0.037
43   83   0.08
44   46   0.181
44   47   0.117
44   48   0.051
44   64   0.066
44   65   0.039
44   83   0.064
44   84   0.188
45   62   0.041
45   65   0.104
45   72   0.048
46   51   0.042
46   54   0.05
46   59   0.033
46   65   0.048
46   67   0.069
46   68   0.049
46   71   0.044
46   75   0.102
46   76   0.098
46   78   0.036
46   84   0.137
47   49   0.041
47   51   0.05
47   52   0.074
47   55   0.035
47   56   0.039
47   59   0.075
47   65   0.155
47   66   0.038
47   68   0.03
47   70   0.095
47   72   0.116
47   74   0.047
47   75   0.042
47   76   0.147
47   77   0.09
47   81   0.079
47   84   0.051
48   53   0.078
48   55   0.034
48   56   0.131
48   58   0.104
48   59   0.157
48   61   0.069
48   65   0.059
48   68   0.048
48   69   0.038
48   70   0.07
48   72   0.079
48   73   0.119
48   76   0.052
48   77   0.168
50   76   0.055
50   83   0.035
51   58   0.031
51   61   0.053
51   64   0.048
51   71   0.04
52   55   0.081
52   66   0.043
52   72   0.044
52   79   0.032
52   83   0.06
52   84   0.036
53   55   0.045
53   56   0.049
53   57   0.087
53   63   0.06
53   64   0.032
53   78   0.041
53   83   0.064
54   61   0.038
54   71   0.048
54   75   0.035
54   84   0.039
55   63   0.034
55   69   0.057
55   70   0.039
55   72   0.075
55   73   0.033
55   75   0.047
56   57   0.044
56   58   0.043
56   64   0.045
56   68   0.037
56   73   0.058
56   76   0.034
56   78   0.034
56   83   0.041
57   58   0.039
57   59   0.03
57   61   0.094
57   69   0.088
57   73   0.088
57   76   0.03
57   77   0.045
58   81   0.042
58   83   0.04
59   64   0.038
59   81   0.065
59   83   0.04
60   83   0.062
61   66   0.036
61   81   0.048
61   83   0.055
62   76   0.044
62   78   0.041
62   80   0.045
62   83   0.039
63   69   0.041
63   73   0.044
63   78   0.055
64   65   0.051
64   69   0.032
64   70   0.06
64   71   0.046
64   72   0.069
64   74   0.032
64   77   0.038
64   84   0.031
65   66   0.032
65   76   0.057
65   78   0.031
65   82   0.042
65   83   0.137
65   84   0.087
66   70   0.077
66   71   0.03
66   72   0.089
66   74   0.059
66   84   0.047
67   69   0.035
67   81   0.05
67   83   0.067
67   84   0.035
68   83   0.113
68   84   0.042
69   81   0.035
69   83   0.072
72   76   0.05
72   77   0.05
72   79   0.035
72   82   0.053
72   83   0.049
72   84   0.052
73   74   0.03
73   78   0.054
73   81   0.035
73   83   0.066
73   84   0.036
75   81   0.046
75   83   0.061
75   84   0.112
76   79   0.142
76   83   0.086
76   84   0.092
77   78   0.045
77   81   0.049
77   83   0.04
79   83   0.048
81   83   0.071
81   84   0.051
83   84   0.043
