1   7   0.0808020068755734
1   8   0.01323068800961987
1   14   0.07847331078354067
1   17   0.16102409941664747
1   21   0.0023943672291720174
1   23   0.045295341067870316
1   28   0.09330448983382297
1   29   0.1313013207217083
1   30   0.1529197407787542
1   34   0.01924318077070773
2   9   0.0784297430280089
2   13   0.026610115102556692
2   17   0.022502918400259888
2   22   0.05853484593510408
2   24   0.022928570125961185
2   25   0.012093455934047936
2   26   0.040275994676243966
2   27   0.019457547123739604
2   36   0.06046503857887357
2   38   0.001043184260850756
2   44   0.03801065004159323
2   51   0.06110946010320658
2   52   0.0239622641966686
2   62   0.08009870087361984
2   75   0.009163092664855162
2   76   0.10997455539981886
3   6   0.14353800754455334
3   7   0.15341058551540332
3   8   0.11352891820549624
3   14   0.04755705463961078
3   17   0.09947550037012493
3   19   0.06654776252421617
3   21   0.07140206660365982
3   23   0.021287112853498928
3   24   0.05910766643337875
3   26   0.05209894541498885
3   27   0.018380812838955447
3   28   0.07459670515883961
3   29   0.05946697116917197
3   30   0.04668102777338341
3   34   0.04857755237046858
3   36   0.07915992454928367
3   37   0.015199277748654184
3   38   0.09321432473327047
3   39   0.06916433168059018
3   40   0.03715191379416676
3   43   0.08678799565697805
3   44   0.0034614515267468167
3   45   0.09189638500817719
3   51   0.08354419077636266
3   52   0.031342156762124436
3   66   0.03756439433783098
3   72   0.06357339172412559
3   73   0.03414168471160862
3   75   0.07318174665087049
3   76   0.01588712769396355
3   77   0.08881973982982175
4   6   0.020268614537184083
4   7   0.11072544416976335
4   8   0.05927607108708605
4   9   0.0763011685727999
4   10   0.033668820933290065
4   12   0.022105405032478792
4   14   0.2050658426674504
4   15   0.08975030980460595
4   20   0.1126981390162595
4   24   0.13276893043994703
4   28   0.041671652275974184
4   34   0.07016684484634904
4   36   0.1188814806979158
4   38   0.13884750033313842
4   40   0.022311395854446286
4   47   0.015039546297116724
4   53   0.1305194155354388
4   73   0.050011625815733755
4   77   0.04265195915693033
5   6   0.02689169936181764
5   12   0.11256352104375807
5   15   0.05100657418082643
5   32   0.06574002928672362
5   40   0.0037855531232658655
5   41   0.1380710082546979
6   7   0.18585226391477794
6   8   0.0016721813907714322
6   9   0.037252581564068944
6   10   0.03554475656800691
6   12   0.009173481245003208
6   14   0.10462330891811479
6   15   0.026147632771383954
6   20   0.09752963990853854
6   23   0.1655005675182791
6   24   0.05832028613163363
6   28   0.03480441253857137
6   29   0.10403616668620644
6   30   0.1293613790806586
6   34   0.1593401972791473
6   36   0.0927819923702405
6   38   0.15304240952905024
6   40   0.03257046658381075
6   41   0.008757699233872521
6   73   0.003253813055687077
6   77   0.0656482500656022
7   8   0.08425781646603603
7   9   0.002936295856188054
7   10   0.04963953153051275
7   12   0.07379970446768033
7   14   0.01078735566248545
7   15   0.0075598570924155055
7   17   0.07485064023930074
7   20   0.11192961068211368
7   21   0.0691194327758546
7   23   0.08597379443039617
7   24   0.015893860641440424
7   26   0.047095231501538194
7   27   0.011540795692189045
7   28   0.01679117405154665
7   29   0.04461532390945785
7   30   0.006575207855003252
7   33   0.0339326885028855
7   34   0.045881376112400965
7   35   0.1559431034204273
7   36   0.04598530174645418
7   38   0.07377161235937313
7   39   0.009174631538888098
7   40   0.07910674111758349
7   43   0.039185415826030516
7   58   0.02833373023300888
7   59   0.003622576720614222
7   73   0.052256077409175344
7   76   0.010944009827104587
7   77   0.0022456530353291773
8   10   0.018925087208738315
8   12   0.10846300796942036
8   14   0.04662785106653128
8   15   0.07812071200879829
8   17   0.0567540958078129
8   20   0.0010960713464173535
8   21   0.0889783493640321
8   23   0.11510644631783169
8   24   0.07272783127018366
8   26   0.10891867881335021
8   27   0.10852473754967448
8   28   0.04476579587714397
8   29   0.016193456546710554
8   30   0.03996869537004787
8   34   0.02799703609288999
8   36   0.045799649366648765
8   38   0.003833401805633885
8   39   0.03050178570982516
8   40   0.12210797257329707
8   41   0.10797526337928048
8   73   0.03631066216273408
8   77   0.10190481653034565
9   10   0.016704473318559912
9   12   0.0455592477584449
9   14   0.06514737966829562
9   15   0.0016134483023392085
9   20   0.059849321206519854
9   22   0.01291596396149328
9   24   0.029267778304821118
9   25   0.01210530197806419
9   26   0.11302879380799258
9   27   0.026963742589185373
9   28   0.04465464342410406
9   29   0.021849870445501438
9   34   0.0036955548218382214
9   36   0.03579615871044563
9   38   0.062449831081698576
9   40   0.08221492312994502
9   43   0.0007898059940337733
9   45   0.08100337152068252
9   47   0.025661814493858803
9   53   0.015473827581432975
9   56   0.14248552959148178
9   58   0.05930765985762552
9   59   0.11977754583162227
9   61   0.06962276005432928
9   69   0.06720744048553096
9   73   0.06409124544038328
9   76   0.05699427776919549
9   77   0.16980823272303122
9   78   0.020131971833810883
10   12   0.003696538698762303
10   14   0.11552741576584447
10   15   0.09417615075488908
10   20   0.00281581125905527
10   23   0.06441193306927152
10   24   0.11678809495070076
10   28   0.038838702925236106
10   29   0.06723044097791973
10   30   0.008598340001677453
10   34   0.022330053341428336
10   35   0.005344446256210898
10   36   0.027531900221816223
10   38   0.01569659226595561
10   40   0.12017983508747511
10   41   0.01856239639497127
10   43   0.062232967439977104
10   53   0.18903912318315172
10   55   0.0026057186404213014
10   56   0.027069170669535993
10   58   0.04098073497111679
10   73   0.0537708016198432
10   77   0.01729522507480627
11   13   0.04129794277138411
11   17   0.03589534719295032
11   18   0.03661980593411366
11   19   0.004323640772293594
11   25   0.03142921648846354
11   26   0.0005054600547869601
11   27   0.11137790714226
11   34   0.04451546308372788
11   36   0.050209730318512016
11   37   0.000395729614962616
11   38   0.04130667290891335
11   62   0.10235674774586871
11   75   0.1376888364969308
11   76   0.04056284426208101
12   14   0.083364969484167
12   15   0.12902229567391205
12   20   0.04501285128034799
12   24   0.03340571164442121
12   28   0.0639869581749008
12   29   0.1512127385323693
12   34   0.08349014782324922
12   36   0.10765704268343108
12   38   0.03243014660061374
12   40   0.039510630863523855
12   41   0.011916684177833268
12   53   0.13663899208196784
12   73   0.027589496672648862
12   77   0.037548567981638824
13   25   0.03625629885227716
13   26   0.14808403664244935
13   27   0.022253427476908734
13   31   0.17393540328453175
13   34   0.10774745128374989
13   37   0.014547517544566475
13   38   0.06170701000511529
13   44   0.04347046686766417
13   62   0.07294092251541398
13   74   0.061439235337832306
13   75   0.1024524826699946
13   76   0.025416949258163003
14   17   0.08495714789279393
14   19   0.14166937137003685
14   20   0.010738328270941335
14   21   0.08527080273789626
14   23   0.11606908864984017
14   24   0.08970900748274212
14   26   0.09083761243297674
14   27   0.0351367224469931
14   28   0.1087350158319575
14   29   0.01885903350860464
14   30   0.03465257323148226
14   34   0.09388965850002885
14   36   0.028203111839340145
14   38   0.10110958256015926
14   40   0.030996050742371398
14   41   0.013434983484352361
14   73   0.05585791842813717
14   77   0.13246617036282313
15   20   0.03362016510285395
15   24   0.11590384205956114
15   27   0.027557003514818112
15   28   0.06655232495281997
15   36   0.026967898321009764
15   40   0.018801239314551993
16   21   0.06508369420390309
16   22   0.014812761619790673
16   23   0.04964084648695111
16   24   0.05907995030924179
16   27   0.023513335603534295
16   28   0.022874824905325008
16   36   0.0335837647311058
16   37   0.029850571834527904
16   38   0.02007064459490356
16   39   0.019594480643037076
16   45   0.12402325555248542
16   52   0.036664181851028994
16   65   0.0027921730812615225
16   70   0.12608961716517522
16   71   0.0739369593109691
16   72   0.06338393175921705
16   73   0.035054443884047645
16   76   0.029116803518428363
16   77   0.10147272612375548
16   79   0.07756225926944645
17   18   0.023885547932151047
17   19   0.11910059521844646
17   21   0.061634578335725124
17   23   0.06369975125518258
17   24   0.06576318177146528
17   26   0.02690950022727474
17   27   0.02418418315985389
17   28   0.08426838945587847
17   29   0.05887657456240925
17   30   0.08254798780961027
17   33   0.05555986689854639
17   34   0.025946544556133745
17   36   0.03923686674074839
17   37   0.009733836597487009
17   38   0.056153383756639086
17   39   0.03429719890733268
17   45   0.11762232683362218
17   51   0.12195190986517511
17   52   0.007115572357794805
17   72   0.038494611481339834
17   75   0.06236074348270436
17   76   0.0016805974031865855
18   19   0.03203692264847717
18   23   0.030081116684057854
18   26   0.01816807064172655
18   27   0.0031274201706922174
18   34   0.040171340084093704
18   36   0.040143599240882656
18   37   0.040104472785746574
18   38   0.0444581035170421
18   39   0.030136737808495098
18   75   0.1242974939055038
18   76   0.14485902025800304
19   23   0.07892438379664538
19   26   0.038026445946583276
19   27   0.08487030171073075
19   29   0.07888518967543148
19   30   0.01906391331178353
19   34   0.01775789262945877
19   36   0.014723677377685871
19   37   0.01334611418368166
19   38   0.0023477182105207835
19   39   0.02509167089840722
19   51   0.10956248855192849
19   75   0.02520042695471427
19   76   0.022149117551871347
20   24   0.11837404516157568
20   28   0.03655994127424021
20   29   0.03982259875670704
20   34   0.08537331186373572
20   36   0.033664594205374446
20   38   0.0069880843628171594
20   40   0.07181161600128712
20   53   0.1284649486318443
20   59   0.0009253619387267955
20   61   0.03440746318195982
20   73   0.11637903045149178
20   77   0.0007729466999212335
21   22   0.05706826382541763
21   23   0.03459711933408418
21   24   0.06885938252981261
21   26   0.008637743259675573
21   27   0.02937055933984084
21   28   0.015097950452233187
21   29   0.08303994588861294
21   30   0.04942453917617711
21   33   0.04320890341753083
21   34   0.00038267920307670153
21   35   0.11414238797742805
21   36   0.012320250750334091
21   37   0.019289428525717408
21   38   0.00030669292796675613
21   39   0.0558619439514038
21   40   0.012257594529878176
21   43   0.13950813168892398
21   45   0.08841198177453821
21   65   0.046788963096523334
21   70   0.030464774157449127
21   71   0.045584490684991714
21   72   0.08141751994101923
21   73   0.05099109522676765
21   76   0.052438467109353994
21   77   0.062252665921545595
21   78   0.037112448736258505
21   79   0.01855714612943582
22   23   0.026359618745246186
22   24   0.11080204165976212
22   25   0.22220616668711862
22   26   0.11299479789815098
22   27   0.012347556619186704
22   28   0.028944207530403263
22   36   0.029373545013925795
22   37   0.00913515863605831
22   38   0.04765892983429934
22   43   0.018312972922661635
22   65   0.13735429767963575
22   70   0.09724458884122857
22   71   0.001230624505691717
22   72   0.11853243851842052
22   73   0.08345366746281783
22   75   0.036322905415210535
22   76   0.05153275550445273
22   77   0.18269608646418692
23   24   0.058255586357317424
23   26   0.07990538770380798
23   27   0.012498856145949921
23   28   0.0010164815972476993
23   29   0.16420615875663422
23   30   0.005626543507402606
23   33   0.05046857824341903
23   34   0.016232245805175266
23   35   0.08692387377362779
23   36   0.008556141205189431
23   37   0.011284468089614674
23   38   0.1011966480583583
23   39   0.0642344382388913
23   40   0.03495531306358718
23   43   0.08563908033423943
23   45   0.1341662874530783
23   46   0.1188441856907852
23   52   0.025091687837486144
23   65   0.04593613761047159
23   70   0.01704848764305285
23   71   0.11879857402741724
23   72   0.025504190481336817
23   73   0.10769615073695643
23   75   0.05597479678782157
23   76   0.04766528552085196
23   77   0.011882344099385381
23   84   0.0342249675200173
24   25   0.07919780759851483
24   26   0.008435421583426956
24   27   0.003203071186688405
24   28   0.029731099712096812
24   29   0.02989273273880189
24   30   0.040194043449716846
24   33   0.017449461963540722
24   34   0.04863594247914697
24   36   0.0720518003199931
24   37   0.00615782051240153
24   38   0.08546828195390277
24   39   0.008883569810957058
24   40   0.0785498621839408
24   43   0.06379588367733487
24   45   0.1320151137546726
24   47   0.05054322539412066
24   52   0.023077185434465814
24   53   0.10897561312184502
24   55   0.067744990152493
24   56   0.0997147007679612
24   58   0.056083296526286186
24   59   0.015004714331862883
24   61   0.044190395231382275
24   63   0.028409802146410333
24   65   0.0974660778499866
24   70   0.1044626274751638
24   71   0.03089556921225309
24   72   0.10621300657493746
24   73   0.006709940692023042
24   75   0.008732099622158538
24   76   0.07683879102350705
24   77   0.11284072562863297
24   78   0.015999730700684046
24   79   0.11527251350713238
24   83   0.05330267361214434
25   26   0.09834702410368992
25   27   0.035097092112136914
25   31   0.05485578493784173
25   37   0.08445524415818177
25   38   0.07388576080113822
25   51   0.046029971160970434
25   62   0.11317787330682197
25   74   0.12739908546516945
25   75   0.03760620723633769
25   76   0.028264441499402885
26   27   0.10367006874035103
26   28   0.03302878880224971
26   29   0.032612920775491716
26   30   0.05798780803310292
26   31   0.12143439234397194
26   34   0.05401830719151601
26   36   0.045178465243396096
26   37   0.058219816551947766
26   38   0.15877059752759487
26   39   0.08029055929266306
26   43   0.015901179888118042
26   44   0.038409308375909085
26   45   0.01178723071408428
26   46   0.012147914167958958
26   51   0.1922162910130724
26   52   0.016817444607496634
26   60   0.04486876031049924
26   62   0.05413962251633358
26   66   0.0016684166899851478
26   67   0.0686244632017441
26   68   0.002893338628752202
26   72   0.015958394457643715
26   74   0.08202253504938327
26   75   0.04474532106154157
26   76   0.022219916929228263
26   80   0.01824459023280479
26   83   0.05163044749823267
26   84   0.08414960093971957
27   28   0.032328041217775084
27   29   0.10246338057984886
27   30   0.07786390936221327
27   31   0.049065855816743414
27   34   0.014934618356283538
27   35   0.09482510979195519
27   36   0.08561684362638296
27   37   8.761623831422313e-05
27   38   0.04023703195355987
27   39   0.028662990043679726
27   40   0.0226300218693357
27   43   0.05336613612907497
27   44   0.015186969985463603
27   45   0.10616998186803758
27   46   0.09726487962266539
27   51   0.09497932225766627
27   52   0.07392177431271726
27   56   0.02637609990427271
27   58   0.0621547455887951
27   60   0.013237468745525472
27   62   0.002848663296371192
27   65   0.03298665305010061
27   66   0.09008102140181394
27   67   0.07285569374447255
27   68   0.014871902053883019
27   70   0.050571115809212704
27   71   0.1710366576774342
27   72   0.013131760225609456
27   73   0.0021932512905880764
27   74   0.09305504186383472
27   75   0.06253607355252287
27   76   0.019583259690799413
27   77   0.17276417753479784
27   79   0.020811880713190387
27   80   0.02936217506284853
27   83   0.1251198802481823
27   84   0.07823190063923821
28   29   0.04214526897657798
28   30   0.01775345597184784
28   33   0.040164158101350746
28   34   0.07489688170435232
28   35   0.059581365130431115
28   36   0.07055764327155621
28   37   0.05923272963352569
28   38   0.18041077020316287
28   39   0.05405949647183728
28   40   0.02495525647445999
28   41   0.010048636335325309
28   43   0.07105570079270658
28   45   0.1447108716419456
28   47   0.01178343990469621
28   52   0.026539879179721
28   53   0.20051222329600946
28   55   0.02500455446417465
28   56   0.07077875947701627
28   58   0.04571712260979173
28   59   0.005575758330381908
28   61   0.05703329228579403
28   63   0.005147347449211043
28   69   0.12743343451761935
28   70   0.04532157157179605
28   71   0.02403615710554458
28   72   0.06293028836250206
28   73   0.09343025860061661
28   76   0.003419154334253186
28   77   0.014409706141170178
28   78   0.04186615497520229
28   79   0.051875049268556746
28   83   0.0973927318153049
28   84   0.13333893401634225
29   30   0.04021182714126674
29   32   0.013844410880584971
29   33   0.022042762907690874
29   34   0.02593592032223685
29   36   0.003422274067728225
29   38   0.07551824577854684
29   40   0.011231396838573172
29   43   0.08186199132245295
29   73   0.04735529385989567
29   77   0.17528352805650074
30   33   0.06501458711722319
30   34   0.003899852031168943
30   36   0.014292670061140317
30   38   0.06689625320541373
30   39   0.04956063016440378
30   40   0.06164852621756219
31   37   0.043847429397002084
31   38   0.012805419630023919
31   62   0.08738006972213593
31   75   0.09985102659095083
31   76   0.029686775754454265
31   80   0.08048184112787785
32   34   0.05679036434309668
32   36   0.05043852271324258
32   41   0.04037877055973822
33   34   0.03466030797178173
33   38   0.15172871181044328
34   36   0.0034639423279809725
34   37   0.02120262595707945
34   38   0.019949105606719898
34   39   0.07785467045665603
34   40   0.04069134858406059
34   41   0.04632053404729508
34   73   0.10094530392428558
34   75   0.005186727844880938
34   76   0.0077046921264993335
34   77   0.06617672619354226
35   36   0.008200022672281445
35   37   0.11667293441959883
35   38   0.008536915299522415
35   41   0.0011140546009912348
35   43   0.21202751093518254
35   44   0.07900122025659286
35   46   0.01674121674083087
35   72   0.19114420040706004
35   77   0.1173019262111542
35   84   0.06290871544305948
36   37   0.04432372287929398
36   38   0.004294507361530457
36   39   0.06554705646702437
36   40   0.09867292442565158
36   41   0.07119777245130365
36   43   0.09481459787986293
36   45   0.06771704505079262
36   46   0.022576875462518287
36   47   0.03973409352725071
36   51   0.03756534139538996
36   52   0.025150780411883157
36   56   0.04362127873844698
36   58   0.040820258290091206
36   59   0.07755960997125007
36   65   0.09973199462516573
36   70   0.041772024656616606
36   71   0.12749686836311713
36   72   0.06413019054447407
36   73   0.028715571447631073
36   75   0.009227305665380759
36   76   0.027643530646527192
36   77   0.08207054092892971
36   83   0.15357032421995942
36   84   0.13286642142793206
37   38   0.01182593471884046
37   39   0.0774854858323166
37   40   0.03885178597042691
37   43   0.06381333105800281
37   44   0.07518140912947402
37   45   0.046442669771922025
37   51   0.05573178035721177
37   62   0.059455836657650106
37   74   0.021078380574991847
37   75   0.02301760727134058
37   76   0.0681381890446253
37   84   0.07757644577456461
38   39   0.04222492104598174
38   40   0.02145915186440665
38   41   0.0004925059101371269
38   43   0.10602368753728877
38   44   0.06531560319802306
38   45   0.07015540182966946
38   46   0.08022680744678656
38   52   0.08359191673479432
38   56   0.02282924820512203
38   62   0.032839874160069824
38   72   0.08125680856937939
38   73   0.0910505731859222
38   75   0.023633727080428595
38   76   0.02827060394897814
38   77   0.05131880185476479
38   83   0.02758311871269993
39   72   0.025802590078963183
39   76   0.004831946400910226
40   41   0.016435094637528156
40   43   0.047631760255398205
40   47   0.05355123998691223
40   58   0.0377034984142722
40   59   0.02294934576215236
40   73   0.12654474605380386
40   77   0.006108500964325196
43   44   0.06405416974930553
43   45   0.04718068445402412
43   46   0.041336328507250594
43   47   0.062180094307693994
43   48   0.02465582212738244
43   51   0.04956765311707003
43   52   0.05550384088977211
43   53   0.11727535624555123
43   55   0.015212447448863832
43   56   0.12864962636193564
43   57   0.05764661494271167
43   58   0.04733538993908956
43   59   0.2222362023733003
43   61   0.03548512875934848
43   63   0.017622951427736167
43   64   0.04011486300305061
43   65   0.012705665078361836
43   66   0.041902677423838394
43   67   0.09253922774298297
43   68   0.18630051648454324
43   69   0.061910774809171704
43   70   0.09367423513725466
43   71   0.004869884192244754
43   72   0.058146462733595417
43   73   0.0018628498581778072
43   75   0.009973378238507653
43   76   0.09724600432674732
43   77   0.21819970502724811
43   78   0.06305532812793818
43   79   0.06183928818495175
43   83   0.03020944993968987
43   84   0.0072088635004757965
44   45   0.014477121143176393
44   46   0.05234004879610432
44   47   0.0002832852959665868
44   49   0.07937826947318848
44   51   0.030949114284781674
44   52   0.09619686838597975
44   56   0.033046643835983484
44   60   0.07867622455507962
44   62   0.0033924476870056154
44   65   0.03521635576773037
44   66   0.06635159049182185
44   67   0.09443626105057035
44   68   0.08154214768247592
44   70   0.07214013766595403
44   71   0.05716146240859676
44   72   0.11797907168895358
44   73   0.038475000185989774
44   75   0.017630090965368495
44   76   0.03755071141858271
44   77   0.06543626886088642
44   80   0.04894171323701863
44   83   0.0007373410743224704
44   84   0.007448384781731422
45   46   0.030984019969723116
45   47   0.0668403301779854
45   48   0.1299163299635893
45   49   0.14215120016087177
45   50   0.006361941690443067
45   51   0.009943124663967899
45   52   0.05533286926463164
45   53   0.12439155244542942
45   55   0.05618492203087398
45   56   0.15160602511790025
45   57   0.0755057336360172
45   58   0.15067315970936646
45   59   0.05441378857784606
45   60   0.09398142465335972
45   61   0.00035994826169013497
45   62   0.04493460474153005
45   63   0.036620356446121945
45   65   0.10294388533960824
45   66   0.05727349194198702
45   67   0.07618223622024352
45   68   0.09683093299231625
45   69   0.005152914144243337
45   70   0.10939032917746898
45   71   0.15572894111703026
45   72   0.10466513445254735
45   73   0.1027158637197717
45   74   0.03390628851319723
45   75   0.06034811867063468
45   76   0.021496618835234262
45   77   0.10999106980742945
45   78   0.0796036075304226
45   79   0.049161798597920005
45   80   0.10332558424287659
45   82   0.03479148736846307
45   83   0.1136520421848532
45   84   0.016728348221985805
46   47   0.07363405116946606
46   48   0.15454731985157655
46   52   0.048713832326888105
46   56   0.11792052315214623
46   63   0.09268373399868342
46   65   0.07745350562947766
46   66   0.0230143567262716
46   67   0.018405998832968853
46   68   0.057111359157452656
46   70   0.1388518040744806
46   72   0.11333788253565441
46   73   0.03546428165973928
46   75   0.08474359901230565
46   76   0.06757981912298018
46   77   0.09299521391109102
46   79   0.11569797997187972
46   83   0.023002517217093
46   84   0.00858199867018496
47   48   0.018116385302943665
47   52   0.1149872461972061
47   53   0.026053307115700492
47   54   0.020739471068236558
47   55   9.346804605694391e-05
47   56   0.004276599242436101
47   57   0.046733470432463925
47   58   0.040704742908699326
47   59   0.19694974377378874
47   61   0.06914491889819231
47   63   0.08747804798070365
47   64   0.14489311600300925
47   69   0.022686277200718787
47   71   0.1274758229809986
47   72   0.0622677189160907
47   73   0.08892675783181613
47   76   0.08256861877206867
47   77   0.1628289814548309
47   78   0.06091667776392813
47   79   0.00826765341903742
47   81   0.09433027309071267
47   83   0.004118940499399243
47   84   0.1280883908869861
48   54   0.00643029806124418
48   55   0.07379926247275928
48   56   0.06523945455212111
48   57   0.00436460387518478
48   59   0.03816963235278459
48   63   0.13350079411300436
48   73   0.018366269615799895
48   77   0.008336543805389219
48   81   0.012413766337576645
48   83   0.06958787712478116
49   60   0.09624974545669106
50   56   0.15351340962580257
50   57   0.004652461645436984
50   59   0.02933790855987747
50   63   0.04186586835828306
50   72   0.14048115211225498
50   77   0.1068558588954341
50   78   0.03395480657009572
50   79   0.02184737172794173
50   83   0.11105131095863482
51   58   0.014742311778685239
51   71   0.11571784634148946
51   73   0.051952716766653084
51   74   0.08849544692545937
51   75   0.08938245071342232
51   76   0.0536247381151183
52   56   0.0755224375362744
52   59   0.07241624165467209
52   66   0.05429371076592748
52   68   0.08084611353957244
52   70   0.13348868468704717
52   72   0.025737969953121425
52   75   0.1486569792226311
52   76   0.03415591601708633
52   77   0.004107464961284598
52   79   0.09736571157608064
52   83   0.11709019847098177
53   55   0.19034463096252632
53   56   0.07331112766694048
53   57   0.05832301509746229
53   58   0.11955551931072585
53   59   0.01867272258097802
53   61   0.09526124550008058
53   63   0.08267054797119867
53   69   0.08086904576591739
53   73   0.041390816360127015
53   77   0.0021464932768055977
53   78   0.0964684292532053
53   83   0.0958371135463209
54   55   0.08525610687790829
54   64   0.0038428508311178695
55   56   0.01564436724838659
55   57   0.04558096360787141
55   58   0.07601939801626575
55   59   0.10531577888776096
55   61   0.09192456195963569
55   63   0.014165089744031965
55   64   0.11663575030507714
55   69   0.04810045012960607
55   73   0.07284831977199438
55   77   0.13317887290659616
55   78   0.018636680619240946
55   83   0.14383373166260668
56   57   0.023025119173120712
56   58   0.013518967101838999
56   59   0.11030235663295922
56   61   0.043931732830102425
56   63   0.03162496036114797
56   66   0.02663222726658667
56   68   0.027276447952337933
56   69   0.06425510679358257
56   70   0.12143529886750974
56   72   0.010239929095298599
56   73   0.09525376257470468
56   75   0.04651726198425176
56   76   0.025911325084149284
56   77   0.0630608860151454
56   78   0.024562677835034033
56   79   0.02314235161125908
56   82   0.01879782616228985
56   83   0.1191899321155021
56   84   0.007999318501977461
57   59   0.07778798822130577
57   61   0.0470015132919665
57   63   0.040450325954512735
57   64   0.053580329469630476
57   66   0.015295217207073764
57   69   0.06503873616497667
57   72   0.1478965545504125
57   73   0.02405525100676322
57   75   0.0030966834595489655
57   76   0.01728980452336493
57   77   0.0015470932416664996
57   78   0.1780229914926455
57   79   0.11057407803371258
57   83   0.02721549516597422
58   59   0.055967629965986455
58   61   0.0021994222341457253
58   63   0.04890082960255206
58   64   0.05582329290827257
58   69   0.024535513514383142
58   71   0.006740798571638212
58   73   4.8486004719041614e-05
58   74   0.034604775419191734
58   76   0.017841444558981276
58   77   0.029764173560825065
58   78   0.1460103109237142
58   83   0.09314688366577417
59   61   0.0715773672674861
59   63   0.09304358380274592
59   64   0.08083382246693835
59   69   0.11273261410550657
59   73   0.021091545069492398
59   77   0.05564885944148952
59   78   0.04359814727186787
59   83   0.1282835853198308
60   62   0.06985789000380167
60   66   0.05700603874817656
60   67   0.05794455178387614
60   68   0.10772639675542528
60   75   0.122968377484726
60   76   0.0759949056716133
60   83   0.0075466993519556855
61   63   0.046639319562348444
61   64   0.004821825702045961
61   69   0.06070198932539389
61   73   0.01772821589640216
61   77   0.11502000912657917
61   78   0.027041511762502215
61   83   0.011430747119140109
62   71   0.032189221977446385
62   74   0.17092286958636047
62   75   0.17759118923301492
62   76   0.022075838670107525
62   83   0.013773097318185209
63   66   0.12387335781069057
63   68   0.038820210974579356
63   69   0.07208125853164803
63   70   0.18070001638921504
63   72   0.12358305252020166
63   73   0.0847658898197201
63   75   0.11284132905124261
63   76   0.040124787061991435
63   77   0.034600369250368995
63   78   0.021961804632057522
63   79   0.08846032930375386
63   83   0.15210170702793077
64   69   0.009143551526393973
64   71   0.03600742205108364
64   73   0.032956145031657474
64   76   0.10353432540969695
64   77   0.030671482158689506
65   70   0.03517198813450062
65   71   0.11476754289048922
65   72   0.024332284164524168
65   73   0.029710811347346797
65   76   0.04545042857370068
65   77   0.17362071175801672
65   79   0.04012695837988087
65   83   0.06324703249455213
65   84   0.10767161623944507
66   67   0.011188313182082058
66   68   0.12648353726979836
66   70   0.08304198215353187
66   72   0.04914897982270993
66   73   0.06377253557647114
66   75   0.10118348571037959
66   76   0.06425608526734364
66   77   0.034422759710200763
66   78   0.10859320147599652
66   79   0.09952239334050361
66   83   0.013326595658665076
67   68   0.052901540349973054
67   72   0.09718783482357124
67   75   0.05067367417306431
67   76   0.013868285613638301
67   83   0.04762153399883069
68   70   0.003145294950347355
68   72   0.014828496533280519
68   75   0.18920059001224668
68   76   0.09195368764006799
68   77   0.043329280009613155
68   79   0.000584076840432359
68   83   0.04600450140244573
69   73   0.0358401678483972
69   77   0.1667202515588069
69   78   0.03214237138469093
69   83   0.0154271960019081
70   71   0.012828798310668124
70   72   0.051074525539233605
70   73   0.18930938967636649
70   75   0.06758467696673008
70   76   0.03568659653301824
70   77   0.10605862761867627
70   78   0.02870780791159107
70   79   0.016634164457905942
70   82   0.03409754944711131
70   83   0.08945263719407519
70   84   0.015338902028665755
71   72   0.05104476542775757
71   73   0.018894076150956948
71   74   0.003988894151043291
71   76   0.06283431538582492
71   77   0.10944186562002102
72   73   0.07169498732738082
72   75   0.018073936509952974
72   76   0.09774023983268287
72   77   0.06796280740055194
72   78   0.01659745266728934
72   79   0.03745265610480811
72   83   0.016309896474072775
72   84   0.07105904422382484
73   74   0.05831051047468809
73   76   0.003922765268781156
73   77   0.016043826204417345
73   78   0.06089740313964826
73   79   0.0429532064773259
73   83   0.06374125102294705
73   84   0.14736178996679827
74   76   0.026702289412395108
75   76   0.022956508322332165
75   77   0.04471748599026349
75   78   0.09232099840528113
75   79   0.04582089718867227
75   80   0.06734076973545641
75   83   0.054798194554027936
75   84   0.022709574087805214
76   77   0.13351383147490584
76   78   0.01703432370680119
76   79   0.015856846220383178
76   80   0.07560681522407177
76   83   0.003970570650297941
76   84   0.006056143826827007
77   78   0.07385919677851653
77   79   0.0031100178893339347
77   82   0.017470049468079077
77   83   0.04426889249952106
77   84   0.009440030039191225
78   79   0.06323401789849445
78   81   0.0021009654398737175
78   82   0.00611361794731703
78   83   0.10960365369173744
79   82   0.0795280986511021
79   83   0.050716813268969915
81   83   0.012827409361362323
82   83   0.014016760461042381
