1   4   0.021
1   13   0.006
1   15   0.004
1   16   0.009
1   18   0.024
1   19   0.013999999999999999
1   22   0.018
1   24   0.006
1   26   0.013999999999999999
1   28   0.012
1   29   0.004999999999999999
1   33   0.01
1   38   0.004999999999999999
1   40   0.008
1   43   0.015
1   46   0.018
1   47   0.006999999999999999
1   51   0.006
1   52   0.008
1   54   0.004
1   55   0.011
1   56   0.013999999999999999
1   58   0.008
1   61   0.026
1   65   0.023
1   66   0.022
1   67   0.004
1   68   0.012
1   73   0.016
1   77   0.031000000000000003
1   78   0.013000000000000001
1   82   0.028
1   83   0.02
2   4   0.006
2   12   0.008
2   14   0.022
2   17   0.004
2   23   0.027
2   25   0.011
2   29   0.018
2   30   0.026
2   33   0.006999999999999999
2   34   0.006999999999999999
2   39   0.004
2   42   0.006999999999999999
2   43   0.026
2   45   0.008
2   46   0.013000000000000001
2   49   0.004999999999999999
2   51   0.006999999999999999
2   56   0.038000000000000006
2   61   0.013999999999999999
2   62   0.004999999999999999
2   65   0.018
2   66   0.015
2   67   0.006
2   69   0.004
2   70   0.004999999999999999
2   72   0.015
2   74   0.01
2   77   0.008
2   80   0.009
2   81   0.01
2   83   0.004999999999999999
3   6   0.004999999999999999
3   7   0.036000000000000004
3   8   0.019
3   9   0.004
3   10   0.006999999999999999
3   13   0.018
3   15   0.004
3   17   0.037000000000000005
3   19   0.062
3   20   0.039999999999999994
3   35   0.013999999999999999
3   36   0.031000000000000003
3   37   0.004
3   40   0.013999999999999999
3   46   0.012
3   53   0.022
3   54   0.013999999999999999
3   62   0.006999999999999999
3   70   0.004999999999999999
3   71   0.071
3   72   0.009
3   80   0.017
3   82   0.012
3   84   0.004
4   5   0.004999999999999999
4   7   0.006999999999999999
4   9   0.01
4   12   0.01
4   13   0.004
4   14   0.032
4   19   0.004999999999999999
4   21   0.022
4   24   0.02
4   26   0.009
4   28   0.008
4   29   0.016
4   31   0.004
4   36   0.004999999999999999
4   40   0.018
4   44   0.012
4   45   0.004999999999999999
4   53   0.012
4   54   0.021
4   55   0.018
4   56   0.008
4   57   0.032
4   58   0.018
4   60   0.004
4   63   0.012
4   66   0.008
4   74   0.004
4   75   0.009
4   81   0.011
4   84   0.006999999999999999
5   12   0.016
5   18   0.004
5   22   0.016
5   23   0.011
5   24   0.011
5   32   0.018
5   33   0.008
5   37   0.01
5   38   0.016
5   39   0.033
5   42   0.01
5   43   0.008
5   44   0.012
5   48   0.011
5   49   0.012
5   53   0.012
5   57   0.006
5   59   0.012
5   60   0.012
5   61   0.004
5   63   0.022
5   68   0.004
5   71   0.008
5   74   0.004
5   76   0.008
5   83   0.016
6   7   0.015
6   9   0.019
6   23   0.004
6   24   0.021
6   25   0.011
6   31   0.032
6   32   0.011
6   33   0.017
6   35   0.01
6   37   0.006999999999999999
6   45   0.02
6   46   0.008
6   47   0.006999999999999999
6   51   0.008
6   55   0.043
6   57   0.012
6   58   0.033
6   59   0.009
6   61   0.024
6   63   0.034
6   65   0.004999999999999999
6   67   0.004999999999999999
6   72   0.009
6   75   0.017
6   77   0.004
6   78   0.052000000000000005
6   79   0.006
6   80   0.01
6   81   0.023
6   82   0.023
6   83   0.063
6   84   0.006999999999999999
7   8   0.01
7   10   0.015
7   12   0.004999999999999999
7   20   0.033
7   22   0.006999999999999999
7   23   0.013000000000000001
7   26   0.004999999999999999
7   27   0.006
7   33   0.009
7   35   0.030000000000000002
7   36   0.024
7   37   0.004999999999999999
7   40   0.032
7   41   0.018
7   46   0.009
7   47   0.015
7   53   0.093
7   54   0.011
7   60   0.013999999999999999
7   63   0.008
7   64   0.046
7   65   0.031000000000000003
7   66   0.018
7   67   0.004999999999999999
7   71   0.029
7   73   0.018
7   77   0.004
7   79   0.011
7   80   0.012
7   82   0.004
7   84   0.004999999999999999
8   14   0.01
8   18   0.004
8   22   0.006
8   23   0.022
8   24   0.006999999999999999
8   26   0.019
8   27   0.017
8   28   0.004999999999999999
8   29   0.004999999999999999
8   30   0.017
8   31   0.026
8   33   0.006999999999999999
8   35   0.018
8   43   0.009
8   45   0.029
8   46   0.008
8   55   0.019
8   56   0.013999999999999999
8   57   0.01
8   58   0.029
8   59   0.011
8   62   0.004
8   63   0.029
8   73   0.004
8   75   0.013999999999999999
8   77   0.018
8   78   0.017
8   82   0.006999999999999999
8   83   0.041999999999999996
8   84   0.004999999999999999
9   12   0.031000000000000003
9   15   0.004999999999999999
9   16   0.013999999999999999
9   19   0.009
9   21   0.004
9   23   0.009
9   28   0.004
9   32   0.006
9   33   0.049
9   36   0.006999999999999999
9   40   0.004
9   44   0.008
9   55   0.006
9   59   0.006999999999999999
9   61   0.011
9   63   0.021
9   65   0.01
9   66   0.004999999999999999
9   67   0.004
9   68   0.009
9   69   0.006
9   71   0.017
9   72   0.008
9   75   0.013000000000000001
9   76   0.004999999999999999
9   84   0.055999999999999994
10   16   0.006999999999999999
10   18   0.02
10   19   0.006
10   21   0.004999999999999999
10   24   0.026
10   29   0.013000000000000001
10   31   0.006999999999999999
10   44   0.006
10   46   0.006999999999999999
10   50   0.029
10   53   0.013000000000000001
10   54   0.009
10   55   0.015
10   57   0.018
10   58   0.009
10   62   0.01
10   63   0.026
10   64   0.004
10   66   0.027
10   72   0.015
10   74   0.006
10   75   0.025
10   78   0.004999999999999999
10   79   0.009
10   80   0.004
10   81   0.006
10   83   0.006999999999999999
11   12   0.006
11   15   0.016
11   18   0.013999999999999999
11   21   0.011
11   29   0.009
11   31   0.024
11   32   0.009
11   33   0.01
11   38   0.004
11   41   0.011
11   44   0.004
11   50   0.004
11   56   0.01
11   58   0.032
11   59   0.004
11   60   0.01
11   65   0.006
11   67   0.019
11   71   0.023
11   78   0.004999999999999999
11   82   0.004
11   83   0.004999999999999999
12   16   0.013999999999999999
12   18   0.022
12   19   0.006
12   22   0.06899999999999999
12   24   0.004999999999999999
12   25   0.015
12   26   0.047
12   29   0.029
12   35   0.011
12   45   0.008
12   48   0.027
12   49   0.016
12   50   0.015
12   55   0.012
12   57   0.023
12   58   0.029
12   60   0.015
12   62   0.004
12   63   0.013999999999999999
12   65   0.013000000000000001
12   71   0.008
12   76   0.017
12   78   0.021
12   79   0.006999999999999999
12   80   0.029
12   82   0.004
13   15   0.033
13   22   0.01
13   26   0.02
13   31   0.008
13   33   0.009
13   36   0.004
13   38   0.004999999999999999
13   39   0.024
13   42   0.012
13   56   0.004
13   61   0.006999999999999999
13   67   0.021
13   70   0.027
13   72   0.022
13   79   0.040999999999999995
13   81   0.019
14   18   0.009
14   19   0.02
14   22   0.019
14   24   0.032
14   25   0.025
14   26   0.045
14   28   0.028
14   31   0.009
14   33   0.019
14   35   0.009
14   38   0.006999999999999999
14   42   0.004999999999999999
14   43   0.025
14   44   0.008
14   45   0.030000000000000002
14   47   0.013999999999999999
14   48   0.022
14   51   0.006999999999999999
14   52   0.017
14   54   0.006
14   56   0.033
14   57   0.03899999999999999
14   58   0.016
14   61   0.008
14   62   0.012
14   63   0.011
14   68   0.012
14   73   0.038000000000000006
14   75   0.021
14   76   0.013999999999999999
14   77   0.027
14   78   0.048
14   79   0.022
14   80   0.02
14   81   0.031000000000000003
14   83   0.05
15   16   0.013999999999999999
15   18   0.006
15   21   0.013999999999999999
15   23   0.017
15   26   0.047
15   33   0.033
15   39   0.017
15   41   0.009
15   42   0.009
15   46   0.013999999999999999
15   52   0.046
15   53   0.021
15   54   0.004999999999999999
15   55   0.004
15   62   0.011
15   63   0.018
15   64   0.01
15   70   0.004
15   72   0.008
15   74   0.006999999999999999
15   75   0.018
15   79   0.004
15   81   0.006999999999999999
15   82   0.004999999999999999
15   84   0.006999999999999999
16   17   0.004999999999999999
16   26   0.012
16   29   0.006999999999999999
16   43   0.006999999999999999
16   49   0.004
16   58   0.004
16   60   0.011
16   61   0.031000000000000003
16   65   0.009
16   69   0.012
16   73   0.006
16   78   0.004999999999999999
17   19   0.06999999999999999
17   21   0.006999999999999999
17   24   0.034
17   28   0.047
17   29   0.009
17   31   0.004
17   33   0.004
17   35   0.009
17   40   0.006
17   41   0.004
17   43   0.004999999999999999
17   47   0.038000000000000006
17   48   0.004999999999999999
17   49   0.01
17   56   0.006
17   58   0.019
17   71   0.033
17   78   0.05
17   80   0.024
17   84   0.009
18   19   0.006999999999999999
18   20   0.018
18   21   0.006
18   25   0.008
18   28   0.006999999999999999
18   29   0.03899999999999999
18   30   0.018
18   31   0.009
18   32   0.004
18   37   0.004
18   38   0.013000000000000001
18   45   0.006999999999999999
18   46   0.048
18   48   0.01
18   49   0.016
18   50   0.004
18   52   0.008
18   59   0.004
18   60   0.043
18   61   0.012
18   63   0.012
18   64   0.01
18   66   0.012
18   67   0.049
18   68   0.012
18   69   0.004
18   72   0.06799999999999999
18   75   0.02
18   76   0.013999999999999999
18   79   0.006
19   20   0.02
19   25   0.008
19   26   0.009
19   28   0.009
19   29   0.006999999999999999
19   31   0.009
19   32   0.009
19   35   0.013000000000000001
19   43   0.016
19   45   0.015
19   48   0.018
19   49   0.02
19   68   0.006
19   71   0.015
19   72   0.013999999999999999
19   74   0.013999999999999999
19   75   0.004
20   22   0.004
20   35   0.015
20   40   0.018
20   45   0.01
20   46   0.01
20   48   0.004
20   49   0.009
20   55   0.006
20   57   0.004999999999999999
20   58   0.013000000000000001
20   62   0.011
20   65   0.026
20   66   0.004
20   70   0.008
20   72   0.006
20   74   0.004999999999999999
20   76   0.03899999999999999
20   79   0.01
20   80   0.004
20   83   0.006999999999999999
20   84   0.031000000000000003
21   25   0.048
21   32   0.017
21   36   0.004999999999999999
21   41   0.004
21   44   0.015
21   48   0.006
21   49   0.01
21   50   0.01
21   54   0.011
21   57   0.009
21   58   0.016
21   60   0.047
21   70   0.004999999999999999
21   73   0.012
21   81   0.004
22   23   0.02
22   24   0.006
22   25   0.039999999999999994
22   29   0.023
22   30   0.009
22   32   0.011
22   34   0.004999999999999999
22   35   0.006999999999999999
22   39   0.017
22   42   0.008
22   43   0.023
22   45   0.016
22   46   0.011
22   48   0.009
22   49   0.018
22   50   0.017
22   51   0.004
22   56   0.016
22   59   0.004
22   61   0.004999999999999999
22   63   0.043
22   65   0.013000000000000001
22   67   0.044
22   69   0.006
22   70   0.015
22   72   0.041999999999999996
22   73   0.017
22   75   0.004999999999999999
22   77   0.016
22   78   0.012
22   83   0.004999999999999999
23   24   0.025
23   26   0.015
23   27   0.004999999999999999
23   28   0.011
23   29   0.004
23   38   0.032
23   39   0.013000000000000001
23   41   0.011
23   43   0.019
23   45   0.006999999999999999
23   46   0.009
23   50   0.004999999999999999
23   51   0.012
23   52   0.006999999999999999
23   58   0.006
23   61   0.004
23   64   0.016
23   66   0.006
23   67   0.013000000000000001
23   69   0.006999999999999999
23   72   0.017
23   73   0.009
23   74   0.004999999999999999
24   26   0.01
24   38   0.025
24   39   0.013000000000000001
24   44   0.019
24   45   0.012
24   49   0.012
24   50   0.030000000000000002
24   56   0.013000000000000001
24   57   0.011
24   62   0.017
24   63   0.048
24   67   0.012
24   78   0.018
24   79   0.004999999999999999
24   81   0.013000000000000001
24   83   0.027
25   34   0.01
25   35   0.006
25   36   0.035
25   37   0.004
25   39   0.011
25   40   0.011
25   47   0.008
25   49   0.004999999999999999
25   50   0.018
25   69   0.01
25   74   0.015
25   75   0.004999999999999999
25   79   0.009
25   80   0.011
25   81   0.004
26   28   0.009
26   29   0.006999999999999999
26   30   0.016
26   32   0.035
26   35   0.006
26   36   0.013999999999999999
26   37   0.019
26   38   0.026
26   41   0.011
26   42   0.015
26   45   0.018
26   46   0.004
26   47   0.049
26   49   0.013999999999999999
26   50   0.015
26   51   0.013000000000000001
26   53   0.017
26   55   0.02
26   56   0.022
26   59   0.004999999999999999
26   60   0.004999999999999999
26   61   0.004
26   63   0.024
26   67   0.016
26   69   0.041999999999999996
26   71   0.073
26   72   0.018
26   74   0.006999999999999999
26   78   0.006999999999999999
26   79   0.004999999999999999
27   28   0.006999999999999999
27   31   0.017
27   32   0.008
27   34   0.004999999999999999
27   38   0.022
27   39   0.019
27   41   0.004
27   45   0.004
27   47   0.004999999999999999
27   51   0.009
27   54   0.006
27   60   0.008
27   65   0.01
27   66   0.004
27   67   0.012
27   70   0.006999999999999999
27   71   0.048
27   74   0.004
27   80   0.009
27   81   0.006999999999999999
27   82   0.022
28   29   0.009
28   34   0.02
28   38   0.044
28   39   0.017
28   53   0.013000000000000001
28   56   0.006
28   57   0.012
28   60   0.009
28   63   0.035
28   68   0.021
28   69   0.004999999999999999
28   78   0.004
28   81   0.006
29   30   0.013999999999999999
29   35   0.008
29   42   0.032
29   45   0.021
29   47   0.017
29   50   0.046
29   52   0.008
29   56   0.013999999999999999
29   57   0.013000000000000001
29   59   0.01
29   61   0.012
29   62   0.027
29   63   0.016
29   65   0.016
29   67   0.038000000000000006
29   68   0.02
29   69   0.004
29   70   0.021
29   71   0.02
29   74   0.004
29   76   0.004999999999999999
29   77   0.023
29   78   0.018
29   80   0.015
29   83   0.004
30   36   0.009
30   37   0.004999999999999999
30   40   0.039999999999999994
30   41   0.015
30   46   0.012
30   49   0.025
30   50   0.006
30   57   0.01
30   60   0.006
30   61   0.013000000000000001
30   67   0.024
30   69   0.006
30   71   0.006
30   75   0.02
31   34   0.02
31   36   0.011
31   38   0.006
31   43   0.004
31   45   0.017
31   52   0.008
31   53   0.012
31   59   0.004
31   60   0.009
31   61   0.004
31   62   0.008
31   63   0.012
31   64   0.006999999999999999
31   65   0.01
31   66   0.030000000000000002
31   67   0.05
31   72   0.030000000000000002
31   74   0.004
31   75   0.008
31   78   0.047
31   80   0.004
31   83   0.015
31   84   0.021
32   37   0.031000000000000003
32   43   0.004999999999999999
32   45   0.012
32   46   0.016
32   50   0.004
32   51   0.012
32   53   0.047
32   57   0.012
32   61   0.008
32   63   0.006
32   64   0.004999999999999999
32   68   0.004
32   76   0.009
32   83   0.021
33   35   0.013999999999999999
33   38   0.016
33   40   0.017
33   43   0.004999999999999999
33   44   0.012
33   46   0.009
33   50   0.004
33   52   0.016
33   58   0.01
33   59   0.004
33   65   0.011
33   68   0.009
33   70   0.017
33   73   0.004
33   74   0.01
33   75   0.004999999999999999
33   84   0.023
34   38   0.018
34   44   0.004999999999999999
34   45   0.017
34   49   0.019
34   52   0.008
34   55   0.01
34   57   0.013999999999999999
34   60   0.004999999999999999
34   61   0.011
34   62   0.022
34   65   0.017
34   67   0.034
34   68   0.036000000000000004
34   74   0.021
34   75   0.009
34   77   0.006
34   79   0.006999999999999999
34   83   0.004999999999999999
35   43   0.009
35   49   0.009
35   53   0.023
35   54   0.004999999999999999
35   56   0.004999999999999999
35   58   0.008
35   61   0.015
35   62   0.004
35   64   0.015
35   67   0.012
35   68   0.01
35   71   0.004999999999999999
35   75   0.013999999999999999
35   81   0.02
36   38   0.004999999999999999
36   40   0.004
36   45   0.016
36   46   0.009
36   53   0.039999999999999994
36   57   0.017
36   59   0.021
36   60   0.009
36   63   0.024
36   67   0.054000000000000006
36   72   0.006
36   81   0.006
36   82   0.01
36   84   0.01
37   45   0.004999999999999999
37   46   0.017
37   47   0.008
37   51   0.004999999999999999
37   53   0.018
37   58   0.028
37   61   0.006
37   62   0.004999999999999999
37   64   0.009
37   67   0.013999999999999999
37   71   0.041999999999999996
37   79   0.025
37   81   0.012
38   43   0.013999999999999999
38   45   0.03899999999999999
38   46   0.009
38   56   0.013999999999999999
38   57   0.035
38   60   0.01
38   61   0.006999999999999999
38   63   0.039999999999999994
38   67   0.031000000000000003
38   68   0.021
38   72   0.004
38   77   0.009
38   78   0.038000000000000006
38   81   0.018
38   83   0.044
38   84   0.004
39   43   0.008
39   45   0.027
39   49   0.006999999999999999
39   50   0.051000000000000004
39   51   0.016
39   52   0.018
39   54   0.045
39   58   0.004
39   60   0.013999999999999999
39   61   0.004999999999999999
39   63   0.032
39   67   0.012
39   68   0.038000000000000006
39   72   0.013000000000000001
39   76   0.015
39   77   0.011
39   79   0.015
39   83   0.01
40   42   0.011
40   48   0.004999999999999999
40   55   0.006999999999999999
40   57   0.025
40   60   0.01
40   66   0.004999999999999999
40   67   0.006
40   73   0.009
40   74   0.01
40   80   0.006
40   83   0.016
41   45   0.055999999999999994
41   46   0.022
41   47   0.015
41   48   0.006999999999999999
41   51   0.006999999999999999
41   52   0.01
41   55   0.008
41   56   0.004
41   57   0.016
41   68   0.004
41   71   0.027
41   73   0.006
41   76   0.016
41   82   0.015
41   83   0.022
42   44   0.004
42   47   0.01
42   48   0.022
42   53   0.01
42   54   0.033
42   55   0.030000000000000002
42   57   0.013000000000000001
42   62   0.023
42   63   0.01
42   64   0.036000000000000004
42   66   0.01
42   67   0.02
42   70   0.01
42   73   0.008
42   77   0.03899999999999999
42   78   0.011
43   45   0.013000000000000001
43   51   0.01
43   59   0.022
43   62   0.004
43   64   0.012
43   68   0.006
43   71   0.011
43   81   0.016
43   82   0.024
43   83   0.006999999999999999
44   48   0.006
44   51   0.02
44   54   0.006
44   58   0.013000000000000001
44   65   0.004999999999999999
44   74   0.01
44   75   0.017
44   82   0.015
45   64   0.004
45   66   0.004999999999999999
45   68   0.006
45   70   0.01
45   72   0.040999999999999995
45   76   0.008
45   77   0.006
45   78   0.008
45   81   0.016
46   48   0.006999999999999999
46   49   0.004999999999999999
46   58   0.041999999999999996
46   67   0.004999999999999999
46   70   0.004999999999999999
46   72   0.034
46   76   0.024
46   81   0.015
47   51   0.024
47   52   0.029
47   53   0.01
47   58   0.016
47   66   0.037000000000000005
47   68   0.006999999999999999
47   72   0.006
47   79   0.013000000000000001
47   81   0.017
47   84   0.016
48   52   0.034
48   56   0.011
48   63   0.006999999999999999
48   64   0.023
48   70   0.024
48   71   0.016
48   72   0.013999999999999999
48   74   0.006999999999999999
48   78   0.006
48   79   0.015
49   52   0.009
49   54   0.006999999999999999
49   55   0.006
49   58   0.004999999999999999
49   65   0.01
49   70   0.024
49   72   0.009
49   73   0.006999999999999999
49   75   0.01
49   79   0.004
49   84   0.006999999999999999
50   53   0.004
50   61   0.009
50   62   0.030000000000000002
50   67   0.022
50   75   0.004999999999999999
50   80   0.006999999999999999
50   83   0.006
51   52   0.009
51   53   0.013000000000000001
51   55   0.008
51   56   0.004
51   59   0.011
51   63   0.009
51   69   0.009
51   71   0.004
51   72   0.033
51   77   0.008
51   80   0.024
51   81   0.012
51   82   0.006999999999999999
52   53   0.018
52   56   0.012
52   57   0.025
52   61   0.012
52   66   0.004999999999999999
52   67   0.016
52   68   0.011
52   70   0.004
52   71   0.004999999999999999
52   72   0.008
52   74   0.01
52   75   0.030000000000000002
52   84   0.023
53   54   0.009
53   58   0.013999999999999999
53   61   0.034
53   64   0.01
53   66   0.022
53   67   0.022
53   69   0.009
53   70   0.004999999999999999
53   74   0.004
53   79   0.004999999999999999
53   84   0.006
54   55   0.009
54   57   0.004
54   58   0.009
54   68   0.008
54   75   0.006
54   81   0.008
54   82   0.028
55   58   0.016
55   59   0.01
55   61   0.011
55   62   0.004
55   64   0.021
55   67   0.017
55   78   0.004999999999999999
55   82   0.016
55   83   0.011
55   84   0.027
56   57   0.023
56   73   0.004
56   81   0.012
56   82   0.004
56   84   0.018
57   58   0.017
57   59   0.011
57   65   0.019
57   66   0.012
57   68   0.01
57   71   0.023
57   72   0.004999999999999999
57   75   0.019
57   78   0.008
57   84   0.006
58   61   0.006
58   64   0.012
58   66   0.006
58   72   0.006
58   74   0.004999999999999999
58   81   0.004999999999999999
59   61   0.004
59   63   0.004999999999999999
59   68   0.024
59   71   0.026
59   72   0.004999999999999999
59   81   0.032
59   83   0.02
60   68   0.004999999999999999
60   70   0.019
60   71   0.004
60   75   0.017
60   82   0.006999999999999999
60   84   0.006
61   62   0.004
61   65   0.004
61   66   0.031000000000000003
61   70   0.004
61   75   0.019
61   80   0.021
61   81   0.05
61   82   0.004
61   84   0.008
62   66   0.006999999999999999
62   69   0.023
62   70   0.047
62   74   0.013999999999999999
62   75   0.006999999999999999
62   78   0.025
62   80   0.004
62   81   0.027
62   84   0.004
63   71   0.009
63   77   0.013999999999999999
63   84   0.03899999999999999
64   67   0.06
64   68   0.01
64   73   0.006
64   74   0.015
64   76   0.009
64   80   0.026
65   69   0.008
65   71   0.009
65   74   0.009
65   77   0.006999999999999999
65   79   0.01
65   80   0.009
65   82   0.004
65   83   0.004999999999999999
66   74   0.012
66   79   0.006
67   73   0.01
67   80   0.01
68   70   0.011
68   81   0.015
69   71   0.013999999999999999
69   73   0.013999999999999999
69   77   0.009
69   79   0.008
69   81   0.01
69   82   0.009
69   83   0.004
69   84   0.004999999999999999
70   72   0.01
70   73   0.012
70   77   0.016
70   79   0.006
70   83   0.033
71   79   0.006999999999999999
71   81   0.066
71   83   0.02
72   75   0.004
72   76   0.013000000000000001
72   84   0.015
73   80   0.021
73   81   0.016
73   83   0.004
73   84   0.009
74   82   0.01
74   83   0.018
74   84   0.02
75   81   0.021
76   81   0.076
76   83   0.004
77   83   0.017
77   84   0.008
78   80   0.026
78   83   0.008
78   84   0.015
79   80   0.013000000000000001
79   84   0.004
80   81   0.030000000000000002
80   82   0.004
81   82   0.004999999999999999
82   84   0.022
