0   -0.6976547195909124
1   0.3815950738598109
2   -0.32691656503364225
3   -0.7162312055631099
4   -0.8960276985398399
5   -0.347408038954423
6   -0.6584726582371446
7   -0.8932235644873829
8   0.09677192548425124
9   -0.04762879742253354
10   0.4422118685535753
11   -0.23431687080621547
12   -0.7754430014808298
13   2.9530485184473663
14   -0.653047940748972
15   -0.24642345862262968
16   -0.10458757459503308
17   0.02023739075384274
18   0.31128587752172066
19   -0.7593183257785383
20   -0.26690229119238007
21   -0.9457447748262735
22   3.8057094699068412
23   -0.45432730342129446
24   -0.32691656503364225
25   1.619829374318938
26   -0.8057097875935488
27   2.1012238685289297
28   0.09481956302793483
29   0.5474989608586326
30   -0.26690229119238007
31   -0.09647158166223165
32   2.1012238685289297
33   0.5814494457270168
34   3.8057094699068412
35   0.3815950738598109
36   -0.913173576567932
37   2.9530485184473663
38   -0.43644543353024035
39   -0.9593436548491853
40   -0.7903763650871842
41   -0.9779844249258015
42   -0.49303778380708585
43   -0.7233125629329915
44   -0.7390951424677494
45   -0.43468947066679275
46   -0.5597215452248373
47   -0.4383801327763137
48   -0.36398942340052487
49   -0.40747338465076616
50   -0.23431687080621547
51   -0.2878617908683231
52   -0.9622690778366957
53   -0.33972061682346216
54   -0.9764391521452255
55   0.4422118685535753
56   1.619829374318938
57   -0.7593183257785383
58   -0.7313516422566263
59   0.09677192548425124
60   -0.2976730644241465
61   -0.9358881515673683
62   0.09481956302793483
63   -0.8409398950660216
64   0.7810583177472128
65   -0.09077895540800868
66   -0.7948019626307261
67   -0.08814483451288754
68   -0.09647158166223165
69   -0.5930045886814329
70   0.7810583177472128
71   0.02023739075384274
72   -0.04762879742253354
73   0.1520015799371739
74   0.5814494457270168
75   0.5474989608586326
76   0.6701108917647232
77   -0.43644543353024035
78   0.341436690609207
79   -0.3792848317607027
80   0.341436690609207
81   -0.3296720392330077
82   -0.5099257644763797
83   -0.17854399230961415
