0   0.8250483426861007
1   -1.1922529571773794
2   0.0441575169324957
3   0.0441575169324957
4   -0.8668817797800435
5   -0.6716590733416425
6   -0.6065848378621754
7   1.2805679910423708
8   -0.6065848378621754
9   -1.2573271926568463
10   -0.2812136604648401
11   -0.15106518950590578
12   -0.6065848378621754
13   0.0441575169324957
14   0.8250483426861007
15   1.1504195200834364
16   1.6059391684397057
17   -0.21613942498537292
18   1.0853452846039693
19   1.0853452846039693
20   -1.7128468410131161
21   1.6059391684397057
22   2.3868299941933113
23   -0.6716590733416425
24   0.8250483426861007
25   -1.062104486218445
26   -0.6065848378621754
27   -1.2573271926568463
28   0.7599741072066335
29   -0.2812136604648401
30   -0.6716590733416425
31   -0.9970302507389779
32   0.4346029298092982
33   2.516978465152245
34   1.6059391684397057
35   0.7599741072066335
36   -1.3224014281363135
37   -0.4113621314237739
38   -0.6716590733416425
39   0.7599741072066335
40   -0.4113621314237739
41   1.5408649329602384
42   0.10923175241196285
43   -0.6716590733416425
44   -0.4764363669032411
45   -0.2812136604648401
46   -0.8018075443005769
47   -0.15106518950590578
48   -0.08599095402643861
49   0.10923175241196285
50   -0.8018075443005769
51   -0.02091671854697146
52   0.4346029298092982
53   1.5408649329602384
54   2.516978465152245
55   0.10923175241196285
56   1.410716462001305
57   -0.8668817797800435
58   -0.2812136604648401
59   0.7599741072066335
60   -0.6716590733416425
61   0.6948998717271664
62   -0.34628789594430726
63   -0.6065848378621754
64   0.3044544588503639
65   0.17430598789142956
66   -0.9970302507389779
67   -0.5415106023827082
68   1.6059391684397057
69   -0.08599095402643861
70   -0.8018075443005769
71   -0.6065848378621754
72   -1.062104486218445
73   2.3868299941933113
74   -0.9970302507389779
75   -0.21613942498537292
76   -1.2573271926568463
77   -1.062104486218445
78   -1.647772605533649
79   -1.1922529571773794
80   -0.6065848378621754
81   -0.21613942498537292
82   -0.21613942498537292
83   0.7599741072066335
