0   -2.0085797721809935
1   0.3714928105287716
2   0.7681715743137328
3   0.23926655593378499
4   1.6276422291811479
5   0.10704030133879792
6   -0.6202040989336305
7   -0.8185434808261107
8   0.8342847016112264
9   -1.2152222446110719
10   -0.02518595325618915
11   -0.2896384624461628
12   0.23926655593378499
13   -0.554090971636137
14   -0.22352533514866976
15   -0.9507697354210978
16   -1.4796747538010455
17   -0.02518595325618915
18   0.23926655593378499
19   -0.6202040989336305
20   2.222660374858589
21   -0.8185434808261107
22   -1.6119010083960326
23   -0.22352533514866976
24   1.5615291018836543
25   -1.7441272629910196
26   0.3714928105287716
27   -1.0168828627185913
28   -0.8846566081236042
29   -1.6119010083960326
30   0.7681715743137328
31   0.7681715743137328
32   -0.554090971636137
33   -0.48797784433864344
34   -1.3474484992060585
35   0.7020584470162393
36   0.7020584470162393
37   0.23926655593378499
38   -1.7441272629910196
39   1.3631897199911738
40   1.6276422291811479
41   -0.2896384624461628
42   -0.22352533514866976
43   -0.9507697354210978
44   -0.686317226231124
45   0.04092717404130439
46   0.6359453197187458
47   1.6276422291811479
48   -0.02518595325618915
49   -0.9507697354210978
50   2.090434120263602
51   -1.0829959900160848
52   1.4954159745861608
53   2.090434120263602
54   -0.09129908055368269
55   0.7020584470162393
56   1.6276422291811479
57   0.43760593782626517
58   -1.281335371908565
59   0.7681715743137328
60   -0.9507697354210978
61   -0.9507697354210978
62   -0.554090971636137
63   -0.8185434808261107
64   -0.554090971636137
65   2.222660374858589
66   -0.02518595325618915
67   0.43760593782626517
68   -0.48797784433864344
69   -0.686317226231124
70   1.3631897199911738
71   -0.02518595325618915
72   0.30537968323127807
73   0.23926655593378499
74   0.9003978289087199
75   -1.0829959900160848
76   0.5037190651237586
77   0.43760593782626517
78   -0.48797784433864344
79   -0.9507697354210978
80   0.5037190651237586
81   0.5037190651237586
82   0.7020584470162393
83   -0.3557515897436564
