0   0.1756389331741694
1   -1.1234263838876088
2   -0.7986600546221643
3   0.3148245028593597
4   0.45401007254455034
5   -0.10273220619621186
6   -0.2883129657764657
7   1.2891234906556932
8   0.6395908321248042
9   1.5674946300260744
10   2.2170272885569635
11   -0.6594744849369738
12   0.3612196927544233
13   -0.7058696748320373
14   1.5674946300260744
15   -0.9842408142024183
16   -0.5666841051468466
17   -0.9842408142024183
18   -1.0770311939925454
19   0.08284855338404232
20   0.2684293129642962
21   0.1756389331741694
22   -0.05633701630114831
23   -0.9378456243073549
24   -0.7058696748320373
25   0.5931956422297406
26   -1.1698215737826723
27   -0.6594744849369738
28   -0.10273220619621186
29   -0.5202889152517831
30   -0.5202889152517831
31   0.5004052624396139
32   -0.2883129657764657
33   -0.7986600546221643
34   0.12924374327910587
35   -0.7058696748320373
36   -0.1491273960912754
37   -0.3347081556715293
38   0.3612196927544233
39   -0.7522648647271009
40   -0.8450552445172278
41   -0.42749853546165634
42   -0.7986600546221643
43   -0.3347081556715293
44   -0.2883129657764657
45   2.2170272885569635
46   -0.3811033455665928
47   -0.24191777588140218
48   0.5468004523346774
49   -0.2883129657764657
50   -0.42749853546165634
51   -0.6130792950419102
52   0.5004052624396139
53   0.3148245028593597
54   4.119230074254568
55   -0.24191777588140218
56   0.5468004523346774
57   -0.6130792950419102
58   -0.24191777588140218
59   0.2684293129642962
60   -0.05633701630114831
61   0.8715667816001219
62   -0.8914504344122913
63   0.5931956422297406
64   0.08284855338404232
65   -0.9378456243073549
66   4.119230074254568
67   -0.9842408142024183
68   0.8715667816001219
69   -0.6130792950419102
70   -0.42749853546165634
71   1.2891234906556932
72   1.4747042502359473
73   -0.4738937253567199
74   -0.24191777588140218
75   -0.19552258598633862
76   -1.216216763677736
77   -1.0770311939925454
78   -0.10273220619621186
79   1.4747042502359473
80   -0.3811033455665928
81   -0.7986600546221643
82   -0.9842408142024183
83   0.12924374327910587
