0   1.569412041213554
1   -0.9280496616613487
2   -0.5129342762045531
3   0.4383258563258354
4   -0.8294763058812317
5   -0.527045218714206
6   -0.8456956077448344
7   1.4640916051219257
8   0.5646114436430757
9   0.44220943244630306
10   -0.6638073139651396
11   -0.7719369140256519
12   0.9528769210623762
13   0.991624324412186
14   0.44220943244630306
15   0.9983229153506105
16   -0.8888234054748438
17   0.1378665819487231
18   0.9983229153506105
19   -0.1510857068496954
20   2.1232100472730346
21   0.3080457218923407
22   -0.8872689927297084
23   -1.64853579587053
24   0.991624324412186
25   -0.8072301882012025
26   -0.8803816287112365
27   -0.8693423009541367
28   -0.07901889264978458
29   -0.47575967049755047
30   0.1378665819487231
31   1.1625953009889427
32   -1.2868322018796103
33   -1.9405453627230596
34   -0.579894176240079
35   0.054590935855068586
36   1.1793322726361426
37   -1.2892143340120594
38   0.2536499457964157
39   -1.4774003734395722
40   0.04857683962869708
41   -0.7176240618761107
42   -1.4138176350078737
43   1.247789352253378
44   1.1625953009889427
45   1.569412041213554
46   0.30836130739510853
47   1.165597328864622
48   2.088475856042578
49   -0.9280496616613487
50   -0.6007726110593928
51   -0.8854387230220176
52   0.4971338652073481
53   0.4383258563258354
54   0.7557589468885654
55   0.8151972415790776
56   2.088475856042578
57   -0.4870744694573804
58   0.2794196380201175
59   2.1232100472730346
60   0.3080457218923407
61   1.165597328864622
62   -1.005697576967698
63   0.054590935855068586
64   -0.1510857068496954
65   -0.9916570393377847
66   0.7557589468885654
67   -0.35012712788502637
68   -0.9002487827536683
69   -0.6985009216167052
70   -1.2963000316079207
71   1.4640916051219257
72   -1.690265918827021
73   -0.5527218137354717
74   0.023421279437354066
75   -0.012301013003838426
76   -1.9234597031463103
77   -0.6171944602403677
78   0.9528769210623762
79   -0.272949510883767
80   0.3336818915362179
81   -1.311384836760773
82   0.010347587603854215
83   0.2794196380201175
