0   -1.066624514928758
1   0.17107297524263262
2   0.1491136482517681
3   1.355949023691858
4   -1.4807076828319845
5   -0.6498151024263947
6   -0.44997566225329977
7   -0.5534951244352779
8   0.6015984853302336
9   -0.5794284451152746
10   1.8259493355836112
11   -1.1916604734595613
12   0.26907519633556204
13   -1.3350933595668977
14   0.3493808797405411
15   -0.970647482642749
16   -0.31964155103206676
17   0.907612739843479
18   1.0997112637330024
19   -1.4162728069799717
20   -1.0361244923473263
21   -0.8018462213129888
22   1.1152091267854567
23   -0.612265151320281
24   -0.5962344988776365
25   0.11420970142746073
26   -0.7093776653839198
27   -0.5641517222533088
28   0.6723372120974908
29   -1.2733118071451885
30   0.8718162856939383
31   -0.43157333861665115
32   -1.3020065539590138
33   0.03898157183232483
34   -0.9268001116217311
35   -0.04326389309311317
36   0.10974617347879208
37   0.04569564940454153
38   -0.3940342098637469
39   -0.35085659667273067
40   -1.1060918129933675
41   0.23176414984176788
42   -0.9578336276465672
43   -0.6375761775333728
44   -0.9416659977772888
45   1.8259493355836112
46   1.279703601960962
47   1.279703601960962
48   3.4181746681840264
49   -0.951261235929602
50   1.0997112637330024
51   0.3856692279349137
52   -0.3923163361032971
53   -0.6218655137719006
54   0.907612739843479
55   -0.7987591810433871
56   0.1491136482517681
57   -0.25504957131167516
58   -1.130098096761277
59   1.586510978371519
60   1.355949023691858
61   0.6656510900166225
62   0.08202341846599343
63   -0.3923163361032971
64   3.4181746681840264
65   -0.4313218119436455
66   0.04569564940454153
67   1.1152091267854567
68   0.6656510900166225
69   -0.3497970729586698
70   -0.9107057383611746
71   0.26907519633556204
72   -1.2539156990759022
73   0.6015984853302336
74   -0.5437279379932702
75   1.586510978371519
76   -0.44997566225329977
77   -0.35085659667273067
78   0.8718162856939383
79   -1.3879986071604973
80   0.17107297524263262
81   -0.25504957131167516
82   0.3493808797405411
83   0.11420970142746073
