0   -0.3127384206204694
1   -0.05392041734835675
2   0.26960208674178465
3   -0.11862491816638503
4   0.5284200900138973
5   1.1107605973761514
6   -1.02448792961878
7   -0.5068519230745543
8   0.20489758592375637
9   -1.1538969312548364
10   2.2754416121006593
11   2.210737111282631
12   -0.8303744271646952
13   -0.765669926346667
14   0.5931245908319256
15   0.26960208674178465
16   -0.24803391980244113
17   -0.5715564238925825
18   -1.02448792961878
19   0.010784083469671529
20   -0.24803391980244113
21   -1.1538969312548364
22   -0.3127384206204694
23   -0.442147422256526
24   -0.8950789279827235
25   0.5284200900138973
26   -0.3127384206204694
27   -0.37744292143849767
28   -0.5715564238925825
29   -1.4127149345269492
30   -1.1538969312548364
31   -0.1833294189844133
32   1.5636921031023494
33   -0.11862491816638503
34   0.463715589195869
35   0.7225335924679821
36   -0.9597834288007517
37   -0.442147422256526
38   0.7872380932860105
39   0.1401930851057281
40   0.463715589195869
41   1.4989876022843212
42   -1.542123936163006
43   -0.442147422256526
44   -1.283305932890893
45   2.2754416121006593
46   0.20489758592375637
47   0.20489758592375637
48   2.0813281096465746
49   -1.0891924304368081
50   1.1754650981941797
51   -0.5068519230745543
52   -0.5715564238925825
53   1.4989876022843212
54   -0.37744292143849767
55   -1.0891924304368081
56   -0.11862491816638503
57   2.4695551145547445
58   -1.348010433708921
59   -0.5068519230745543
60   -0.11862491816638503
61   -0.5068519230745543
62   -0.5715564238925825
63   -0.24803391980244113
64   2.0813281096465746
65   0.7872380932860105
66   -0.6362609247106108
67   0.9813515957400948
68   1.5636921031023494
69   -0.05392041734835675
70   -0.5715564238925825
71   0.7225335924679821
72   -1.1538969312548364
73   0.20489758592375637
74   -0.37744292143849767
75   -0.9597834288007517
76   -1.283305932890893
77   -0.442147422256526
78   -0.5715564238925825
79   -0.37744292143849767
80   -1.348010433708921
81   2.4695551145547445
82   0.1401930851057281
83   0.7872380932860105
