0   0.39673192411644437
1   2.1991980606947554
2   2.1991980606947554
3   2.5392387614876513
4   1.3951258908169129
5   1.2454698780532483
6   -0.19387474918754502
7   -0.33709419786888073
8   0.9464903929352679
9   -0.27614997338400266
10   0.8654480918603661
11   0.45027473326579603
12   0.778720622707362
13   -1.6025083673951594
14   0.14887003920098446
15   0.109911518235499
16   -0.5452433826104536
17   0.39673192411644537
18   -1.0863138054907115
19   -0.9537701669379747
20   0.24397092263616674
21   -1.186368109271846
22   0.04993433770998977
23   0.12133743154705567
24   0.39673192411644337
25   0.2887095397670434
26   -1.1143247170835664
27   -0.8233431434106397
28   -0.10518496928598506
29   -0.017100664830785824
30   1.0221732531003724
31   -0.017100664830785824
32   -0.9580973518545411
33   0.778720622707362
34   2.5392387614876513
35   -0.06236827284129839
36   -0.6293973098690623
37   -0.5833261845586881
38   0.0062877230633051374
39   -0.5080138533567193
40   1.001305267657914
41   -0.2985215435523644
42   0.8506783610429588
43   -1.0803306698553732
44   -0.47505984080976726
45   -0.8703285184763363
46   1.5925620486160303
47   0.42037549420972137
48   -1.0433953299326229
49   1.5925620486160303
50   -1.8440980767731043
51   -0.4961327737928774
52   0.3967319241164552
53   -0.9658268219452963
54   -1.196945628433003
55   1.001305267657914
56   -1.798580947807863
57   0.7205085178042417
58   0.39673192411644537
59   0.42037549420972137
60   0.8959289074666914
61   0.109911518235499
62   -1.104546524284405
63   -0.19478710960040255
64   -0.877962037458057
65   -1.124983104854404
66   0.30902897691690207
67   1.3951258908169129
68   -1.1280246992229628
69   0.11958458368987247
70   0.30902897691690207
71   -0.4447198797018598
72   -1.7515236963570744
73   1.4467280349076717
74   -0.8889212294228279
75   -0.3555610288810263
76   -1.9804379231030935
77   0.4873512178972096
78   -1.4417737466524607
79   0.39673192411644437
80   0.39673192411644337
81   -0.19478710960040255
82   0.04993433770998977
83   -0.8709089305726209
