0   -1.4014882736246819
1   -1.2062560763038306
2   -0.2789031390297875
3   0.2579854036025536
4   -1.1574480269736178
5   1.3317624888672357
6   -0.7669836323319154
7   -1.3526802242944693
8   0.2579854036025536
9   -1.2550641256340436
10   2.3567315248017042
11   -0.47413533635063854
12   0.4044095515931922
13   -0.2300950896995746
14   -0.42532728702042566
15   -0.03486289237872318
16   -0.03486289237872318
17   1.282954439537023
18   -1.1574480269736178
19   -0.18128704036936175
20   -0.42532728702042566
21   0.2579854036025536
22   0.5508336995838308
23   0.5508336995838308
24   -1.108639977643405
25   0.3556015022629793
26   0.5996417489140436
27   0.5996417489140436
28   0.0627532062817022
29   -0.9622158296527668
30   -1.5479124216153204
31   -0.8157916816621282
32   -1.1574480269736178
33   0.4044095515931922
34   1.4781866368578735
35   2.45434762346213
36   -0.42532728702042566
37   -0.2789031390297875
38   0.4044095515931922
39   0.9901061435557458
40   2.45434762346213
41   -0.42532728702042566
42   0.30679345293276644
43   -0.2300950896995746
44   1.5269946861880865
45   2.2103073768110657
46   1.5269946861880865
47   -0.9134077803225539
48   -0.8157916816621282
49   -0.7669836323319154
50   -0.8157916816621282
51   0.0627532062817022
52   -1.108639977643405
53   0.89249004489532
54   1.3317624888672357
55   -0.2789031390297875
56   0.4044095515931922
57   -0.5229433856808514
58   0.3556015022629793
59   -0.864599730992341
60   -1.5967204709455332
61   -1.2550641256340436
62   -0.5717514350110643
63   -1.1574480269736178
64   2.2103073768110657
65   0.4044095515931922
66   0.013945156951489677
67   0.4044095515931922
68   -1.5479124216153204
69   0.6972578475744686
70   -0.6205594843412771
71   1.6246107848485123
72   0.1603693049421279
73   0.9412980942255329
74   0.5996417489140436
75   -0.2789031390297875
76   -0.42532728702042566
77   -0.7181755830017028
78   -0.03486289237872318
79   -1.4502963229548949
80   0.1603693049421279
81   -0.7181755830017028
82   0.7460658969046815
83   0.1603693049421279
