0   2.093035376361393
1   0.9782785566965198
2   -0.8261219397623026
3   1.8837392409512363
4   -0.2013135664463783
5   0.7429360809193167
6   0.1280736682158455
7   -0.5409630245394985
8   0.7602463471431422
9   0.496658136391166
10   0.023198204748120396
11   -0.3635329773357353
12   3.0809737867690847
13   1.6435584146577344
14   0.40887200498383375
15   -0.2639776662247566
16   0.8358856424876979
17   -0.8415616484835673
18   -0.7278903097904428
19   3.0809737867690847
20   -0.03211140304975578
21   0.7429360809193167
22   0.8117937185110556
23   -1.1796705734266937
24   -0.5593778791210481
25   -0.12546279463632384
26   -0.8424172984193589
27   -0.10593946843393848
28   -0.5336668790889005
29   -0.9549437056114509
30   1.1589827133239456
31   1.4889797820934731
32   -0.6831387159858776
33   -0.2639776662247566
34   1.4889797820934731
35   -0.41908397200748126
36   0.5528768797743489
37   -0.9758468447265358
38   -0.7597674560614571
39   -1.0735506299984612
40   -0.5032334306370165
41   1.6435584146577344
42   -0.2097931606959965
43   0.038772775813414005
44   -0.5207532710372708
45   -0.8486786224260474
46   -0.9756455194697935
47   -0.8486786224260474
48   0.19322816341283208
49   -1.0428051770731834
50   -1.051931649225069
51   -1.4700244059761847
52   -0.916563300931755
53   -0.5897410771398979
54   -0.6380467962988433
55   -0.5032334306370165
56   -0.8415616484835673
57   -0.2775774724727448
58   -1.588885562253611
59   0.7602463471431422
60   0.1280736682158455
61   0.7166738607189462
62   -1.0489908368043623
63   0.04046975033609686
64   0.023198204748120396
65   -0.409156555741688
66   0.496658136391166
67   -0.07074091099746851
68   -0.07074091099746851
69   -0.8545705520963285
70   0.9782785566965198
71   -0.22951246638889267
72   1.1589827133239456
73   -0.8133291148680276
74   -0.8943444825458032
75   0.8358856424876979
76   1.8837392409512363
77   -0.7386516647644036
78   2.093035376361393
79   -0.12546279463632384
80   -1.1512352193631978
81   -0.8572341410294824
82   -0.8420244111841978
83   -0.18431542709145327
