1   7   0.03660413800601512
1   8   0.07732669814490822
1   10   0.09158035954258183
1   14   0.1249357600969299
1   17   0.025962834762909254
1   21   0.04597692961313319
1   23   0.044429806812700846
1   29   0.03262069546387998
1   30   0.008675047911667783
1   34   0.015346014526952662
2   9   0.048263973990232814
2   13   0.026936478297785244
2   17   0.1004140765459846
2   22   0.007436519723404331
2   24   0.04621402517718151
2   25   0.024969936792437957
2   26   0.09388601723558147
2   27   0.06840462440226315
2   36   0.07149380355654268
2   37   0.1259990019194287
2   38   0.03431204048297381
2   44   0.013052388965397925
2   51   0.09295267779008502
2   52   0.07468795978317282
2   62   0.031871795517633895
2   74   0.08001496605093868
2   75   0.0471427372784862
2   76   0.10333332579961878
3   6   0.04062240491581845
3   7   0.10478670913680783
3   8   0.08181584131660587
3   14   0.08411167355537053
3   17   0.020762779921593987
3   19   0.10584207325955412
3   21   0.09384667863767714
3   23   0.005140796894974252
3   24   0.03733825755297687
3   26   0.12605000563729946
3   27   0.09763757773821082
3   28   0.017369077351250005
3   29   0.03269153382992515
3   30   0.024870901082299682
3   34   0.02274056481170043
3   36   0.03820368727715493
3   37   0.006903836139001598
3   38   0.022284347978672663
3   39   0.04090072283143815
3   40   0.09792195065450734
3   43   0.06299264762629771
3   44   0.1429254926321969
3   45   0.03929857893521452
3   51   0.12766964805752656
3   52   0.0579236587973427
3   65   0.0012104998060282312
3   66   0.0006165165951416343
3   72   0.06065432584644092
3   73   0.0033645373562790617
3   75   0.0520120560979225
3   76   0.08443452176570458
3   77   0.07260456725813905
4   6   0.04547154126262165
4   7   0.03997559137939652
4   8   0.0354491994752609
4   9   0.049980547375988636
4   10   0.0019824853351598074
4   12   0.025271477942132248
4   14   0.01978487643426079
4   15   0.016644525396864614
4   20   0.06140422974977634
4   24   0.018913402291715894
4   28   0.011952049193265955
4   34   0.07191342883063251
4   36   0.07809860631218274
4   38   0.013997955152698813
4   40   0.007476787537258746
4   47   0.02735556115347447
4   53   0.0715561346787092
4   58   0.03858059894085471
4   61   0.14279560270464045
4   73   0.03588196770236239
4   77   0.06572890122719359
5   6   0.0007020306835452745
5   15   0.10457504823156794
5   32   0.08618665224844238
5   34   0.008797041024274638
5   40   0.16184915541157938
5   41   0.06945936311878635
6   7   0.017573174295272484
6   8   0.07097550294368245
6   9   0.04054357879907683
6   10   0.06057455191849445
6   12   0.10735693577971356
6   14   0.1646157097974157
6   15   0.03231271512596299
6   20   0.134451080822752
6   23   0.0150303170641117
6   24   0.1083478211162249
6   28   0.008589225912088
6   29   0.10344365792426675
6   30   0.05153458514925232
6   34   0.1292036590794856
6   36   0.09544752328138881
6   38   0.08637850933863124
6   40   0.05100450922803052
6   41   0.020827185808650058
6   73   0.012544178777430639
6   77   0.05828044230574375
7   8   0.02477517690048812
7   9   0.0038498230035752517
7   10   0.04396737096777628
7   12   0.020085589694446182
7   14   0.008816171861294995
7   15   0.061429070065275905
7   17   0.03443633704108683
7   20   0.05657098993569364
7   21   0.07243012328729531
7   23   0.06972917173899787
7   24   0.016947649538666728
7   26   0.09301087498404033
7   27   0.010485299985453785
7   28   0.08221810271095639
7   29   0.050869491804166646
7   30   0.09781732671945119
7   33   0.04196717292385645
7   34   0.0055163850135981065
7   35   0.02762705811710087
7   36   0.027236230966661765
7   38   0.05363301210989555
7   39   0.008307281537042752
7   40   0.026374898841798375
7   43   0.007351291622916073
7   58   0.06548212360637114
7   59   0.08711615638259747
7   73   0.008213662036547296
7   76   0.04070462058183895
7   77   0.03893701939420641
8   10   0.09718366669568147
8   12   0.06787257734261158
8   14   0.1210311700809413
8   15   0.06202313696925777
8   17   0.045990682970758055
8   19   0.05270876946294272
8   20   0.09273710237571382
8   21   0.002617166325183042
8   23   0.05551658741915019
8   24   0.06245094828087321
8   26   0.12544229099643123
8   27   0.0503182824993975
8   28   0.0041052699776540314
8   29   0.07725659881146814
8   30   0.030690292559938166
8   34   0.007555975641321892
8   36   0.0921913799031338
8   38   0.001574787531888631
8   40   0.014354708284899542
8   41   0.07709171920850615
8   73   0.004430730780898328
8   77   0.025987007511380774
9   10   0.0033368179932044464
9   12   0.012046764375896695
9   14   0.030290207153829758
9   15   0.10545415596763955
9   20   0.06647676756128994
9   22   0.11281389421390024
9   24   0.0461074429734668
9   25   0.06696992037061579
9   26   0.06747427069186232
9   27   0.02198371972227439
9   28   0.0074510891487704
9   29   0.11206629988633474
9   34   0.11685130749240627
9   36   0.0598071702957496
9   37   0.058924158556145564
9   38   0.06816995959965301
9   40   0.06473020431926985
9   43   0.05317480467075843
9   45   0.010480586637303868
9   47   0.030211701435766587
9   53   0.07918095804803535
9   56   0.03663399735086694
9   58   0.03750235170080002
9   59   0.03087598837516751
9   61   0.012667831040955623
9   69   0.12851907471687268
9   73   0.008681973858682896
9   76   0.054255606351093236
9   77   0.00815784622389476
9   78   0.00844942193701413
10   12   0.03796114579356541
10   14   0.08255250005536821
10   15   0.026728119439748264
10   20   0.03551589616792489
10   24   0.044224369083256554
10   28   0.05738924419758322
10   29   0.040259907676845196
10   30   0.02634949480978939
10   34   0.0013645108933274855
10   35   0.08333298473859954
10   36   0.02496943139465921
10   38   0.008101177191003202
10   40   0.05316715582674549
10   41   0.008737485501042044
10   43   0.07299251133173484
10   53   0.0045012072897941185
10   56   0.002486813879647162
10   58   0.10105542588695117
10   73   0.08094784617324534
10   77   0.019103257472065007
11   13   0.18980555168506696
11   17   0.1259885465578191
11   18   0.06611032946428286
11   19   0.044865154696449486
11   25   0.021423017483479627
11   26   0.13512976652424363
11   27   0.08605169699675529
11   34   0.06676608144916706
11   36   0.07838790771741751
11   37   0.0759120955206352
11   38   0.02509451897218627
11   62   0.01662883900157357
11   75   0.04652150074129733
11   76   0.06819582455724711
12   14   0.09919964807743063
12   15   0.060225192843962466
12   20   0.1278983580879723
12   24   0.06642110410181315
12   28   0.0011741472840939228
12   29   0.06464882234457807
12   34   0.09004469214168644
12   36   0.051078517519697275
12   38   0.06331329383805324
12   40   0.05076564196013582
12   41   0.15456825946365454
12   53   0.0310083029246875
12   59   0.05131944655940761
12   73   0.012462028484655805
12   77   0.04348150728173991
13   22   0.008410505929396826
13   25   0.03838380294748989
13   26   0.07854041823808235
13   27   0.07056177525297784
13   31   0.023486508149867538
13   34   0.002363712541761897
13   37   0.011461086003470967
13   38   0.0038742728996995863
13   44   0.11011726563013083
13   62   0.03361779191653215
13   74   0.003600743532371343
13   75   0.035686440417587645
13   76   0.060741669250681016
14   17   0.0026184073761719717
14   19   0.02215095653457855
14   20   0.04123690201836261
14   21   0.054295129401525144
14   23   0.05540536265228974
14   24   0.0015430170170016154
14   26   0.061480986299928216
14   27   0.07006358470664092
14   28   0.022412121427772293
14   29   0.06384554335117615
14   30   0.03023035968460578
14   34   0.016605718260237372
14   36   0.06152102829171587
14   38   0.002576858557180873
14   40   0.11630383658968328
14   41   0.1587658033878764
14   43   0.0825506516245914
14   73   0.020864407197800562
14   77   0.008554900048721312
15   20   0.05919176626766295
15   22   0.0030517740281690957
15   24   0.011304977328061837
15   27   0.006684536915421721
15   28   0.02300553259778703
15   36   0.1299522420955772
15   40   0.10647325494833486
15   73   0.06643997639873643
15   77   0.012002695807620254
16   17   0.02100256667281981
16   21   0.09341051707487871
16   22   0.005572038045792323
16   23   0.22537766876855655
16   24   0.07880321716535121
16   27   0.1437429435491337
16   28   0.12723657182293727
16   34   0.10391855615572881
16   36   0.025470566878297695
16   37   0.017716591506071272
16   38   0.07843407617240405
16   39   0.0806142529773409
16   40   0.06429376875805809
16   45   0.044628548712849984
16   52   0.011776030789327643
16   65   0.05799318166508627
16   70   0.00501545332211947
16   71   0.010584638491001054
16   72   0.014695797806700172
16   73   0.024001284576542485
16   76   0.028336942887479455
16   77   0.0179539747995101
17   18   0.09038692949240176
17   19   0.054197295134361285
17   21   0.009180498461876777
17   23   0.08938941777655007
17   24   0.07994128661987861
17   26   0.1270939552388458
17   27   0.04055556739032681
17   28   0.01956630692832248
17   29   0.009560423365917428
17   30   0.013578808707956878
17   33   0.023392974992819286
17   34   0.04744151541029733
17   36   0.07616808716250068
17   37   0.05701296601986693
17   38   0.022167591193120357
17   39   0.03464221543542979
17   51   0.09000763865011346
17   52   0.032856646096497764
17   72   0.020687307236656904
17   75   0.06675013330020949
17   76   0.05591620053256467
18   19   0.09801866889618299
18   23   0.02980493727073582
18   26   0.045762773349502225
18   27   0.07972926950621775
18   34   0.0607220424598989
18   36   0.024623195532728664
18   37   0.1263353579371324
18   38   0.11443735931345442
18   75   0.04488888959431625
18   76   0.0868898921153538
19   23   0.05498853167431003
19   26   0.08103984742233764
19   27   0.12589105240603762
19   29   0.0298166886832334
19   30   0.00011341791120686765
19   34   0.02651720108146874
19   36   0.09648528058653451
19   37   0.10282217386918624
19   38   0.0671971762866574
19   39   0.04331343993881573
19   51   0.1425574210580852
19   75   0.07202187042416357
19   76   0.06794588518943907
20   24   0.05155086310763223
20   28   0.04631891964070599
20   29   0.06637025641478952
20   34   0.02269881537956705
20   36   0.03400977224310448
20   38   0.021513766904659306
20   40   0.01407029856148878
20   53   0.19735361600213105
20   58   0.06069096498905349
20   61   0.03311348375092865
20   73   0.008029637421733059
20   77   0.008007060132522933
21   22   0.010474233276569635
21   23   0.04038662421287592
21   24   0.025603394011853825
21   26   0.11706876852149381
21   27   0.0042270468313065695
21   28   0.05525438857686874
21   29   0.013515577169402146
21   30   0.06550526797204025
21   33   0.01618669674531792
21   34   0.040236609751712483
21   35   0.06432938348351698
21   36   0.09571918304650845
21   37   0.10381203260994841
21   38   0.00459268343414417
21   39   0.05998167496723355
21   40   0.03731097717084924
21   43   0.05615065738397277
21   45   0.09802635596530788
21   65   0.027257607426081226
21   70   0.00431310294490843
21   71   0.04358514208007635
21   72   0.030460735079890566
21   73   0.020192896749363497
21   76   0.027817813012351155
21   77   0.02690232725547815
21   78   0.034896883598659396
21   79   0.058459206884836995
21   84   0.04290109752840218
22   23   0.0013468476015252903
22   24   0.009361671005005658
22   25   0.016331304605284733
22   27   0.09567741626859512
22   28   0.04979685809841554
22   36   0.014747740738830782
22   37   0.06628712775743337
22   38   0.033263823687147455
22   43   0.11283994982448356
22   52   0.10332528656745904
22   65   0.03528367448938847
22   70   0.06162672131908034
22   71   0.10885271888705415
22   72   0.05770081498165104
22   73   0.0405486637544234
22   75   0.012236087603425044
22   76   0.024182351746574328
22   77   0.014468047731183065
23   24   0.03096341786029247
23   26   0.12801376200109665
23   27   0.04389677201042793
23   28   0.03438885566523757
23   29   0.07001712303613572
23   30   0.04924434782724197
23   33   0.005285978366811134
23   34   0.011649426176918033
23   35   0.0041513994497995275
23   36   0.050863347078566684
23   37   0.0032883595633725485
23   38   0.05940666112499631
23   39   0.02732077377292502
23   40   0.032126767720265195
23   43   0.030233692196415085
23   45   0.028516101763942432
23   46   0.057577249804930855
23   52   0.028567442659493132
23   65   0.040446108502169904
23   70   0.02248100304689729
23   71   0.04874957119149362
23   72   0.04043979065229315
23   73   0.010355707158127008
23   76   0.023091213505863076
23   77   0.029870964205162182
23   79   8.63419801920439e-05
23   84   0.0020539445409670605
24   25   0.03399740676765348
24   26   0.013519272491553635
24   27   0.02559132554043658
24   28   0.02075042932092599
24   29   0.08558625651807776
24   30   0.010336894283770564
24   33   0.043772693419783744
24   34   0.038505009050501894
24   36   0.0241927289606025
24   37   0.07581106023381606
24   38   0.020569585621759704
24   39   0.06806534186768785
24   40   0.009843513137348518
24   43   0.069733235175423
24   45   0.038727791318823916
24   47   0.035041821358816824
24   51   0.03260611154490459
24   52   0.09185397930083586
24   53   0.06814657673539132
24   55   0.0563561822849967
24   56   0.06033835451591116
24   58   0.05475507013462853
24   59   0.09346915793702903
24   61   0.0645453296882026
24   63   0.05491188521699848
24   65   0.004360173904690834
24   70   0.055207375846971725
24   71   0.0065077855716021565
24   72   0.018993066015296534
24   73   0.02791117749829683
24   76   0.052495866764234025
24   77   0.033427864001553065
24   78   0.04338797984329252
24   79   0.025517393861432574
24   83   0.004698897263841922
25   26   0.10116379721987831
25   27   0.0099289888412676
25   31   0.04907353024035018
25   37   0.05577261580227498
25   38   0.10348834040095825
25   45   0.020546919432659305
25   51   0.013731759708615211
25   62   0.06871809861269011
25   74   0.0509350434448351
25   75   0.02854074879448473
25   76   0.014391003276025396
26   27   0.1404041767273562
26   28   0.011146224439032178
26   29   0.04934233875104141
26   30   0.0022070245190157
26   31   0.08028192327664249
26   34   0.026891952796302843
26   36   0.06202794594628547
26   37   0.05255726395119026
26   38   0.03245180999759319
26   39   0.02745299768860446
26   43   0.038751068281670235
26   44   0.06600209166403784
26   45   0.04392292978288847
26   46   0.111441753750937
26   51   0.10719309367169523
26   52   0.07313131484234764
26   60   0.022551534346124776
26   62   0.03676301112476817
26   66   0.007090836891981464
26   67   0.07188022775502301
26   68   0.0708846488379984
26   72   0.013676130276615022
26   73   0.006422634120322232
26   74   0.0938299733352573
26   75   0.06041699921064452
26   76   0.07781808837424956
26   80   0.06619661414808349
26   83   0.09176724238855613
26   84   0.08739611077487494
27   28   0.06090199338483738
27   29   0.016584009332481
27   30   0.028218846974221886
27   31   0.026887789098180993
27   34   0.057674496036840835
27   35   0.0026935081631773478
27   36   0.05706776817889015
27   37   0.057060772931871964
27   38   0.024096231076150942
27   39   0.022651008735251284
27   40   0.003991569644448693
27   43   0.047042363150841794
27   44   0.06569953821078732
27   45   0.008364920587199263
27   46   0.04359696846555156
27   51   0.18340996861669742
27   52   0.11290330132463532
27   56   0.012226421428940457
27   58   0.02881950385645927
27   60   0.03466425476049147
27   62   0.009595032028500563
27   65   0.00252980093869974
27   66   0.04304411801322864
27   67   0.06597187029993573
27   68   0.03745605851022201
27   70   0.08763488849480057
27   71   0.10247154579185713
27   72   0.0292248646792641
27   73   0.003327471424029222
27   74   0.12160262925249461
27   75   0.054552158796819086
27   76   0.07541410022977656
27   77   0.038573755792459495
27   79   0.04045762609529578
27   80   0.024109698444769016
27   83   0.04856750543580911
27   84   0.00773226013292084
28   29   0.015269129021255781
28   30   0.018483714615035122
28   33   0.004088352279739601
28   34   0.022484073107125867
28   35   0.012588083233232907
28   36   0.01625960421608413
28   37   0.01563105071909803
28   38   0.03914617932499398
28   39   0.0819713091155061
28   40   0.05172148911711283
28   41   0.05984914101766585
28   43   0.02982085328383745
28   45   0.03538320580286757
28   47   0.056708554706709734
28   52   0.02601898277120878
28   53   0.002493910600756723
28   55   0.18515008244201187
28   56   0.11009529583733296
28   57   0.033721111446318654
28   58   0.007711942308856443
28   59   0.0008953969555684748
28   61   0.058110907179508633
28   63   0.055907388400098484
28   65   0.03352058253517176
28   69   0.045852546495388884
28   70   0.009138954941424539
28   71   0.09328134269983263
28   72   0.020690429006721314
28   73   0.03240354395425178
28   76   0.0008638759080837229
28   77   0.03523791502261312
28   78   0.038992634401645763
28   79   0.016920556694188182
28   83   0.0985004823200188
28   84   0.07861644862754323
29   30   0.0024946427024425625
29   32   0.09204834974035289
29   33   0.055461033473325365
29   34   0.03817382274815311
29   36   0.07467940538073863
29   37   0.030319778476169183
29   38   0.030837381097034627
29   40   0.1334315847116244
29   43   0.0509278803008291
29   73   0.019275546146147616
29   77   0.07074713255824355
30   33   0.010565425058787492
30   34   0.053800429380723415
30   36   0.09668560257953725
30   38   0.02629666605386614
30   39   0.07803021517044637
30   40   0.061013897297371285
30   76   0.0030868291394796363
31   37   0.023034327797454176
31   38   0.02183921496828011
31   62   0.0018259557637837953
31   75   0.006591490079642162
31   76   0.05395042778141948
31   80   0.07899271765420005
32   34   0.047489447472412655
32   36   0.10795623598091895
32   41   0.05644266413207734
33   34   0.05106858069063764
33   38   0.06345613911814789
34   36   0.010781178284675137
34   37   0.13382968845692894
34   38   0.03752043728413434
34   39   0.06665131081123404
34   40   0.09215611975172334
34   41   0.2483075042890655
34   73   0.04846342918758218
34   75   0.06610245786661317
34   76   0.06150881373995195
34   77   0.003656488753175493
35   36   0.06931239928989504
35   37   0.052929190753207414
35   38   0.03365648744288254
35   39   0.12998987253427763
35   41   0.052162068332963045
35   43   0.04567836351554009
35   44   0.05280520555600768
35   46   0.05325178703741753
35   72   0.06240141431302038
35   77   0.051356309974139785
35   84   0.20432554103886752
36   37   0.06029875791715805
36   38   0.04841693794634953
36   39   0.04442039248100598
36   40   0.18582392264197087
36   41   0.03372878901432187
36   43   0.11616125064697559
36   45   0.0008671893876144784
36   46   0.07804846548462264
36   47   0.004417510343195171
36   51   0.09758795055759202
36   52   0.05913243098227313
36   56   0.03701928422102924
36   58   0.04439431288467066
36   65   0.04824978408792274
36   70   0.013063449308268126
36   71   0.02880190288248974
36   72   0.026700456661833502
36   73   0.02209600305329474
36   75   0.029753434890988226
36   76   0.08795202848370572
36   77   0.0024407494008839735
36   83   0.016497751918770703
36   84   0.013620779783854705
37   38   0.08895075190166614
37   39   0.043604992543776255
37   40   0.016458007476605346
37   43   0.13189533920467655
37   44   0.03003520473872625
37   45   0.10040830206388943
37   51   0.07341387074084091
37   52   0.1254671914731768
37   62   0.010116276171897
37   74   0.14522175133240486
37   75   0.0582574015722863
37   76   0.07958547991792475
37   80   0.05000187732686292
37   84   0.04868124233408868
38   39   0.0027409810889182135
38   40   0.12426516738967935
38   41   0.1636817392774022
38   43   0.03207430332405617
38   44   0.13620971716475314
38   45   0.03455830924134478
38   46   0.05499880287780326
38   51   0.0861693966190149
38   52   0.07324575861513388
38   56   0.0010571511177097546
38   62   0.08736009163136965
38   65   0.05144554582558551
38   71   0.0021177080287615216
38   72   0.03153584766322926
38   73   0.004307322248257774
38   75   0.00968827795951865
38   76   0.053342743814046384
38   77   0.0022983383406077543
38   83   0.0777744787254786
38   84   0.04555152155570425
39   40   0.10760473639879227
39   43   0.01282842731297034
39   72   0.0512458794630545
39   75   0.025998101794653634
39   76   0.028189840928618412
39   84   0.04401709226062765
40   41   0.02095948472576561
40   43   0.06004541699244467
40   47   0.04051994828995399
40   58   0.05834165216387744
40   59   0.06945306306761244
40   61   0.006013578322141396
40   73   0.03260523506284151
40   77   0.025885416911669634
43   44   0.08870206904263093
43   45   0.0969160736330792
43   46   0.06791421204248115
43   47   0.05761945482134718
43   48   0.0058746927202519535
43   51   0.07214744025396673
43   52   0.04446732623844091
43   53   0.04959453268098839
43   55   0.07424031707976836
43   56   0.07630150604686296
43   57   0.017634836397309103
43   58   0.007691646378599707
43   59   0.013387528015399434
43   61   0.03717747833460516
43   63   0.0013154775416074345
43   64   0.11881129144071259
43   65   0.06209705385047559
43   66   0.024133905404308487
43   67   0.08498437390500377
43   68   0.07160162372709107
43   69   0.045577819814680766
43   70   0.1497521541142244
43   71   0.04983568150898511
43   72   0.1172627762284927
43   73   0.03911719345160291
43   75   0.022004471972970518
43   76   0.06085089457862607
43   77   0.05157127553884163
43   78   0.0294473755731329
43   79   0.12044734833419211
43   83   0.01453850019872795
43   84   0.07764380189504794
44   45   0.03661611166905969
44   46   0.10535804476300274
44   47   0.009531144305690827
44   49   0.08516661909308154
44   51   0.08130668889336941
44   52   0.0776828822062059
44   56   0.09229083485094802
44   60   0.10360129337740333
44   62   0.08567017130014384
44   65   0.07370592101989304
44   66   0.06718744448326908
44   67   0.07981429029435208
44   68   0.09944299477945005
44   70   0.13790164071183342
44   71   0.05828214200396263
44   72   0.0757926905088972
44   73   0.04836409173712435
44   75   0.05971500454272067
44   76   0.10267671853511662
44   77   0.1091692823382717
44   80   0.06407374363471874
44   83   0.07796220870918169
44   84   0.027594899812910353
45   46   0.11066778854008663
45   47   0.08438276828666197
45   48   0.12943767900369466
45   49   0.0801110992837637
45   50   0.08005851069818504
45   51   0.13547373392647905
45   52   0.02449234621747477
45   53   0.0028922113981589767
45   55   0.06453557499021005
45   56   0.038651538707199076
45   57   0.023491408748012952
45   58   0.028215697361864384
45   59   0.03299106474438854
45   60   0.11498943735055304
45   61   0.036420443545725274
45   62   0.0823972637431899
45   63   0.012656194521461871
45   65   0.07342523658175609
45   66   0.020350343043697507
45   67   0.16184375372543675
45   68   0.1024301521636273
45   69   0.031452669083304005
45   70   0.008103284063822368
45   71   0.007037951187846031
45   72   0.009271371575304797
45   73   0.02713031543744399
45   74   0.056321304346727954
45   75   0.09342582930126025
45   76   0.019816890089935233
45   77   0.042701453108335057
45   78   0.017721813708171958
45   79   0.029618437272419338
45   80   0.08415931230961488
45   82   0.06520694564109392
45   83   0.03983322892328975
45   84   0.06429479252993671
46   47   0.002146661014244105
46   48   0.13865785865810873
46   52   0.014536688739178029
46   56   0.017939700763458626
46   63   0.07298044617786802
46   65   0.03109659725120656
46   66   0.03517412574058086
46   67   0.03460482806135309
46   68   0.13516413896371934
46   70   0.02133155533750637
46   72   0.037215346325337045
46   73   0.0051830571440621975
46   75   0.04134165347841967
46   76   0.011539876821873725
46   77   0.04838099448521335
46   79   0.05725249462868264
46   83   0.019624650228488794
46   84   0.02124476966189059
47   48   0.19150340803090565
47   52   0.010966933065136426
47   53   0.019302361465729983
47   54   0.019735080788365052
47   55   0.007675369269860373
47   56   0.05582984434061567
47   57   0.015366096768150617
47   58   0.03750982378950284
47   59   0.0311860993673559
47   61   0.031083697226286643
47   63   0.0037988203936554993
47   64   0.05165336189097571
47   69   0.049860690492498694
47   71   9.854459637201848e-05
47   72   0.05871027582173702
47   73   0.011807669605713236
47   76   0.022844906525723373
47   77   0.027350267027710474
47   78   0.05051505316481268
47   79   0.08091022591388423
47   81   0.06293860168903305
47   83   0.06306358940917452
47   84   0.0454161941848503
48   54   0.05000546658128721
48   55   0.09676255292539901
48   57   0.016530340990242157
48   59   0.10775977235875758
48   61   0.11692318404608205
48   63   0.046101706781732726
48   73   0.07964297538988997
48   77   0.13807433827395807
48   78   0.01835674425161315
48   81   0.06570710247030881
48   83   0.022688628496624015
49   60   0.020957475695246676
50   56   0.09475353780666272
50   57   0.027535889291232754
50   59   0.03999871730410339
50   63   0.06119742470282788
50   77   0.03828850261525821
50   78   0.04447032401820794
50   79   0.09218362520431272
50   83   0.025078609777518548
51   58   0.06532056804263159
51   62   0.09551215331384959
51   71   0.0014391713618654546
51   73   0.004827938005664243
51   74   0.16149083874600662
51   75   0.09023663416946388
51   76   0.09816290516433678
52   56   0.13631968032954536
52   59   0.12587681063420397
52   66   0.03278562290095278
52   68   0.07695284533666837
52   70   0.14234083393971306
52   72   0.021966929080884857
52   73   0.011886694065278702
52   75   0.09112825538975208
52   76   0.009307961577443923
52   77   0.09253871663016851
52   79   0.063674716001426
52   83   0.05157393919300052
52   84   0.07568979253378047
53   55   0.004991895774495492
53   56   0.012753237590245069
53   57   0.011758072114135732
53   58   0.0434314268532951
53   59   0.004532301217892658
53   61   0.006915764566199934
53   63   0.03091956765102433
53   69   0.08762905238423767
53   73   0.0242183448652932
53   77   0.07369967583788495
53   78   0.04181910036674202
53   83   0.06477853927794816
54   55   0.05118920376393771
54   64   0.09920031336013074
55   56   0.004706915954555026
55   57   0.0668725080593989
55   58   0.06844678838438761
55   59   0.09663585801041966
55   61   0.009733357144148474
55   63   0.10560166073931573
55   64   0.04696060419950442
55   69   0.0014509056446789584
55   73   0.11883533694375786
55   77   0.014959872734089939
55   78   0.06924600470658195
55   83   0.015926412458146105
56   57   0.012001001427215515
56   58   0.0284545406569471
56   59   0.05190611431309135
56   61   0.0070667277801643455
56   63   0.030059658772848007
56   66   0.03141180472322743
56   68   0.04206569771304615
56   69   0.03811444927449154
56   70   0.028539554269252414
56   72   0.0649592149639731
56   73   0.06781865542597765
56   75   0.0886921424040606
56   76   0.036699749716498725
56   77   0.046157543550445435
56   78   0.01550065972939237
56   79   0.04936747967856343
56   82   0.096564200664415
56   83   0.033747516499951474
56   84   0.07299482150744338
57   59   0.007614234625229902
57   61   0.03210075868432367
57   63   0.06862383420559791
57   64   0.07561862940025145
57   66   0.023950943962738898
57   69   0.017345218703895486
57   70   0.01481775334876411
57   72   0.044473796370041056
57   73   0.07070077767475955
57   75   0.05280043494247556
57   76   0.07532435395403735
57   77   0.011637425405241783
57   78   0.10527410091165147
57   79   0.06569230830098506
57   83   0.004203419271025195
58   59   0.04631164936392266
58   61   0.0230134835888629
58   63   0.06737828374312595
58   64   0.07979105444228891
58   69   0.06663897943320032
58   71   0.09315560508464714
58   73   0.028322472552973217
58   74   0.11871589546905369
58   76   0.086863534246612
58   77   0.04315525906114654
58   78   0.01235530528483116
58   83   0.07628749427673322
59   61   0.020702121550440503
59   63   0.01718048040966684
59   64   0.06727352331310348
59   69   0.05613984212957571
59   73   0.09113351862488803
59   77   0.041748550596027
59   78   0.03233187346437076
59   83   0.007610965074650962
60   62   0.08030871189682728
60   66   0.10562804733991447
60   67   0.12978100183391658
60   68   0.19862301253609418
60   75   0.027303643820869812
60   76   0.1641688228953156
60   83   0.09217095378668873
61   63   0.0033710321306538982
61   64   0.01665231951579068
61   69   0.0717151928632897
61   73   0.010594519162518022
61   77   0.016992307376939502
61   78   0.0017334529764146721
61   83   0.031894267298001946
62   74   0.026582281331277654
62   75   0.02651925898102276
62   76   0.10986392618450676
62   83   0.06868662949939093
63   66   0.03396935439103032
63   68   0.05079280709745344
63   69   0.042961058149950444
63   70   0.02439399231745854
63   72   0.032201896456695155
63   73   0.036962400347160924
63   75   0.04858977076016554
63   76   0.035469948470714205
63   77   0.02601108371588102
63   78   0.1026933027058035
63   79   0.06731172097700744
63   83   0.00448383528173944
64   69   0.023186238747389086
64   71   0.0810962105541869
64   73   0.05970984542553571
64   76   0.11443462235955079
64   77   0.07365885909977304
65   70   0.1729335823294343
65   71   0.010957512986892341
65   72   0.03370979107302662
65   73   0.058548387467855165
65   76   0.07762920270481018
65   77   0.12042945068252646
65   79   0.11252444400261129
65   83   0.016589510467162522
65   84   0.05070161564384338
66   67   0.07980934162354013
66   68   0.006063862311888951
66   70   0.024250962539797923
66   72   0.04802345273202036
66   73   0.038300785260183864
66   75   0.11727187943142914
66   76   0.018661333935661936
66   77   0.007426997038987224
66   78   0.001478777201243768
66   79   0.028469587708646993
66   83   0.05306992067928532
67   68   0.06392783615403666
67   72   0.04441569541538396
67   75   0.029046706921543135
67   76   0.11960002451696708
67   83   0.07094073263823808
68   70   0.06669456835630755
68   72   0.06117682866483454
68   75   0.062418874018115064
68   76   0.08292705069538875
68   77   0.03629375043505655
68   79   0.04141214497291948
68   83   0.04725728058166329
69   73   0.0757207915829641
69   77   0.04122038639546896
69   78   0.013785989748090303
69   83   0.035602060695666154
70   71   0.022786215545522723
70   72   0.009890045479458176
70   73   0.12473502678823048
70   75   0.06640292136444355
70   76   0.015014039590802782
70   77   0.0426002413805056
70   78   0.03236370141270189
70   79   0.020447440186982423
70   82   0.056968647420801925
70   83   0.059229846736806174
70   84   0.06823357132056253
71   72   0.0175431824221999
71   73   0.008617927304609375
71   74   0.08479325753919668
71   76   0.0229582506274156
71   77   0.04663215119530909
72   73   0.009093804964507691
72   75   0.029916508014381872
72   76   0.05229007447972285
72   77   0.02619453467806592
72   78   0.038857842696940835
72   79   0.01770849047168366
72   83   0.040596666789318316
72   84   0.05362679775846483
73   74   0.09568131506992009
73   76   0.008094092220911621
73   77   0.059327689612756924
73   78   0.01528387362993573
73   79   0.06220590167898458
73   82   0.04936115924543091
73   83   0.07473316806151045
73   84   0.10777297070800301
74   76   0.01316581722938436
75   76   0.003334162655979735
75   77   0.07857335560096171
75   78   0.04054726706031731
75   79   0.06203011147832421
75   80   0.008095819121885305
75   83   0.037338438572781685
75   84   0.017909326251611003
76   77   0.01729864785898536
76   78   0.044186222919890765
76   79   0.041668978750851085
76   80   0.1090161755426071
76   83   0.007910693675592247
76   84   0.05921379976765758
77   78   0.015587543062739352
77   79   0.014803433455894282
77   82   0.02332510886255666
77   83   0.01479188751592771
77   84   0.06306265846891816
78   79   0.10608371149502811
78   81   0.07288091694205938
78   82   0.014435293939985648
78   83   0.006540382351959474
79   82   0.06390020674666651
79   83   0.0651972349766444
81   83   0.047861151482680435
82   83   0.08409932494152474
