1   7   0.10424355794644667
1   8   0.036842924205321655
1   10   0.0720828080727498
1   14   0.0007845014670739184
1   17   0.1690913600942516
1   21   0.16396062491921645
1   23   0.136083039336984
1   29   0.07057439379709302
1   30   0.2252510697470886
1   34   0.12962443428596848
2   9   0.062404038993763254
2   13   0.07729510864791321
2   17   0.027955093143838896
2   22   0.009295317643467707
2   24   0.06261795195143507
2   25   0.027355556516550913
2   26   0.047801316364609756
2   27   0.034160865523624094
2   36   0.05258034565464541
2   37   0.08630719173772954
2   38   0.03268046799446369
2   44   0.16727730331888835
2   51   0.11011639745285048
2   52   0.08097103661510151
2   62   0.023249699236211455
2   74   0.035195478141646905
2   75   0.005659209969823667
2   76   0.06079845749798748
3   6   0.12382438004502887
3   7   0.05967155239878406
3   8   0.00015965026016215726
3   14   0.05315401624256136
3   17   0.15011707622690157
3   19   0.09199507852004404
3   21   0.18920320029667362
3   23   0.10386397757706556
3   24   0.17267093625092197
3   26   0.05256284945802628
3   27   0.11607600928561956
3   28   0.05881185678526502
3   29   0.09115940440017938
3   30   0.013767851963838389
3   34   0.11300496792944197
3   36   0.22499606961027363
3   37   0.12457307213214001
3   38   0.19648342410909436
3   39   0.03010765471338127
3   40   0.2311744691199511
3   43   0.039445185647189
3   44   0.01694847821849697
3   45   0.006736691661108618
3   51   0.12297524067375233
3   52   0.13678727277871974
3   65   0.11148845581770123
3   66   0.09334067329347828
3   72   0.02799016285104711
3   73   0.08861173815607698
3   75   0.04786683212635962
3   76   0.09716733398318024
3   77   0.04903476735900703
4   6   0.09328546909517006
4   7   0.03824441105450109
4   8   0.06431047328241936
4   9   0.14389340144675858
4   10   0.03926818895782354
4   12   0.07747099378046907
4   14   0.13564205140128321
4   15   0.143983257202893
4   20   0.1313156299632825
4   24   0.18110572322799395
4   28   0.0638408750977581
4   34   0.08666298008945829
4   36   0.15025000491108423
4   38   0.00336947723951461
4   40   0.014102913346045824
4   47   0.06911878181878951
4   53   0.10957923436100755
4   58   0.3155447456541435
4   61   0.12569557576725407
4   73   0.10852661813162402
4   77   0.13549890310497134
5   6   0.11006515078350966
5   15   0.013983864215890696
5   32   0.03710055056630356
5   34   0.042765067622190796
5   40   0.002964061892166565
5   41   0.015076635258716345
6   7   0.07061124327879333
6   8   0.11510958642806882
6   9   0.03482404668791224
6   10   0.08495330763572541
6   12   0.19723282259421152
6   14   0.06158862975394866
6   15   0.01407424909813335
6   20   0.11975943246020847
6   23   0.12978470026886274
6   24   0.11374023076893204
6   28   0.08109364371668729
6   29   0.1381314290816976
6   30   0.17137436525946562
6   34   0.12116516089983599
6   36   0.0901675390454396
6   38   0.05665555709199391
6   40   0.06867471800775275
6   41   0.036151613443951146
6   73   0.038236535462033816
6   77   0.08086037412969943
7   8   0.0021132545837315997
7   9   0.04754538961813549
7   10   0.042793595288920655
7   12   0.02566835785567425
7   14   0.03854134459956936
7   15   0.05174070860627901
7   17   0.017163749206304216
7   20   0.02198773703886143
7   21   0.05992324357341736
7   23   0.11333665853086743
7   24   0.14164663534342953
7   26   0.06870653868115735
7   27   0.035171217859052896
7   28   0.058026178742713735
7   29   0.013724395872097525
7   30   0.013478923044298919
7   33   0.13826683610109702
7   34   0.039904896231601095
7   35   0.08086397054532043
7   36   0.03342948248129088
7   38   0.017027491064942786
7   39   0.053918970112445
7   40   0.09906288990349638
7   43   0.07754699363312961
7   58   0.08487084937063197
7   59   0.15755177565988512
7   73   0.061938714938615226
7   76   0.010207660917941272
7   77   0.14364299374052666
8   10   0.011956712802406188
8   12   0.12688889658593067
8   14   0.14531460851010464
8   15   0.110295412349061
8   17   0.11321163697748217
8   19   0.024200086838251648
8   20   0.14219643957683628
8   21   0.10023973442295646
8   23   0.006384714768166398
8   24   0.17487545728335213
8   26   0.02694785801708527
8   27   0.1795762737228413
8   28   0.034448312222132696
8   29   0.11422813517754725
8   30   0.03120916638035404
8   34   0.03814043068498512
8   36   0.23103856812581733
8   38   0.12563988243598936
8   40   0.03798668926272476
8   41   0.11012367952057095
8   73   0.1538609465343251
8   77   0.2013916243754201
9   10   0.10852491236574233
9   12   0.011495064114451652
9   14   0.03824000218428722
9   15   0.11726013508753086
9   20   0.1280655578029786
9   22   0.03793221286423182
9   24   0.05614717264228468
9   25   0.07912265061731069
9   26   0.03670540667801884
9   27   0.01848344284484959
9   28   0.0033861559988922992
9   29   0.1378265251196483
9   34   0.056370535359568784
9   36   0.13213109439136023
9   37   0.10495432931094456
9   38   0.11101686668029957
9   40   0.07196500815206207
9   43   0.10413294842619583
9   45   0.060162935933785806
9   47   0.00613565826057036
9   53   0.08620793441754578
9   56   0.0544170781794384
9   58   0.07298978100541684
9   59   0.0011805979424320356
9   61   0.012372512386625796
9   69   0.0748007595413727
9   73   0.1112691087295821
9   76   0.06500444490327156
9   77   0.11082435859394102
9   78   0.025423936156990287
10   12   0.06387681900017575
10   14   0.08156731770974228
10   15   0.07272382276979568
10   20   0.102531424831439
10   24   0.009741409367210577
10   28   0.009566049960375389
10   29   0.018949595482459072
10   30   0.05414923499906494
10   34   0.04797810791473131
10   35   0.08186210965555822
10   36   0.1254089503963526
10   38   0.03328823097387132
10   40   0.060372162715956766
10   41   0.02246194988921102
10   43   0.07518380301562058
10   53   0.0789492451676594
10   56   0.021524646437553842
10   58   0.12728127195677538
10   73   0.03475586805477143
10   77   0.09343421180905323
11   13   0.033095816315317925
11   17   0.06743773615561471
11   18   0.02727357741986542
11   19   0.12385540807744609
11   25   0.10661399778052377
11   26   0.005136231203817225
11   27   0.08274224868154535
11   34   0.026990070135003444
11   36   0.003361478417646693
11   37   0.04248459548844948
11   38   0.08946034521092568
11   62   0.13134119573620023
11   75   0.19532362229886951
11   76   0.21167004428331598
12   14   0.07579870041019356
12   15   0.022638553152113265
12   20   0.269018145068343
12   24   0.056792182552064904
12   28   0.04266963981210004
12   29   0.021114282267200475
12   34   0.039429729286935736
12   36   0.15521933197742288
12   38   0.07243853633055475
12   40   0.03517654642331171
12   41   0.10288633470964306
12   53   0.013166373709845098
12   59   0.0053184345333388665
12   73   0.0005499776896909056
12   77   0.008819109097677571
13   22   0.015601901126306524
13   25   0.07396131280800317
13   26   0.11163318503112105
13   27   0.012959171632540574
13   31   0.10694580411020721
13   34   0.08219117560718706
13   37   0.01885515524293914
13   38   0.04049881260733254
13   44   0.10461004663337718
13   62   0.05531547758138959
13   74   0.018629823630459515
13   75   0.02385821194825027
13   76   0.038738751068583016
14   17   0.10922532662890844
14   19   0.03142960905926133
14   20   0.11314793915492473
14   21   0.03743098267820298
14   23   0.014243619173716634
14   24   0.15244717222825904
14   26   0.06963114056495821
14   27   0.10489147047322157
14   28   0.0062341822879646526
14   29   0.031342784908320896
14   30   0.16788733906219844
14   34   0.006621189913276602
14   36   0.21346319057394397
14   38   0.14795241031827588
14   40   0.009760994841997437
14   41   0.16163081106830726
14   43   0.10631773463656558
14   73   0.1693514544829573
14   77   0.22757263263757055
15   20   0.129029298692647
15   22   0.14560327515562727
15   24   0.09863487368243959
15   27   0.19008729574197875
15   28   0.13198815285985677
15   36   0.010591843775792796
15   40   0.08559407325166411
15   73   0.09454043441568899
15   77   0.08033707538083752
16   17   0.16262909926669292
16   21   0.12043709634506118
16   22   0.009658974545274835
16   23   0.08982571495365536
16   24   0.28048880897453904
16   27   0.012119519913991626
16   28   0.007856224210537907
16   34   0.16179201633518078
16   36   0.1709094739832545
16   37   0.0623103847279115
16   38   0.1649899060997802
16   39   0.16044140390739792
16   40   0.13041326095446334
16   45   0.07662357641529745
16   52   0.10416709953069508
16   65   0.22584175955654295
16   70   0.19687423648806782
16   71   0.07922291152692608
16   72   0.18962218452542687
16   73   0.20097250286888937
16   76   0.007982830471672048
16   77   0.2106385982964586
17   18   0.022618741016601596
17   19   0.008771371532586513
17   21   0.0266248850788521
17   23   0.10884141904587147
17   24   0.11509334969550478
17   26   0.05931340960631917
17   27   0.1850972701504146
17   28   0.20018576295231583
17   29   0.02857847146908039
17   30   0.12165440289689483
17   33   0.06334800166817983
17   34   0.060829252120276275
17   36   0.058651610666599324
17   37   0.01668535077960317
17   38   0.003982093262272179
17   39   0.07194223065861055
17   51   0.024840994714214738
17   52   0.25149380762856816
17   72   0.12953898803268898
17   75   0.13232959598210833
17   76   0.10892495626709595
18   19   0.12191343727028901
18   23   0.010394385662875738
18   26   0.09063568626416423
18   27   0.04358909741128777
18   34   0.052047108379841736
18   36   0.05766363926824484
18   37   0.05205155735543884
18   38   0.006740178490982513
18   75   0.2402018061624279
18   76   0.21846916002706535
19   23   0.017154651097241225
19   26   0.0639916365836573
19   27   0.030044692166681555
19   29   0.06418007154103042
19   30   0.01623503542956238
19   34   0.06193835457749424
19   36   0.08293100590325866
19   37   0.04938926137437021
19   38   0.01315193827231556
19   39   0.15056118076480962
19   51   0.029632519347581508
19   75   0.14590131889630165
19   76   0.15239263948852266
20   24   0.026291788065063444
20   28   0.05388452281313702
20   29   0.024969162508356065
20   34   0.06887149006084085
20   36   0.1360861180906224
20   38   0.06931685064567165
20   40   0.2328928853249733
20   53   0.05728983876781065
20   58   0.26481196032325544
20   61   0.081881166912137
20   73   0.10925656988985238
20   77   0.10098186433465745
21   22   0.10474015521330034
21   23   0.11325903681808645
21   24   0.09794602117974928
21   26   0.12268745796063311
21   27   0.04012647336367087
21   28   0.16720573498424643
21   29   0.09863668772833067
21   30   0.05343135424299111
21   33   0.028509676327918308
21   34   0.08910512222126199
21   35   0.03781155367460588
21   36   0.1436693540889793
21   37   0.08967435601490145
21   38   0.029386389541083992
21   39   0.00718978829393285
21   40   0.06541321000042147
21   43   0.1157395393009608
21   45   0.05543154701911962
21   65   0.06736420679224513
21   70   0.03886804363386264
21   71   0.08632253885335726
21   72   0.024410851168425503
21   73   0.040355217500503825
21   76   0.11750158097553863
21   77   0.00665948060560218
21   78   0.09161752844987636
21   79   0.03011646036045312
21   84   0.17466214190534723
22   23   0.055848996832238665
22   24   0.10414044047052815
22   25   0.09625844207865591
22   27   0.0782172398310384
22   28   0.10315453976909268
22   36   0.01862128099909756
22   37   0.09288442781938158
22   38   0.025870109960041555
22   43   0.03209379370755462
22   52   0.20233583899435414
22   65   0.16401404535458058
22   70   0.020383922344583243
22   71   0.14147185863319267
22   72   0.10528196828969962
22   73   0.09451394457165306
22   75   0.04818726627184742
22   76   0.03044138300063085
22   77   0.08735423168308928
23   24   0.05567415301131205
23   26   0.018455683905575372
23   27   0.11036143655203202
23   28   0.11577449326830364
23   29   0.008822533321851097
23   30   0.023217018774649472
23   33   0.008488335668605625
23   34   0.03034683840546128
23   35   0.05901453171795007
23   36   0.057927552197992546
23   37   0.08247284815233649
23   38   0.06923634603955008
23   39   0.12324719712340138
23   40   0.06504465943754359
23   43   0.008214836374492674
23   45   0.0214345236850627
23   46   0.024417743346350676
23   52   0.12332701759912545
23   65   0.08016487951456953
23   70   0.01894780786543763
23   71   0.029964955736224735
23   72   0.14051626510532905
23   73   0.04704025249412463
23   76   0.029825151499592466
23   77   0.0524948482961494
23   79   0.13023197552286686
23   84   0.05924271279689265
24   25   0.015151606088523712
24   26   0.021773447941368717
24   27   0.08172890789418834
24   28   0.04062552188358553
24   29   0.027510860545360363
24   30   0.07284804070617061
24   33   0.03384198770465013
24   34   0.05876164972330948
24   36   0.09098026319416547
24   37   0.12690329310245868
24   38   0.11017406456232492
24   39   0.07149486755591908
24   40   0.012020731883118519
24   43   0.00852282574612967
24   45   0.05436422238624015
24   47   0.08981172969738205
24   51   0.008808893565156873
24   52   0.1707668083416753
24   53   0.042221893514247766
24   55   0.09400031163655112
24   56   0.09190033727444558
24   58   0.17868877379607953
24   59   0.004672386979817973
24   61   0.0078006269914509315
24   63   0.09284239712998413
24   65   0.1729623357954467
24   70   0.04102230452488028
24   71   0.006117309298288466
24   72   0.027938623581164067
24   73   0.18395208147413547
24   76   0.007299434612260689
24   77   0.1548349983479135
24   78   0.15807908659461437
24   79   0.20588868953508857
24   83   0.16251380928020426
25   26   0.003814443696281974
25   27   0.007991200345923663
25   31   0.04231872977715628
25   37   0.07732702666450057
25   38   0.03950646788456458
25   45   0.14692144577306698
25   51   0.06084907738441579
25   62   0.15256775551068397
25   74   0.14660639996585959
25   75   0.004955673226348043
25   76   0.033833284662541346
26   27   0.003919888912470889
26   28   0.06370299786970277
26   29   0.06545355978037924
26   30   0.05602710109620491
26   31   0.0015416479907305808
26   34   0.101752528686989
26   36   0.01311714966009855
26   37   0.11160201843024954
26   38   0.012893201515622548
26   39   0.12157488544347742
26   43   0.004218267647878342
26   44   0.07831088928577706
26   45   0.025929696481826386
26   46   0.05553665123689693
26   51   0.0972752996459985
26   52   0.1596818925936447
26   60   0.0378297754863106
26   62   0.0407374535393977
26   66   0.1603312811461745
26   67   0.021318064249415156
26   68   0.04347743141983213
26   72   0.04056772602410445
26   73   0.1576084120123494
26   74   0.15780937880702525
26   75   0.11725149628182434
26   76   0.1110751410817711
26   80   0.07008529257513123
26   83   0.05712997572689875
26   84   0.040783908566505135
27   28   0.05191205983901324
27   29   0.10025872199482383
27   30   0.10711583261462995
27   31   0.09748718540120144
27   34   0.1269937428742594
27   35   0.12490096568940104
27   36   0.09324358809314244
27   37   0.09200174991694107
27   38   0.14830260893505484
27   39   0.31549516252047627
27   40   0.0384414470430746
27   43   0.019216368055177367
27   44   0.025164080342065888
27   45   0.015668756492539203
27   46   0.019432426233092805
27   51   0.11007667905272055
27   52   0.1890101160832676
27   56   0.11842966466603155
27   58   0.09987466095576462
27   60   0.008970698196158358
27   62   0.0719555549348866
27   65   0.06600682134478929
27   66   0.10117662783179684
27   67   0.1006105606318742
27   68   0.024835919254617225
27   70   0.07668351699907025
27   71   0.005222615685029705
27   72   0.15971408492194966
27   73   0.07212859521003641
27   74   0.10205024138181377
27   75   0.02935451406986744
27   76   0.022146794214497043
27   77   0.08436820423947336
27   79   0.04158739861451386
27   80   0.05611891801033128
27   83   0.014747337155770457
27   84   0.022557502737022006
28   29   0.01109964236588146
28   30   0.05742458835694555
28   33   0.007465003718214475
28   34   0.09613909924261321
28   35   0.06320061047511079
28   36   0.028760192804935383
28   37   0.12035375284655303
28   38   0.1363891357413924
28   39   0.03694702529041393
28   40   0.06013720275477247
28   41   0.10173037471429089
28   43   0.07614752242953725
28   45   0.022833338639336835
28   47   0.027009118215285465
28   52   0.051768419318588076
28   53   0.1215644522289645
28   55   0.0735213591594828
28   56   0.09081651607736284
28   57   0.2265044171812221
28   58   0.07383113098120248
28   59   0.029375563605949284
28   61   0.008620212765226657
28   63   0.14281663956930765
28   65   0.052717003783882437
28   69   0.08938447264381864
28   70   0.0010415639274943603
28   71   0.08946333115251343
28   72   0.08009479758918867
28   73   0.09273214864116006
28   76   0.17900575059915574
28   77   0.14623124645064484
28   78   0.10175382346703969
28   79   0.1644226220533093
28   83   0.05549925564394302
28   84   0.08961783029120358
29   30   0.07473308230541885
29   32   0.034015181986925935
29   33   0.06912460032268408
29   34   0.040719484919533415
29   36   0.041641923107724105
29   37   0.022130849217635393
29   38   0.005532052873843432
29   40   0.06287933295270666
29   43   0.08685096909150845
29   73   0.007072675411301073
29   77   0.10859957645795502
30   33   0.09459834681981263
30   34   0.012306263033739348
30   36   0.031149446861205583
30   38   0.029021708979405782
30   39   0.013527745959890867
30   40   0.04499370982573844
30   76   0.0022207059580927418
31   37   0.06038488838039166
31   38   0.03464547574797673
31   62   0.13042668629213586
31   75   0.11061003962060473
31   76   0.13470200318005865
31   80   0.03299447208918472
32   34   0.00476408428965303
32   36   0.11558658953396772
32   41   0.08200330894974713
33   34   0.040550253997344146
33   38   0.02868429199535028
34   36   0.12438736583379754
34   37   0.09807844745254124
34   38   0.03705217668531221
34   39   0.05800771388795575
34   40   0.03844555802285611
34   41   0.0028855723426581916
34   73   0.02544649125518459
34   75   0.1959959103597525
34   76   0.09833260466328528
34   77   0.014175386086168976
35   36   0.019345829874252773
35   37   0.10557213293699581
35   38   0.09064733672107396
35   39   0.1107841006246452
35   41   0.0481304596609751
35   43   0.13477321224916677
35   44   0.01413405446483197
35   46   0.01370426456952413
35   72   0.14291437429160722
35   77   0.14206806286698334
35   84   0.024630572801981773
36   37   0.012629402526823586
36   38   0.10537235901065381
36   39   0.07829204763895094
36   40   0.08595024558637651
36   41   0.03199574692951714
36   43   0.06140837305413645
36   45   0.009795582869548512
36   46   0.04796339935144891
36   47   0.03767142979673908
36   51   0.06504734641498763
36   52   0.10971087479231993
36   56   0.0487483070100216
36   58   0.07045028614842562
36   65   0.012051325538131642
36   70   0.12123361187473403
36   71   0.0018187527123732592
36   72   0.008719376055623083
36   73   0.08479721746566227
36   75   0.15650328125462343
36   76   0.056216930462383116
36   77   0.03045183834374777
36   83   0.03876522712816104
36   84   0.08614198861087058
37   38   0.10818827523969102
37   39   0.02336875916702993
37   40   0.03653886219566877
37   43   0.016821182073963152
37   44   0.14871902732346254
37   45   0.04815136728209802
37   51   0.1119028651836861
37   52   0.06849112182018278
37   62   0.08195135036925165
37   74   0.1093158369400706
37   75   0.07386434861336663
37   76   0.0688904661318909
37   80   0.014781020468924941
37   84   0.05401891813480172
38   39   0.052699616559019585
38   40   0.006552185012516777
38   41   0.0031742785301844805
38   43   0.024866702412552018
38   44   0.1471123037721143
38   45   0.07056956478463212
38   46   0.06443552685399773
38   51   0.052052044300925
38   52   0.13622050854447845
38   56   0.020645349536478164
38   62   0.09943943583137842
38   65   0.04864619267676925
38   71   0.11678932790939055
38   72   0.08189336873629678
38   73   0.03503225907794698
38   75   0.1583623121002224
38   76   0.057865000365936746
38   77   0.043008177659653105
38   83   0.07233572419834232
38   84   0.03738959930185831
39   40   0.08267875396231142
39   43   0.08432958067756904
39   72   0.09967182183324885
39   75   0.18728206504353678
39   76   0.11324797822334062
39   84   0.09759930273738517
40   41   0.060979126348388916
40   43   0.1234593083412702
40   47   0.016078538896866626
40   58   0.06659106956716769
40   59   0.0566610860985195
40   61   0.10342358657504855
40   73   0.0068012757653486125
40   77   0.052379392490153664
43   44   0.01735483650655964
43   45   0.10818729289261177
43   46   0.12623216700239473
43   47   0.14411976650738847
43   48   0.12613662398857245
43   51   0.0196602376059552
43   52   0.0397520238245627
43   53   0.01347093289807525
43   55   0.15380375119296832
43   56   0.002185388608811594
43   57   0.13518809972114956
43   58   0.05274429711285943
43   59   0.09325339268594401
43   61   0.07417413750273485
43   63   0.14445852061778422
43   64   0.10803642539787223
43   65   0.09227327309071373
43   66   0.07579154438928364
43   67   0.05256621181621316
43   68   0.032311567377754584
43   69   0.13389743816208133
43   70   0.12314321870272887
43   71   0.1599128376088593
43   72   0.0287591207349255
43   73   0.05506679706249971
43   75   0.0745109085965517
43   76   0.11142135554413629
43   77   0.12889325201097307
43   78   0.05909513641187852
43   79   0.04410115976596387
43   83   0.14269873220580828
43   84   0.005494236486943164
44   45   0.05648667759397936
44   46   0.039875822417242135
44   47   0.05135207469975552
44   49   0.062496197956213986
44   51   0.06175113836107683
44   52   0.04334599611997276
44   56   0.06267293435249334
44   60   0.047849583430097126
44   62   0.04654502328050939
44   65   0.12831989130259733
44   66   0.06242828579923611
44   67   0.014182046918418472
44   68   0.025906720555110507
44   70   0.0020856463385603478
44   71   0.06517431147609802
44   72   0.03342987382254866
44   73   0.027664545924978207
44   75   0.03933101141317065
44   76   0.03674904247304618
44   77   0.04693181161964767
44   80   0.051983113297858576
44   83   0.01343184781936853
44   84   0.027637125035519572
45   46   0.01449168356921466
45   47   0.0593021364572344
45   48   0.0823160815254755
45   49   0.0028994162801669336
45   50   0.057331582782542995
45   51   0.025210255482624584
45   52   0.028171527740757756
45   53   0.023701440661846016
45   55   0.007500612082519787
45   56   0.019260784876601055
45   57   0.04655085359126739
45   58   0.058547416599634985
45   59   0.06641903812081108
45   60   0.0172404964960899
45   61   0.033931590682582634
45   62   0.0007300948412656067
45   63   0.07881372840873695
45   65   0.10242324398421615
45   66   0.015005513460160045
45   67   0.07471114877516606
45   68   0.020219153732457255
45   69   0.05397254452658377
45   70   0.06522529382927442
45   71   0.1417090893271935
45   72   0.11907598000423758
45   73   0.05239405339676119
45   74   0.15198441005608967
45   75   0.11845625314313407
45   76   0.11069157179830845
45   77   0.157204768483917
45   78   0.014486154117452821
45   79   0.02916807014072561
45   80   0.06063615375562922
45   82   0.1746057770606955
45   83   0.05483520794732768
45   84   0.022552352564335913
46   47   0.02076001459143292
46   48   0.09672542584550534
46   52   0.06795627410643099
46   56   0.04251094221077267
46   63   0.07748010065467809
46   65   0.10497643494737267
46   66   0.05652609348426621
46   67   0.03533514872135652
46   68   0.0840296634517084
46   70   0.04179912014972226
46   72   0.07428770863605103
46   73   0.005427173140023786
46   75   0.18067570768546767
46   76   0.16010559428336188
46   77   0.02260485656268515
46   79   0.02252969061003591
46   83   0.03335174824360087
46   84   0.12072041565743094
47   48   0.05251332833500256
47   52   0.1752389403660724
47   53   0.11158613228549606
47   54   0.045405445169995354
47   55   0.008537046574619518
47   56   0.01978905550452251
47   57   0.026062224375136712
47   58   0.15154229778889877
47   59   0.004951484769242671
47   61   0.11805718348672313
47   63   0.01899773859421381
47   64   0.08167832907135118
47   69   0.19944673850397712
47   71   0.1170409913004846
47   72   0.13425546518609338
47   73   0.06505425957056249
47   76   0.11942119903995436
47   77   0.06937092481206103
47   78   0.05725111218287198
47   79   0.008494244869724018
47   81   0.003562349200264278
47   83   0.0034674053650085783
47   84   0.05649797087445166
48   54   0.10535121525439192
48   55   0.0469340897113551
48   57   0.00603334503312455
48   59   0.012383747142095874
48   61   0.02647587409656021
48   63   0.055930242754851006
48   73   0.07747886217757145
48   77   0.1022595274645829
48   78   0.08069988335649085
48   81   0.06655224368242586
48   83   0.07086952766116397
49   60   0.03626638578886316
50   56   0.15015939105564563
50   57   0.18634043711552511
50   59   0.00848025997483473
50   63   0.0808703437886174
50   77   0.052156993900593286
50   78   0.2805215044158203
50   79   0.118102087787795
50   83   0.11458977625243225
51   58   0.07747205415548185
51   62   0.036270684909897245
51   71   0.0776480022693109
51   73   0.01069246519287897
51   74   0.03531732814519898
51   75   0.08908805997451315
51   76   0.01383295231598553
52   56   0.019294898510105393
52   59   0.009239924024482628
52   66   0.12981908948784238
52   68   0.050577775513149806
52   70   0.04903368243307524
52   72   0.07431609358792833
52   73   0.022407140229477703
52   75   0.04682279324247278
52   76   0.13164232063895104
52   77   0.02677932769714758
52   79   0.08997328255630667
52   83   0.06980440097668625
52   84   0.0013522083452975125
53   55   0.10227988575753443
53   56   0.014224576845203424
53   57   0.12359097095140889
53   58   0.09757625196216836
53   59   0.0485173124884689
53   61   0.04131346982763909
53   63   0.0016459384653067376
53   69   0.1206075939485481
53   73   0.09385215544871162
53   77   0.012169231723204218
53   78   0.013187987018055144
53   83   0.1022952550049887
54   55   0.19141154854582212
54   64   0.16224561803465185
55   56   0.12008812146356082
55   57   0.06465200689302905
55   58   0.0007191655414387125
55   59   0.057934939732376636
55   61   0.029791263750978996
55   63   0.10798586883995115
55   64   0.27960187977834927
55   69   0.2111861676268196
55   73   0.038800066899899906
55   77   0.07504983809872454
55   78   0.04876553424244383
55   83   0.005256888907186809
56   57   0.17563390588003114
56   58   0.10732107743670881
56   59   0.042688935931347934
56   61   0.001300025409420838
56   63   0.08374169149863593
56   66   0.058169518047273466
56   68   0.05457471567623715
56   69   0.022216061801476363
56   70   0.10569587519337065
56   72   0.011958712414325738
56   73   0.06095255783534656
56   75   0.09775773217816085
56   76   0.1072498222444896
56   77   0.06519059653832482
56   78   0.06355283268759748
56   79   0.04014273464979598
56   82   0.20651698395028795
56   83   0.01540895899207529
56   84   0.08571446562152543
57   59   0.016191878443822035
57   61   0.15586850151224815
57   63   0.14311234165848635
57   64   0.006465768546986426
57   66   0.10537301823757668
57   69   0.1586215547123264
57   70   0.05828531052974796
57   72   0.014421467797374373
57   73   0.22154262995138163
57   75   0.0342394852147886
57   76   0.024526326763928512
57   77   0.1989760622282407
57   78   0.0060495457503743745
57   79   0.09959161415976284
57   83   0.07339694788218021
58   59   0.03171101739941077
58   61   0.04153198815612228
58   63   0.029171920325094993
58   64   0.003404235095447059
58   69   0.11547753855304281
58   71   0.08921269489377763
58   73   0.10189125441452802
58   74   0.0003576809564908424
58   76   0.08211563298319556
58   77   0.003472796822350298
58   78   0.0715213860621804
58   83   0.01680852737328184
59   61   0.00048245757340095746
59   63   0.07454662729487443
59   64   0.019161721608681997
59   69   0.0016736250720541742
59   73   0.06937832099666394
59   77   0.05238903391157433
59   78   0.012533762466949623
59   83   0.11718620517330386
60   62   0.007955520525040035
60   66   0.05706892567370291
60   67   0.06734378401455314
60   68   0.002236449238278374
60   75   0.07305014455546155
60   76   0.04016738401753714
60   83   0.16399798839597862
61   63   0.02726085513025401
61   64   0.03593361062538031
61   69   0.08801754973497382
61   73   0.02791713673581408
61   77   0.016704195891157885
61   78   0.05285884447409975
61   83   0.0920906612137555
62   74   0.19638709044622052
62   75   0.005274053900703143
62   76   0.01062448653487496
62   83   0.022325585360576605
63   66   0.018865419904760733
63   68   0.030640180285116947
63   69   0.08961807496415619
63   70   0.059645051807495054
63   72   0.002663701891448072
63   73   0.12696901553685355
63   75   0.05054786784124961
63   76   0.007645763445332385
63   77   0.13284245413668935
63   78   0.020393873178712798
63   79   0.17086786678274196
63   83   0.07217526933216487
64   69   0.07467727746448459
64   71   0.013767920716175337
64   73   0.055477220178054315
64   76   0.15601035260759413
64   77   0.0933491408948593
65   70   0.019463446674832394
65   71   0.07977053075496054
65   72   0.11600221894159342
65   73   0.1958258329782139
65   76   0.08373965976969774
65   77   0.15522995566704778
65   79   0.1682075707260378
65   83   0.12189085132305197
65   84   0.11054260027240898
66   67   0.021168393600679025
66   68   0.06491783278070487
66   70   0.04277064716916353
66   72   0.00401937004549051
66   73   0.06464705564696317
66   75   0.02375736324967114
66   76   0.08684958846885718
66   77   0.11386389584232208
66   78   0.010530315063410527
66   79   0.012595890969985733
66   83   0.03753619607309605
67   68   0.0411747792401329
67   72   0.08298257729010883
67   75   0.0969145641531463
67   76   0.04224128070138032
67   83   0.021868478673077653
68   70   0.08281053335764728
68   72   0.054766691221927094
68   75   0.1244404517496805
68   76   0.10009112520901732
68   77   0.1760652132663131
68   79   0.06481390532420937
68   83   0.015086227667019439
69   73   0.0516205627276874
69   77   0.09622959846930794
69   78   0.0579696462087663
69   83   0.0888499362430612
70   71   0.048654415262410766
70   72   0.022997077391514513
70   73   0.09576028878978862
70   75   0.09133995290439374
70   76   0.1578827443725997
70   77   0.08240087048828469
70   78   0.027771057327247474
70   79   0.07326965861314712
70   82   0.14357336437842905
70   83   0.0868261908375233
70   84   0.04872133390927463
71   72   0.12351561030234515
71   73   0.07123835641415836
71   74   0.13298420289016952
71   76   0.09442461860946526
71   77   0.016797670520853535
72   73   0.12758511884179835
72   75   0.05934237569423949
72   76   0.01716410977929543
72   77   0.11811592649674119
72   78   0.04603763438298271
72   79   0.07448500115099087
72   83   0.06210657352641983
72   84   0.06897939985043232
73   74   0.014442623609786685
73   76   0.015915812339320275
73   77   0.13666879153259884
73   78   0.11831114256049156
73   79   0.07660176211384218
73   82   0.03613291752856217
73   83   0.14672893803105455
73   84   0.05853940425002681
74   76   0.04256529718598009
75   76   0.028795161499883242
75   77   0.027083085236109302
75   78   0.02667495729256249
75   79   0.0876526554884568
75   80   0.029976274812851023
75   83   0.045263236842697646
75   84   0.130375661512823
76   77   0.0283328674051465
76   78   0.017504600781298774
76   79   0.07311553771949549
76   80   0.019233942917953245
76   83   0.018867952827949362
76   84   0.15363521528227794
77   78   0.18870255216370146
77   79   0.15188124216946344
77   82   0.053252344960951936
77   83   0.14027812048516283
77   84   0.1131311124165853
78   79   0.21041391893691555
78   81   0.07728784666807646
78   82   0.002767270143036982
78   83   0.0006279448052533261
79   82   0.129762675320576
79   83   0.0003124834738228441
81   83   0.008366472500092738
82   83   0.012042751220171382
