1   7   0.03660413800601512
1   8   0.07732669814490822
1   14   0.1249357600969299
1   17   0.025962834762909254
1   23   0.044429806812700846
1   28   0.09463539456725888
1   29   0.03262069546387998
1   30   0.008675047911667783
2   9   0.048263973990232814
2   13   0.026936478297785244
2   17   0.1004140765459846
2   22   0.007436519723404331
2   24   0.04621402517718151
2   25   0.024969936792437957
2   26   0.09388601723558147
2   27   0.06840462440226315
2   31   0.055102976821183106
2   36   0.07149380355654268
2   37   0.1259990019194287
2   38   0.03431204048297381
2   42   0.08913279305187594
2   51   0.09295267779008502
2   62   0.031871795517633895
2   75   0.0471427372784862
2   76   0.10333332579961878
2   80   0.024837968505905365
3   7   0.10478670913680783
3   8   0.08181584131660587
3   14   0.08411167355537053
3   17   0.020762779921593987
3   19   0.10584207325955412
3   21   0.09384667863767714
3   23   0.005140796894974252
3   26   0.12605000563729946
3   27   0.09763757773821082
3   28   0.017369077351250005
3   30   0.024870901082299682
3   34   0.02274056481170043
3   36   0.03820368727715493
3   37   0.006903836139001598
3   38   0.022284347978672663
3   39   0.04090072283143815
3   51   0.12766964805752656
3   52   0.0579236587973427
3   76   0.08443452176570458
4   9   0.049980547375988636
4   10   0.0019824853351598074
4   12   0.025271477942132248
4   15   0.016644525396864614
4   20   0.06140422974977634
4   24   0.018913402291715894
4   28   0.011952049193265955
4   77   0.06572890122719359
5   6   0.0007020306835452745
5   9   0.07490368142164391
5   12   0.07557949196448027
5   15   0.10457504823156794
5   24   0.030568253127366905
5   32   0.08618665224844238
5   34   0.008797041024274638
5   36   0.10132536412565286
5   40   0.16184915541157938
5   41   0.06945936311878635
6   7   0.017573174295272484
6   8   0.07097550294368245
6   9   0.04054357879907683
6   10   0.06057455191849445
6   12   0.10735693577971356
6   14   0.1646157097974157
6   15   0.03231271512596299
6   20   0.134451080822752
6   28   0.008589225912088
6   32   0.01687053648744019
6   36   0.09544752328138881
6   40   0.05100450922803052
6   41   0.020827185808650058
7   8   0.02477517690048812
7   9   0.0038498230035752517
7   10   0.04396737096777628
7   14   0.008816171861294995
7   15   0.061429070065275905
7   17   0.03443633704108683
7   21   0.07243012328729531
7   23   0.06972917173899787
7   24   0.016947649538666728
7   28   0.08221810271095639
7   29   0.050869491804166646
7   30   0.09781732671945119
7   33   0.04196717292385645
7   34   0.0055163850135981065
7   36   0.027236230966661765
7   38   0.05363301210989555
7   39   0.008307281537042752
7   40   0.026374898841798375
7   41   0.04797260424980599
8   10   0.09718366669568147
8   12   0.06787257734261158
8   14   0.1210311700809413
8   15   0.06202313696925777
8   17   0.045990682970758055
8   23   0.05551658741915019
8   26   0.12544229099643123
8   28   0.0041052699776540314
8   29   0.07725659881146814
8   30   0.030690292559938166
8   32   0.060507891885886005
8   34   0.007555975641321892
8   36   0.0921913799031338
8   40   0.014354708284899542
8   41   0.07709171920850615
9   10   0.0033368179932044464
9   12   0.012046764375896695
9   15   0.10545415596763955
9   20   0.06647676756128994
9   22   0.11281389421390024
9   24   0.0461074429734668
9   25   0.06696992037061579
9   27   0.02198371972227439
9   28   0.0074510891487704
9   29   0.11206629988633474
9   36   0.0598071702957496
9   38   0.06816995959965301
9   40   0.06473020431926985
9   42   0.04449108917704935
9   58   0.03750235170080002
9   73   0.008681973858682896
9   77   0.00815784622389476
10   12   0.03796114579356541
10   14   0.08255250005536821
10   15   0.026728119439748264
10   20   0.03551589616792489
10   24   0.044224369083256554
10   28   0.05738924419758322
10   29   0.040259907676845196
10   34   0.0013645108933274855
10   36   0.02496943139465921
10   38   0.008101177191003202
10   40   0.05316715582674549
10   41   0.008737485501042044
11   13   0.18980555168506696
11   17   0.1259885465578191
11   18   0.06611032946428286
11   19   0.044865154696449486
11   25   0.021423017483479627
11   26   0.13512976652424363
11   27   0.08605169699675529
11   31   0.060795250884111134
11   34   0.06676608144916706
11   36   0.07838790771741751
11   37   0.0759120955206352
11   38   0.02509451897218627
11   42   0.08361966689460582
11   49   0.03981347152218646
11   62   0.01662883900157357
11   74   0.0608166423591088
11   76   0.06819582455724711
11   80   0.09728956531656646
12   14   0.09919964807743063
12   15   0.060225192843962466
12   20   0.1278983580879723
12   24   0.06642110410181315
12   28   0.0011741472840939228
12   29   0.06464882234457807
12   32   0.08271139346304232
12   34   0.09004469214168644
12   36   0.051078517519697275
12   40   0.05076564196013582
12   41   0.15456825946365454
13   22   0.008410505929396826
13   25   0.03838380294748989
13   26   0.07854041823808235
13   27   0.07056177525297784
13   31   0.023486508149867538
13   32   0.03182549941602069
13   34   0.002363712541761897
13   36   0.028001327302241252
13   37   0.011461086003470967
13   38   0.0038742728996995863
13   41   0.07844510024525862
13   42   0.066989342641891
13   44   0.11011726563013083
13   49   0.04695073724099716
13   60   0.049267451158782
13   62   0.03361779191653215
13   74   0.003600743532371343
13   75   0.035686440417587645
13   76   0.060741669250681016
13   80   0.13810521459896827
14   17   0.0026184073761719717
14   23   0.05540536265228974
14   26   0.061480986299928216
14   28   0.022412121427772293
14   29   0.06384554335117615
14   30   0.03023035968460578
14   32   0.11162393207528655
14   34   0.016605718260237372
14   36   0.06152102829171587
14   40   0.11630383658968328
14   41   0.1587658033878764
15   20   0.05919176626766295
15   22   0.0030517740281690957
15   24   0.011304977328061837
15   27   0.006684536915421721
15   28   0.02300553259778703
15   32   0.12650320781760907
15   36   0.1299522420955772
15   40   0.10647325494833486
15   41   0.024843628254904306
16   21   0.09341051707487871
16   22   0.005572038045792323
16   23   0.22537766876855655
16   24   0.07880321716535121
16   27   0.1437429435491337
16   28   0.12723657182293727
16   36   0.025470566878297695
16   37   0.017716591506071272
16   38   0.07843407617240405
16   39   0.0806142529773409
16   65   0.05799318166508627
16   70   0.00501545332211947
16   71   0.010584638491001054
16   72   0.014695797806700172
16   73   0.024001284576542485
16   76   0.028336942887479455
17   18   0.09038692949240176
17   19   0.054197295134361285
17   21   0.009180498461876777
17   23   0.08938941777655007
17   26   0.1270939552388458
17   27   0.04055556739032681
17   29   0.009560423365917428
17   30   0.013578808707956878
17   33   0.023392974992819286
17   34   0.04744151541029733
17   36   0.07616808716250068
17   37   0.05701296601986693
17   38   0.022167591193120357
17   39   0.03464221543542979
17   76   0.05591620053256467
18   19   0.09801866889618299
18   26   0.045762773349502225
18   27   0.07972926950621775
18   31   0.0014979501616073578
18   34   0.0607220424598989
18   36   0.024623195532728664
18   37   0.1263353579371324
18   38   0.11443735931345442
18   75   0.04488888959431625
18   76   0.0868898921153538
18   80   0.08883527149808447
19   23   0.05498853167431003
19   26   0.08103984742233764
19   27   0.12589105240603762
19   34   0.02651720108146874
19   36   0.09648528058653451
19   37   0.10282217386918624
19   38   0.0671971762866574
19   39   0.04331343993881573
19   75   0.07202187042416357
19   76   0.06794588518943907
20   24   0.05155086310763223
20   28   0.04631891964070599
20   36   0.03400977224310448
20   40   0.01407029856148878
20   77   0.008007060132522933
21   22   0.010474233276569635
21   23   0.04038662421287592
21   27   0.0042270468313065695
21   28   0.05525438857686874
21   29   0.013515577169402146
21   30   0.06550526797204025
21   33   0.01618669674531792
21   34   0.040236609751712483
21   36   0.09571918304650845
21   37   0.10381203260994841
21   38   0.00459268343414417
21   39   0.05998167496723355
21   40   0.03731097717084924
21   65   0.027257607426081226
21   71   0.04358514208007635
22   23   0.0013468476015252903
22   24   0.009361671005005658
22   25   0.016331304605284733
22   27   0.09567741626859512
22   28   0.04979685809841554
22   36   0.014747740738830782
22   38   0.033263823687147455
22   42   0.07242204545074689
22   65   0.03528367448938847
22   71   0.10885271888705415
22   72   0.05770081498165104
22   73   0.0405486637544234
22   76   0.024182351746574328
23   24   0.03096341786029247
23   26   0.12801376200109665
23   27   0.04389677201042793
23   28   0.03438885566523757
23   29   0.07001712303613572
23   30   0.04924434782724197
23   33   0.005285978366811134
23   34   0.011649426176918033
23   36   0.050863347078566684
23   37   0.0032883595633725485
23   38   0.05940666112499631
23   39   0.02732077377292502
23   40   0.032126767720265195
23   46   0.057577249804930855
23   65   0.040446108502169904
23   71   0.04874957119149362
23   72   0.04043979065229315
23   76   0.023091213505863076
24   25   0.03399740676765348
24   27   0.02559132554043658
24   28   0.02075042932092599
24   29   0.08558625651807776
24   30   0.010336894283770564
24   33   0.043772693419783744
24   34   0.038505009050501894
24   36   0.0241927289606025
24   38   0.020569585621759704
24   39   0.06806534186768785
24   40   0.009843513137348518
24   43   0.069733235175423
24   45   0.038727791318823916
24   47   0.035041821358816824
24   58   0.05475507013462853
24   65   0.004360173904690834
24   71   0.0065077855716021565
24   73   0.02791117749829683
24   77   0.033427864001553065
24   78   0.04338797984329252
25   26   0.10116379721987831
25   27   0.0099289888412676
25   31   0.04907353024035018
25   37   0.05577261580227498
25   38   0.10348834040095825
25   42   0.041260122584707105
25   44   0.08114280221472261
25   49   0.13642928611864877
25   62   0.06871809861269011
25   74   0.0509350434448351
25   75   0.02854074879448473
25   76   0.014391003276025396
25   80   0.11683007413737002
26   27   0.1404041767273562
26   31   0.08028192327664249
26   34   0.026891952796302843
26   36   0.06202794594628547
26   37   0.05255726395119026
26   38   0.03245180999759319
26   39   0.02745299768860446
26   42   0.17306159593760595
26   44   0.06600209166403784
26   45   0.04392292978288847
26   51   0.10719309367169523
26   62   0.03676301112476817
26   66   0.007090836891981464
26   67   0.07188022775502301
26   68   0.0708846488379984
26   74   0.0938299733352573
26   75   0.06041699921064452
26   76   0.07781808837424956
26   80   0.06619661414808349
27   28   0.06090199338483738
27   31   0.026887789098180993
27   34   0.057674496036840835
27   36   0.05706776817889015
27   37   0.057060772931871964
27   38   0.024096231076150942
27   39   0.022651008735251284
27   40   0.003991569644448693
27   42   0.0008575618089573104
27   43   0.047042363150841794
27   44   0.06569953821078732
27   45   0.008364920587199263
27   46   0.04359696846555156
27   51   0.18340996861669742
27   52   0.11290330132463532
27   62   0.009595032028500563
27   65   0.00252980093869974
27   66   0.04304411801322864
27   67   0.06597187029993573
27   68   0.03745605851022201
27   71   0.10247154579185713
27   72   0.0292248646792641
27   74   0.12160262925249461
27   75   0.054552158796819086
27   76   0.07541410022977656
27   80   0.024109698444769016
28   29   0.015269129021255781
28   30   0.018483714615035122
28   33   0.004088352279739601
28   34   0.022484073107125867
28   36   0.01625960421608413
28   38   0.03914617932499398
28   39   0.0819713091155061
28   40   0.05172148911711283
28   41   0.05984914101766585
28   43   0.02982085328383745
28   47   0.056708554706709734
28   58   0.007711942308856443
28   71   0.09328134269983263
28   73   0.03240354395425178
28   77   0.03523791502261312
29   30   0.0024946427024425625
29   32   0.09204834974035289
29   33   0.055461033473325365
29   34   0.03817382274815311
29   36   0.07467940538073863
29   38   0.030837381097034627
29   40   0.1334315847116244
29   41   0.07742070834066773
30   33   0.010565425058787492
30   34   0.053800429380723415
30   36   0.09668560257953725
30   38   0.02629666605386614
30   39   0.07803021517044637
31   34   0.10197241194338669
31   37   0.023034327797454176
31   38   0.02183921496828011
31   42   0.08582641288577084
31   44   0.05311253840455551
31   51   0.020567048682105907
31   60   0.07571884664586101
31   62   0.0018259557637837953
31   67   0.001136772726181872
31   74   0.007842731450082187
31   75   0.006591490079642162
31   76   0.05395042778141948
31   80   0.07899271765420005
32   34   0.047489447472412655
32   36   0.10795623598091895
32   40   0.02334723499392471
32   41   0.05644266413207734
33   34   0.05106858069063764
33   38   0.06345613911814789
34   36   0.010781178284675137
34   37   0.13382968845692894
34   38   0.03752043728413434
34   40   0.09215611975172334
34   41   0.2483075042890655
34   42   0.11544643978227417
35   36   0.06931239928989504
35   37   0.052929190753207414
35   39   0.12998987253427763
35   41   0.052162068332963045
35   43   0.04567836351554009
35   46   0.05325178703741753
35   84   0.20432554103886752
36   37   0.06029875791715805
36   38   0.04841693794634953
36   39   0.04442039248100598
36   40   0.18582392264197087
36   41   0.03372878901432187
36   42   0.07865404154050067
36   43   0.11616125064697559
36   73   0.02209600305329474
36   76   0.08795202848370572
36   77   0.0024407494008839735
36   84   0.013620779783854705
37   38   0.08895075190166614
37   39   0.043604992543776255
37   40   0.016458007476605346
37   42   0.10589671269143061
37   49   0.0020783317952111965
37   62   0.010116276171897
37   75   0.0582574015722863
37   76   0.07958547991792475
37   80   0.05000187732686292
38   39   0.0027409810889182135
38   40   0.12426516738967935
38   41   0.1636817392774022
38   42   0.051922227881077
38   76   0.053342743814046384
39   40   0.10760473639879227
39   41   0.11878193083953295
39   72   0.0512458794630545
39   76   0.028189840928618412
39   84   0.04401709226062765
40   41   0.02095948472576561
40   73   0.03260523506284151
40   77   0.025885416911669634
42   44   0.1576319365279196
42   45   0.054135877954574946
42   49   0.14098623254836187
42   60   0.025634043610770665
42   62   0.04789065014846624
42   74   0.06994482756874741
43   44   0.08870206904263093
43   45   0.0969160736330792
43   46   0.06791421204248115
43   47   0.05761945482134718
43   48   0.0058746927202519535
43   49   0.08036152534763752
43   51   0.07214744025396673
43   52   0.04446732623844091
43   54   0.022779352784136675
43   55   0.07424031707976836
43   56   0.07630150604686296
43   57   0.017634836397309103
43   58   0.007691646378599707
43   59   0.013387528015399434
43   61   0.03717747833460516
43   63   0.0013154775416074345
43   64   0.11881129144071259
43   65   0.06209705385047559
43   66   0.024133905404308487
43   67   0.08498437390500377
43   68   0.07160162372709107
43   70   0.1497521541142244
43   71   0.04983568150898511
43   72   0.1172627762284927
43   73   0.03911719345160291
43   75   0.022004471972970518
43   76   0.06085089457862607
43   77   0.05157127553884163
43   78   0.0294473755731329
43   79   0.12044734833419211
43   80   0.0649915393182959
43   81   0.06996384313283774
43   83   0.01453850019872795
43   84   0.07764380189504794
44   45   0.03661611166905969
44   46   0.10535804476300274
44   47   0.009531144305690827
44   49   0.08516661909308154
44   51   0.08130668889336941
44   52   0.0776828822062059
44   60   0.10360129337740333
44   62   0.08567017130014384
44   65   0.07370592101989304
44   66   0.06718744448326908
44   67   0.07981429029435208
44   68   0.09944299477945005
44   70   0.13790164071183342
44   72   0.0757926905088972
44   74   0.05056500639604285
44   75   0.05971500454272067
44   76   0.10267671853511662
44   80   0.06407374363471874
44   84   0.027594899812910353
45   46   0.11066778854008663
45   47   0.08438276828666197
45   48   0.12943767900369466
45   49   0.0801110992837637
45   51   0.13547373392647905
45   52   0.02449234621747477
45   56   0.038651538707199076
45   57   0.023491408748012952
45   59   0.03299106474438854
45   60   0.11498943735055304
45   62   0.0823972637431899
45   63   0.012656194521461871
45   65   0.07342523658175609
45   66   0.020350343043697507
45   67   0.16184375372543675
45   68   0.1024301521636273
45   70   0.008103284063822368
45   71   0.007037951187846031
45   72   0.009271371575304797
45   73   0.02713031543744399
45   74   0.056321304346727954
45   75   0.09342582930126025
45   76   0.019816890089935233
45   77   0.042701453108335057
45   78   0.017721813708171958
45   79   0.029618437272419338
45   80   0.08415931230961488
45   81   0.0603543933604565
45   82   0.06520694564109392
45   83   0.03983322892328975
46   47   0.002146661014244105
46   48   0.13865785865810873
46   52   0.014536688739178029
46   56   0.017939700763458626
46   65   0.03109659725120656
46   66   0.03517412574058086
46   67   0.03460482806135309
46   68   0.13516413896371934
46   70   0.02133155533750637
46   72   0.037215346325337045
46   73   0.0051830571440621975
46   75   0.04134165347841967
46   76   0.011539876821873725
46   77   0.04838099448521335
46   79   0.05725249462868264
46   83   0.019624650228488794
46   84   0.02124476966189059
47   48   0.19150340803090565
47   54   0.019735080788365052
47   55   0.007675369269860373
47   56   0.05582984434061567
47   57   0.015366096768150617
47   58   0.03750982378950284
47   59   0.0311860993673559
47   61   0.031083697226286643
47   63   0.0037988203936554993
47   64   0.05165336189097571
47   69   0.049860690492498694
47   70   0.11144259957299367
47   72   0.05871027582173702
47   73   0.011807669605713236
47   76   0.022844906525723373
47   77   0.027350267027710474
47   78   0.05051505316481268
47   81   0.06293860168903305
47   83   0.06306358940917452
48   54   0.05000546658128721
48   55   0.09676255292539901
48   56   0.022362293742527854
48   57   0.016530340990242157
48   59   0.10775977235875758
48   60   0.042919478266287475
48   61   0.11692318404608205
48   63   0.046101706781732726
48   64   0.13976042710726155
48   77   0.13807433827395807
48   78   0.01835674425161315
48   81   0.06570710247030881
48   83   0.022688628496624015
48   84   0.09339296709398238
49   51   0.05979969276945435
49   58   0.017718022142281162
49   60   0.020957475695246676
49   62   0.09503906885017044
49   71   0.044619702175671294
49   74   0.0013259419429590752
49   75   0.058492029868025784
49   76   0.11805098068674506
49   80   0.010593674069988264
49   83   0.03688121371601245
50   56   0.09475353780666272
50   57   0.027535889291232754
50   63   0.06119742470282788
50   75   0.03480844954229779
50   77   0.03828850261525821
50   78   0.04447032401820794
50   79   0.09218362520431272
50   83   0.025078609777518548
51   58   0.06532056804263159
51   62   0.09551215331384959
51   66   0.16005666578428335
51   71   0.0014391713618654546
51   73   0.004827938005664243
51   74   0.16149083874600662
51   75   0.09023663416946388
51   76   0.09816290516433678
52   56   0.13631968032954536
52   57   0.0014416284015011452
52   63   0.0665703630895858
52   66   0.03278562290095278
52   68   0.07695284533666837
52   70   0.14234083393971306
52   72   0.021966929080884857
52   75   0.09112825538975208
52   76   0.009307961577443923
52   77   0.09253871663016851
52   79   0.063674716001426
52   83   0.05157393919300052
53   58   0.0434314268532951
53   59   0.004532301217892658
53   61   0.006915764566199934
53   64   0.10173334384603454
53   69   0.08762905238423767
53   73   0.0242183448652932
53   77   0.07369967583788495
54   55   0.05118920376393771
54   58   0.07147973419978505
54   61   0.13482463372092787
54   64   0.09920031336013074
54   73   0.04202895448227869
54   77   0.00916703109321694
54   81   0.17508527635325744
54   83   0.025466649977702493
55   56   0.004706915954555026
55   57   0.0668725080593989
55   58   0.06844678838438761
55   59   0.09663585801041966
55   61   0.009733357144148474
55   63   0.10560166073931573
55   64   0.04696060419950442
55   69   0.0014509056446789584
55   77   0.014959872734089939
55   81   0.06787686735082518
55   83   0.015926412458146105
56   57   0.012001001427215515
56   58   0.0284545406569471
56   59   0.05190611431309135
56   63   0.030059658772848007
56   64   0.11911942811151252
56   66   0.03141180472322743
56   68   0.04206569771304615
56   70   0.028539554269252414
56   72   0.0649592149639731
56   73   0.06781865542597765
56   75   0.0886921424040606
56   77   0.046157543550445435
56   78   0.01550065972939237
56   79   0.04936747967856343
56   82   0.096564200664415
56   83   0.033747516499951474
57   59   0.007614234625229902
57   61   0.03210075868432367
57   63   0.06862383420559791
57   64   0.07561862940025145
57   66   0.023950943962738898
57   72   0.044473796370041056
57   75   0.05280043494247556
57   77   0.011637425405241783
57   78   0.10527410091165147
57   79   0.06569230830098506
57   81   0.08947355061603546
57   83   0.004203419271025195
58   59   0.04631164936392266
58   61   0.0230134835888629
58   64   0.07979105444228891
58   69   0.06663897943320032
58   71   0.09315560508464714
58   73   0.028322472552973217
58   74   0.11871589546905369
58   76   0.086863534246612
58   77   0.04315525906114654
58   78   0.01235530528483116
59   61   0.020702121550440503
59   63   0.01718048040966684
59   64   0.06727352331310348
59   69   0.05613984212957571
59   73   0.09113351862488803
59   77   0.041748550596027
59   78   0.03233187346437076
59   83   0.007610965074650962
60   62   0.08030871189682728
60   66   0.10562804733991447
60   67   0.12978100183391658
60   68   0.19862301253609418
60   74   0.001112822134762439
60   75   0.027303643820869812
60   76   0.1641688228953156
60   78   0.1387648630975633
60   80   0.08184073425356429
60   81   0.013886282244114482
60   83   0.09217095378668873
61   63   0.0033710321306538982
61   64   0.01665231951579068
61   69   0.0717151928632897
61   73   0.010594519162518022
61   77   0.016992307376939502
61   78   0.0017334529764146721
61   83   0.031894267298001946
62   74   0.026582281331277654
62   75   0.02651925898102276
62   76   0.10986392618450676
62   80   0.10249496704192397
62   83   0.06868662949939093
63   66   0.03396935439103032
63   68   0.05079280709745344
63   72   0.032201896456695155
63   75   0.04858977076016554
63   77   0.02601108371588102
63   78   0.1026933027058035
63   79   0.06731172097700744
63   81   0.03975892382726812
63   83   0.00448383528173944
64   69   0.023186238747389086
64   71   0.0810962105541869
64   73   0.05970984542553571
64   76   0.11443462235955079
64   77   0.07365885909977304
64   84   0.06549427706721145
65   70   0.1729335823294343
65   71   0.010957512986892341
65   72   0.03370979107302662
65   73   0.058548387467855165
65   76   0.07762920270481018
65   77   0.12042945068252646
66   67   0.07980934162354013
66   68   0.006063862311888951
66   70   0.024250962539797923
66   72   0.04802345273202036
66   75   0.11727187943142914
66   76   0.018661333935661936
66   77   0.007426997038987224
66   79   0.028469587708646993
66   83   0.05306992067928532
67   68   0.06392783615403666
67   72   0.04441569541538396
67   75   0.029046706921543135
67   76   0.11960002451696708
67   79   0.04420818044239083
67   80   0.16634195223461987
67   83   0.07094073263823808
68   72   0.06117682866483454
68   75   0.062418874018115064
68   76   0.08292705069538875
68   79   0.04141214497291948
68   83   0.04725728058166329
69   73   0.0757207915829641
69   77   0.04122038639546896
70   71   0.022786215545522723
70   72   0.009890045479458176
70   76   0.015014039590802782
70   77   0.0426002413805056
70   78   0.03236370141270189
70   79   0.020447440186982423
70   82   0.056968647420801925
70   83   0.059229846736806174
71   72   0.0175431824221999
71   73   0.008617927304609375
71   74   0.08479325753919668
71   76   0.0229582506274156
71   77   0.04663215119530909
72   75   0.029916508014381872
72   76   0.05229007447972285
72   77   0.02619453467806592
72   79   0.01770849047168366
72   83   0.040596666789318316
73   74   0.09568131506992009
73   76   0.008094092220911621
73   77   0.059327689612756924
73   78   0.01528387362993573
73   79   0.06220590167898458
73   82   0.04936115924543091
73   83   0.07473316806151045
74   75   0.0606690230777191
74   76   0.01316581722938436
74   80   0.15487822401881748
75   76   0.003334162655979735
75   79   0.06203011147832421
75   80   0.008095819121885305
75   83   0.037338438572781685
76   77   0.01729864785898536
76   80   0.1090161755426071
76   83   0.007910693675592247
77   78   0.015587543062739352
77   79   0.014803433455894282
77   82   0.02332510886255666
77   83   0.01479188751592771
78   79   0.10608371149502811
78   81   0.07288091694205938
78   82   0.014435293939985648
78   83   0.006540382351959474
79   82   0.06390020674666651
79   83   0.0651972349766444
80   83   0.0659773161838967
81   83   0.047861151482680435
82   83   0.08409932494152474
