1   7   0.002
1   8   0.008
1   10   0.006
1   14   0.048
1   17   0.018
1   21   0.068
1   23   0.076
1   29   0.034
1   30   0.055
1   34   0.031
2   9   0.001
2   13   0.042
2   17   0.031
2   22   0.035
2   24   0.038
2   25   0.084
2   26   0.068
2   27   0.016
2   36   0.001
2   37   0.103
2   38   0.017
2   44   0.043
2   51   0.078
2   52   0.115
2   62   0.071
2   74   0.062
2   75   0.102
2   76   0.17
3   6   0.092
3   7   0.13
3   8   0.102
3   14   0.104
3   17   0.07
3   19   0.157
3   21   0.109
3   23   0.031
3   24   0.041
3   26   0.187
3   27   0.183
3   28   0.059
3   29   0.076
3   30   0.096
3   34   0.092
3   36   0.011
3   37   0.085
3   38   0.053
3   39   0.006
3   40   0.058
3   43   0.129
3   44   0.186
3   45   0.113
3   51   0.136
3   52   0.132
3   65   0.074
3   66   0.074
3   72   0.123
3   73   0.07
3   75   0.141
3   76   0.135
3   77   0.137
4   6   0.09
4   7   0.018
4   8   0.037
4   9   0.102
4   10   0.052
4   12   0.016
4   14   0.01
4   15   0.082
4   20   0.119
4   24   0.063
4   28   0.025
4   34   0.069
4   36   0.07
4   38   0.026
4   40   0.009
4   47   0.041
4   53   0.053
4   58   0.017
4   61   0.146
4   73   0.022
4   77   0.039
5   6   0.051
5   15   0.107
5   32   0.094
5   34   0.098
5   40   0.139
5   41   0.176
6   7   0.003
6   8   0.053
6   9   0.079
6   10   0.038
6   12   0.179
6   14   0.151
6   15   0.127
6   20   0.166
6   23   0.024
6   24   0.104
6   28   0.014
6   29   0.101
6   30   0.024
6   34   0.132
6   36   0.067
6   38   0.075
6   40   0.014
6   41   0.042
6   73   0.03
6   77   0.035
7   8   0.011
7   9   0.037
7   10   0.05
7   12   0.054
7   14   0.022
7   15   0.14
7   17   0.079
7   20   0.043
7   21   0.096
7   23   0.107
7   24   0.016
7   26   0.142
7   27   0.041
7   28   0.068
7   29   0.084
7   30   0.165
7   33   0.021
7   34   0.028
7   35   0.029
7   36   0.038
7   38   0.07
7   39   0.015
7   40   0.033
7   43   0.043
7   58   0.064
7   59   0.073
7   73   0.009
7   76   0.104
7   77   0.002
8   10   0.098
8   12   0.074
8   14   0.078
8   15   0.053
8   17   0.009
8   19   0.038
8   20   0.094
8   21   0.013
8   23   0.056
8   24   0.085
8   26   0.198
8   27   0.037
8   28   0.012
8   29   0.072
8   30   0.019
8   34   0.031
8   36   0.119
8   38   0.043
8   40   0.08
8   41   0.105
8   73   0.016
8   77   0.016
9   10   0.049
9   12   0.091
9   14   0.034
9   15   0.143
9   20   0.09
9   22   0.147
9   24   0.04
9   25   0.03
9   26   0.065
9   27   0.032
9   28   0.007
9   29   0.124
9   34   0.101
9   36   0.107
9   37   0.106
9   38   0.022
9   40   0.054
9   43   0.041
9   45   0.007
9   47   0.003
9   53   0.025
9   56   0.05
9   58   0.021
9   59   0.071
9   61   0.004
9   69   0.047
9   73   0.017
9   76   0.04
9   77   0.007
9   78   0.001
10   12   0.057
10   14   0.107
10   15   0.155
10   20   0.145
10   24   0.018
10   28   0.043
10   29   0.03
10   30   0.042
10   34   0.018
10   35   0.052
10   36   0.017
10   38   0.026
10   40   0.053
10   41   0.004
10   43   0.003
10   53   0.009
10   56   0.042
10   58   0.025
10   73   0.004
10   77   0.04
11   13   0.112
11   17   0.138
11   18   0.092
11   19   0.085
11   25   0.059
11   26   0.045
11   27   0.106
11   34   0.001
11   36   0.051
11   37   0.034
11   38   0.002
11   62   0.047
11   75   0.092
11   76   0.118
12   14   0.094
12   15   0.136
12   20   0.118
12   24   0.02
12   28   0.006
12   29   0.033
12   34   0.062
12   36   0.029
12   38   0.038
12   40   0.074
12   41   0.106
12   53   0.047
12   59   0.021
12   73   0.02
12   77   0.045
13   22   0.044
13   25   0.069
13   26   0.134
13   27   0.063
13   31   0.021
13   34   0.028
13   37   0.002
13   38   0.022
13   44   0.111
13   62   0.028
13   74   0.059
13   75   0.053
13   76   0.119
14   17   0.04
14   19   0.107
14   20   0.075
14   21   0.089
14   23   0.08
14   24   0.012
14   26   0.119
14   27   0.09
14   28   0.004
14   29   0.005
14   30   0.089
14   34   0.007
14   36   0.051
14   38   0.01
14   40   0.122
14   41   0.142
14   43   0.078
14   73   0.047
14   77   0.026
15   20   0.163
15   22   0.081
15   24   0.094
15   27   0.009
15   28   0.059
15   36   0.078
15   40   0.064
15   73   0.008
15   77   0.003
16   17   0.028
16   21   0.059
16   22   0.038
16   23   0.187
16   24   0.069
16   27   0.138
16   28   0.132
16   34   0.069
16   36   0.028
16   37   0.019
16   38   0.063
16   39   0.133
16   40   0.022
16   45   0.041
16   52   0.008
16   65   0.069
16   70   0.014
16   72   0.004
16   73   0.018
16   76   0.043
16   77   0.005
17   18   0.141
17   19   0.073
17   21   0.01
17   23   0.09
17   24   0.062
17   26   0.185
17   27   0.054
17   28   0.025
17   29   0.041
17   30   0.028
17   33   0.007
17   34   0.047
17   36   0.092
17   37   0.101
17   38   0.009
17   39   0.037
17   51   0.07
17   52   0.089
17   72   0.093
17   75   0.123
17   76   0.108
18   19   0.039
18   23   0.084
18   26   0.087
18   27   0.13
18   34   0.1
18   36   0.024
18   37   0.171
18   38   0.112
18   75   0.097
18   76   0.132
19   23   0.081
19   26   0.131
19   27   0.156
19   29   0.089
19   30   0.061
19   34   0.068
19   36   0.121
19   37   0.134
19   38   0.084
19   39   0.08
19   51   0.142
19   75   0.136
19   76   0.137
20   24   0.127
20   28   0.069
20   29   0.069
20   34   0.008
20   36   0.017
20   38   0.012
20   40   0.031
20   53   0.105
20   58   0.03
20   61   0.054
20   73   0.021
20   77   0.007
21   22   0.063
21   23   0.07
21   24   0.029
21   26   0.192
21   27   0.023
21   28   0.003
21   29   0.018
21   30   0.103
21   33   0.027
21   34   0.079
21   35   0.054
21   36   0.082
21   37   0.14
21   38   0.062
21   39   0.018
21   40   0.025
21   43   0.001
21   45   0.008
21   65   0.007
21   70   0.057
21   71   0.075
21   72   0.091
21   73   0.052
21   76   0.063
21   77   0.035
21   78   0.025
21   79   0.102
21   84   0.043
22   23   0.004
22   24   0.012
22   25   0.006
22   27   0.019
22   28   0.066
22   36   0.004
22   37   0.01
22   38   0.016
22   43   0.147
22   52   0.132
22   65   0.039
22   70   0.093
22   71   0.122
22   72   0.077
22   73   0.093
22   75   0.028
22   76   0.087
22   77   0.013
23   24   0.001
23   26   0.179
23   27   0.021
23   28   0.074
23   29   0.094
23   30   0.095
23   33   0.031
23   34   0.069
23   35   0.032
23   36   0.081
23   37   0.036
23   39   0.015
23   40   0.008
23   43   0.064
23   45   0.028
23   46   0.053
23   52   0.071
23   70   0.065
23   71   0.069
23   72   0.113
23   73   0.055
23   76   0.084
23   77   0.009
23   79   0.093
23   84   0.073
24   25   0.081
24   26   0.029
24   27   0.036
24   28   0.067
24   29   0.08
24   30   0.062
24   33   0.067
24   34   0.006
24   36   0.02
24   37   0.074
24   38   0.013
24   39   0.027
24   40   0.012
24   43   0.063
24   45   0.033
24   47   0.026
24   51   0.023
24   52   0.098
24   53   0.002
24   55   0.022
24   56   0.056
24   59   0.035
24   61   0.084
24   63   0.031
24   65   0.009
24   70   0.084
24   71   0.026
24   72   0.036
24   73   0.041
24   76   0.08
24   77   0.018
24   78   0.036
24   79   0.055
24   83   0.007
25   26   0.123
25   27   0.075
25   31   0.002
25   37   0.088
25   38   0.177
25   45   0.031
25   51   0.031
25   62   0.032
25   74   0.009
25   75   0.085
25   76   0.093
26   27   0.166
26   28   0.042
26   29   0.113
26   30   0.084
26   31   0.042
26   34   0.096
26   36   0.126
26   37   0.153
26   38   0.086
26   39   0.04
26   43   0.133
26   44   0.112
26   45   0.127
26   46   0.131
26   51   0.147
26   52   0.169
26   60   0.107
26   62   0.12
26   66   0.093
26   67   0.122
26   68   0.142
26   72   0.036
26   73   0.082
26   74   0.143
26   75   0.134
26   76   0.149
26   80   0.145
26   83   0.186
26   84   0.118
27   28   0.009
27   29   0.01
27   30   0.07
27   31   0.063
27   34   0.092
27   35   0.044
27   36   0.028
27   37   0.105
27   38   0.044
27   39   0.033
27   40   0.03
27   43   0.112
27   44   0.123
27   45   0.066
27   46   0.039
27   51   0.18
27   52   0.161
27   56   0.052
27   58   0.078
27   60   0.06
27   62   0.102
27   65   0.033
27   66   0.096
27   67   0.084
27   68   0.113
27   70   0.153
27   71   0.097
27   72   0.098
27   73   0.048
27   74   0.166
27   75   0.112
27   76   0.157
27   77   0.044
27   79   0.016
27   80   0.106
27   83   0.069
27   84   0.061
28   29   0.039
28   30   0.014
28   33   0.037
28   34   0.049
28   35   0.015
28   36   0.036
28   37   0.068
28   38   0.013
28   39   0.03
28   40   0.006
28   41   0.119
28   43   0.045
28   45   0.057
28   47   0.096
28   52   0.014
28   53   0.008
28   55   0.214
28   56   0.107
28   57   0.078
28   58   0.044
28   59   0.001
28   61   0.09
28   63   0.128
28   65   0.013
28   69   0.061
28   70   0.064
28   71   0.013
28   72   0.075
28   73   0.068
28   76   0.062
28   77   0.059
28   78   0.058
28   79   0.058
28   83   0.079
28   84   0.092
29   30   0.06
29   32   0.231
29   33   0.05
29   34   0.003
29   36   0.05
29   37   0.073
29   38   0.025
29   40   0.147
29   43   0.055
29   73   0.058
29   77   0.097
30   33   0.076
30   34   0.001
30   36   0.103
30   38   0.05
30   39   0.041
30   40   0.036
30   76   0.037
31   37   0.056
31   38   0.051
31   62   0.055
31   75   0.042
31   76   0.083
31   80   0.14
32   34   0.136
32   36   0.111
32   41   0.101
33   34   0.008
33   38   0.028
34   36   0.004
34   37   0.083
34   38   0.042
34   39   0.078
34   40   0.023
34   41   0.168
34   73   0.065
34   75   0.145
34   76   0.145
34   77   0.012
35   36   0.038
35   37   0.032
35   38   0.014
35   39   0.066
35   41   0.001
35   43   0.067
35   44   0.124
35   46   0.094
35   72   0.093
35   77   0.057
35   84   0.217
36   37   0.021
36   38   0.088
36   39   0.138
36   40   0.123
36   41   0.039
36   43   0.087
36   45   0.011
36   46   0.053
36   47   0.099
36   51   0.08
36   52   0.068
36   56   0.074
36   58   0.001
36   65   0.024
36   70   0.04
36   71   0.021
36   72   0.06
36   73   0.038
36   75   0.101
36   76   0.122
36   77   0.025
36   83   0.001
36   84   0.024
37   38   0.048
37   39   0.092
37   40   0.036
37   43   0.113
37   44   0.051
37   45   0.142
37   51   0.114
37   52   0.201
37   62   0.031
37   74   0.143
37   75   0.123
37   76   0.17
37   80   0.097
37   84   0.105
38   39   0.025
38   40   0.104
38   41   0.134
38   43   0.08
38   44   0.171
38   45   0.038
38   46   0.069
38   51   0.103
38   52   0.124
38   56   0.027
38   62   0.175
38   65   0.005
38   71   0.055
38   72   0.09
38   73   0.058
38   75   0.07
38   76   0.102
38   77   0.026
38   83   0.032
38   84   0.122
39   40   0.022
39   43   0.104
39   72   0.081
39   75   0.105
39   76   0.07
39   84   0.086
40   41   0.021
40   43   0.002
40   47   0.006
40   58   0.013
40   59   0.041
40   61   0.098
40   73   0.028
40   77   0.083
43   44   0.118
43   45   0.107
43   46   0.013
43   47   0.044
43   48   0.03
43   51   0.015
43   52   0.136
43   53   0.087
43   55   0.085
43   56   0.065
43   57   0.022
43   58   0.023
43   59   0.008
43   61   0.035
43   63   0.045
43   64   0.115
43   65   0.084
43   66   0.024
43   67   0.147
43   68   0.175
43   69   0.083
43   70   0.155
43   71   0.058
43   72   0.14
43   73   0.072
43   75   0.146
43   76   0.122
43   77   0.047
43   78   0.073
43   79   0.136
43   83   0.017
43   84   0.029
44   45   0.037
44   47   0.087
44   49   0.037
44   51   0.044
44   52   0.16
44   56   0.114
44   60   0.117
44   62   0.092
44   65   0.087
44   66   0.053
44   67   0.11
44   68   0.137
44   70   0.177
44   71   0.106
44   72   0.165
44   73   0.094
44   75   0.131
44   76   0.155
44   77   0.145
44   80   0.102
44   83   0.067
44   84   0.033
45   46   0.216
45   47   0.004
45   48   0.027
45   49   0.019
45   50   0.103
45   51   0.001
45   52   0.027
45   53   0.019
45   55   0.094
45   56   0.036
45   57   0.007
45   58   0.003
45   59   0.012
45   60   0.128
45   61   0.02
45   62   0.067
45   63   0.013
45   65   0.055
45   66   0.033
45   67   0.17
45   68   0.093
45   69   0.037
45   70   0.02
45   71   0.042
45   72   0.041
45   73   0.005
45   74   0.07
45   75   0.137
45   76   0.058
45   77   0.039
45   78   0.047
45   79   0.027
45   80   0.125
45   82   0.114
45   83   0.055
45   84   0.015
46   47   0.111
46   48   0.11
46   52   0.003
46   56   0.001
46   63   0.057
46   65   0.035
46   66   0.073
46   67   0.011
46   68   0.073
46   70   0.049
46   72   0.071
46   73   0.047
46   75   0.033
46   76   0.014
46   77   0.041
46   79   0.045
46   83   0.016
46   84   0.029
47   48   0.114
47   52   0.017
47   53   0.016
47   54   0.056
47   55   0.046
47   56   0.029
47   57   0.09
47   58   0.097
47   59   0.066
47   61   0.024
47   63   0.07
47   64   0.029
47   69   0.016
47   71   0.005
47   72   0.001
47   73   0.035
47   76   0.059
47   77   0.019
47   78   0.147
47   79   0.017
47   81   0.125
47   83   0.011
47   84   0.063
48   54   0.095
48   55   0.047
48   57   0.013
48   59   0.078
48   61   0.066
48   63   0.067
48   73   0.009
48   77   0.209
48   78   0.046
48   81   0.146
48   83   0.051
49   60   0.099
50   56   0.051
50   57   0.09
50   59   0.043
50   63   0.073
50   77   0.069
50   78   0.045
50   79   0.093
50   83   0.005
51   58   0.028
51   62   0.038
51   71   0.034
51   73   0.1
51   74   0.07
51   75   0.022
51   76   0.028
52   56   0.099
52   59   0.094
52   66   0.059
52   68   0.135
52   70   0.133
52   72   0.009
52   73   0.001
52   75   0.108
52   76   0.01
52   77   0.101
52   79   0.086
52   83   0.005
52   84   0.146
53   55   0.042
53   56   0.006
53   57   0.019
53   58   0.052
53   59   0.006
53   61   0.031
53   63   0.022
53   69   0.105
53   73   0.076
53   77   0.078
53   78   0.057
53   83   0.022
54   55   0.045
54   64   0.074
55   56   0.044
55   57   0.122
55   58   0.082
55   59   0.053
55   61   0.03
55   63   0.146
55   64   0.089
55   69   0.002
55   73   0.122
55   77   0.06
55   78   0.135
55   83   0.006
56   57   0.052
56   58   0.028
56   59   0.049
56   61   0.004
56   63   0.077
56   66   0.086
56   68   0.162
56   69   0.023
56   70   0.053
56   72   0.034
56   73   0.078
56   75   0.154
56   76   0.094
56   77   0.029
56   78   0.005
56   79   0.033
56   82   0.095
56   83   0.034
56   84   0.036
57   59   0.028
57   61   0.034
57   63   0.116
57   64   0.113
57   66   0.048
57   69   0.05
57   70   0.06
57   72   0.05
57   73   0.077
57   75   0.111
57   76   0.091
57   77   0.028
57   78   0.11
57   79   0.019
57   83   0.003
58   59   0.052
58   61   0.017
58   63   0.056
58   64   0.09
58   69   0.055
58   71   0.107
58   73   0.021
58   74   0.007
58   76   0.031
58   77   0.026
58   83   0.063
59   61   0.087
59   63   0.086
59   64   0.154
59   69   0.078
59   73   0.117
59   77   0.099
59   78   0.045
59   83   0.018
60   62   0.046
60   66   0.07
60   67   0.097
60   68   0.117
60   75   0.024
60   76   0.246
60   83   0.012
61   63   0.004
61   64   0.038
61   69   0.061
61   73   0.073
61   77   0.036
61   78   0.037
61   83   0.013
62   74   0.035
62   75   0.009
62   76   0.12
62   83   0.015
63   66   0.063
63   68   0.09
63   69   0.07
63   70   0.06
63   72   0.033
63   73   0.034
63   75   0.097
63   76   0.077
63   77   0.024
63   78   0.106
63   79   0.005
63   83   0.027
64   69   0.067
64   71   0.108
64   73   0.11
64   76   0.035
64   77   0.133
65   70   0.145
65   71   0.047
65   72   0.043
65   73   0.102
65   76   0.071
65   77   0.135
65   79   0.1
65   83   0.013
65   84   0.055
66   67   0.059
66   68   0.015
66   70   0.039
66   72   0.086
66   73   0.039
66   75   0.105
66   76   0.044
66   77   0.063
66   78   0.03
66   79   0.079
66   83   0.02
67   68   0.017
67   72   0.014
67   75   0.009
67   76   0.134
67   83   0.039
68   70   0.124
68   72   0.096
68   75   0.024
68   76   0.114
68   77   0.084
68   79   0.118
68   83   0.009
69   73   0.138
69   77   0.071
69   78   0.021
69   83   0.025
70   71   0.041
70   72   0.014
70   73   0.005
70   75   0.1
70   76   0.061
70   77   0.03
70   78   0.065
70   79   0.053
70   82   0.054
70   83   0.013
70   84   0.046
71   72   0.071
71   73   0.043
71   74   0.001
71   76   0.122
71   77   0.031
72   73   0.089
72   75   0.073
72   76   0.058
72   77   0.117
72   78   0.058
72   79   0.084
72   83   0.075
72   84   0.063
73   74   0.027
73   76   0.06
73   77   0.102
73   78   0.006
73   79   0.092
73   82   0.002
73   83   0.027
73   84   0.159
74   76   0.109
75   76   0.029
75   77   0.147
75   78   0.107
75   79   0.123
75   80   0.028
75   83   0.063
75   84   0.105
76   77   0.029
76   78   0.084
76   79   0.071
76   80   0.108
76   83   0.036
76   84   0.128
77   78   0.015
77   79   0.069
77   82   0.015
77   83   0.02
77   84   0.043
78   79   0.085
78   81   0.019
78   82   0.029
78   83   0.071
79   82   0.171
79   83   0.046
81   83   0.007
82   83   0.102
