1   7   0.085
1   8   0.055
1   14   0.007
1   17   0.12
1   23   0.181
1   28   0.154
1   29   0.129
1   30   0.208
2   9   0.055
2   13   0.091
2   17   0.078
2   22   0.004
2   24   0.102
2   25   0.055
2   26   0.042
2   27   0.002
2   31   0.007
2   36   0.076
2   37   0.037
2   38   0.054
2   42   0.122
2   51   0.111
2   62   0.038
2   75   0.078
2   76   0.028
2   80   0.082
3   7   0.041
3   8   0.08
3   14   0.001
3   17   0.114
3   19   0.037
3   21   0.169
3   23   0.089
3   26   0.005
3   27   0.046
3   28   0.089
3   30   0.001
3   34   0.17
3   36   0.248
3   37   0.148
3   38   0.156
3   39   0.02
3   51   0.033
3   52   0.117
3   76   0.08
4   9   0.079
4   10   0.161
4   12   0.111
4   15   0.133
4   20   0.209
4   24   0.225
4   28   0.016
4   77   0.127
5   6   0.065
5   9   0.089
5   12   0.033
5   15   0.019
5   24   0.07
5   32   0.054
5   34   0.025
5   36   0.152
5   40   0.017
5   41   0.02
6   7   0.007
6   8   0.032
6   9   0.051
6   10   0.16
6   12   0.146
6   14   0.132
6   15   0.027
6   20   0.077
6   28   0.031
6   32   0.006
6   36   0.108
6   40   0.063
6   41   0.045
7   8   0.081
7   9   0.076
7   10   0.067
7   14   0.107
7   15   0.071
7   17   0.028
7   21   0.026
7   23   0.143
7   24   0.059
7   28   0.061
7   29   0.038
7   30   0.071
7   33   0.103
7   34   0.038
7   36   0.031
7   38   0.027
7   39   0.041
7   40   0.109
7   41   0.016
8   10   0.093
8   12   0.214
8   14   0.225
8   15   0.137
8   17   0.125
8   23   0.087
8   26   0.022
8   28   0.095
8   29   0.082
8   30   0.071
8   32   0.103
8   34   0.024
8   36   0.197
8   40   0.02
8   41   0.054
9   10   0.155
9   12   0.044
9   15   0.151
9   20   0.157
9   22   0.043
9   24   0.006
9   25   0.044
9   27   0.086
9   28   0.003
9   29   0.099
9   36   0.097
9   38   0.062
9   40   0.012
9   42   0.019
9   58   0.058
9   73   0.122
9   77   0.129
10   12   0.105
10   14   0.056
10   15   0.152
10   20   0.149
10   24   0.045
10   28   0.015
10   29   0.02
10   34   0.033
10   36   0.181
10   38   0.143
10   40   0.015
10   41   0.02
10   58   0.18
11   13   0.047
11   17   0.077
11   18   0.036
11   19   0.136
11   25   0.075
11   26   0.055
11   27   0.059
11   31   0.061
11   34   0.022
11   37   0.039
11   38   0.06
11   42   0.048
11   49   0.028
11   62   0.074
11   74   0.002
11   76   0.189
11   80   0.15
12   14   0.11
12   15   0.03
12   20   0.177
12   24   0.132
12   28   0.098
12   29   0.084
12   32   0.004
12   34   0.089
12   36   0.217
12   40   0.014
12   41   0.05
13   22   0.051
13   25   0.077
13   26   0.147
13   27   0.048
13   31   0.017
13   32   0.018
13   34   0.03
13   36   0.038
13   37   0.024
13   38   0.036
13   41   0.035
13   42   0.006
13   44   0.167
13   49   0.042
13   60   0.047
13   62   0.129
13   74   0.008
13   75   0.048
13   76   0.166
13   80   0.006
14   17   0.073
14   23   0.028
14   26   0.071
14   28   0.004
14   29   0.005
14   30   0.151
14   32   0.087
14   34   0.091
14   36   0.143
14   40   0.067
14   41   0.059
15   20   0.146
15   22   0.202
15   24   0.201
15   27   0.2
15   28   0.197
15   32   0.06
15   36   0.048
15   40   0.071
16   21   0.021
16   22   0.037
16   23   0.037
16   24   0.251
16   27   0.023
16   28   0.019
16   36   0.147
16   37   0.031
16   38   0.144
16   39   0.196
16   65   0.268
16   70   0.205
16   71   0.144
16   72   0.15
16   73   0.249
16   76   0.033
17   18   0.029
17   19   0.068
17   21   0.034
17   23   0.062
17   26   0.008
17   27   0.115
17   29   0.028
17   30   0.097
17   33   0.004
17   34   0.042
17   36   0.047
17   37   0.028
17   38   0.002
17   39   0.059
17   76   0.082
18   19   0.128
18   26   0.034
18   27   0.053
18   31   0.075
18   34   0.01
18   36   0.05
18   37   0.092
18   75   0.219
18   76   0.22
18   80   0.12
19   23   0.01
19   26   0.07
19   27   0.001
19   34   0.019
19   36   0.049
19   37   0.044
19   38   0.021
19   39   0.177
19   75   0.136
19   76   0.151
20   24   0.066
20   28   0.121
20   36   0.17
20   40   0.158
20   77   0.155
21   22   0.088
21   23   0.021
21   27   0.058
21   28   0.076
21   29   0.046
21   30   0.028
21   33   0.054
21   34   0.017
21   36   0.074
21   37   0.001
21   38   0.007
21   39   0.05
21   40   0.077
21   65   0.122
21   71   0.065
22   23   0.043
22   24   0.129
22   25   0.16
22   27   0.059
22   28   0.067
22   36   0.011
22   38   0.019
22   42   0.044
22   65   0.224
22   71   0.168
22   72   0.095
22   73   0.168
22   76   0.015
23   24   0.031
23   26   0.002
23   27   0.066
23   28   0.026
23   29   0.067
23   30   0.059
23   33   0.104
23   34   0.047
23   36   0.081
23   37   0.071
23   38   0.037
23   39   0.083
23   40   0.091
23   46   0.063
23   65   0.121
23   71   0.002
23   72   0.131
23   76   0.006
24   25   0.169
24   27   0.097
24   28   0.043
24   29   0.087
24   33   0.041
24   34   0.04
24   36   0.04
24   38   0.077
24   39   0.033
24   40   0.026
24   43   0.013
24   45   0.031
24   47   0.111
24   58   0.114
24   65   0.194
24   71   0.043
24   73   0.162
24   77   0.167
24   78   0.166
25   26   0.062
25   27   0.113
25   31   0.141
25   37   0.003
25   38   0.08
25   42   0.087
25   49   0.18
25   62   0.209
25   74   0.19
25   75   0.125
25   76   0.077
25   80   0.182
26   27   0.076
26   31   0.022
26   34   0.016
26   36   0.013
26   37   0.129
26   38   0.031
26   39   0.163
26   42   0.061
26   44   0.061
26   45   0.03
26   51   0.061
26   62   0.092
26   66   0.133
26   67   0.003
26   68   0.106
26   74   0.181
26   75   0.055
26   76   0.121
26   80   0.032
27   28   0.011
27   31   0.083
27   34   0.02
27   36   0.089
27   37   0.078
27   38   0.157
27   39   0.303
27   40   0.104
27   42   0.039
27   43   0.057
27   44   0.023
27   45   0.007
27   46   0.147
27   51   0.003
27   52   0.121
27   62   0.104
27   65   0.086
27   66   0.08
27   67   0.045
27   68   0.041
27   71   0.048
27   72   0.123
27   74   0.14
27   75   0.034
27   76   0.028
27   80   0.071
28   29   0.027
28   30   0.041
28   33   0.015
28   34   0.018
28   36   0.073
28   38   0.169
28   39   0.041
28   40   0.05
28   41   0.058
28   43   0.03
28   47   0.046
28   58   0.071
28   71   0.052
28   73   0.105
28   77   0.155
29   30   0.099
29   32   0.08
29   33   0.12
29   34   0.134
29   36   0.014
29   38   0.02
29   40   0.136
29   41   0.041
30   33   0.035
30   34   0.01
30   36   0.112
30   38   0.062
30   39   0.041
31   34   0.112
31   37   0.053
31   38   0.055
31   42   0.001
31   44   0.188
31   51   0.114
31   60   0.041
31   62   0.047
31   67   0.142
31   74   0.101
31   75   0.114
31   76   0.204
31   80   0.005
32   34   0.015
32   36   0.015
32   40   0.037
32   41   0.115
33   34   0.021
33   38   0.068
34   36   0.063
34   37   0.035
34   38   0.08
34   40   0.039
34   41   0.022
34   42   0.008
35   36   0.019
35   37   0.105
35   39   0.069
35   41   0.052
35   43   0.203
35   46   0.029
35   84   0.002
36   37   0.038
36   38   0.058
36   39   0.018
36   40   0.058
36   41   0.007
36   42   0.068
36   43   0.051
36   73   0.062
36   76   0.087
36   77   0.031
36   84   0.087
37   38   0.063
37   39   0.046
37   40   0.007
37   42   0.01
37   49   0.031
37   62   0.074
37   75   0.107
37   76   0.027
37   80   0.019
38   39   0.049
38   40   0.018
38   41   0.073
38   42   0.007
38   76   0.05
39   40   0.024
39   41   0.11
39   72   0.096
39   76   0.119
39   84   0.03
40   41   0.064
40   73   0.024
40   77   0.026
42   44   0.165
42   45   0.074
42   49   0.022
42   60   0.089
42   62   0.033
42   74   0.023
43   44   0.096
43   45   0.117
43   46   0.14
43   47   0.073
43   48   0.113
43   49   0.035
43   51   0.079
43   52   0.112
43   54   0.045
43   55   0.178
43   56   0.015
43   57   0.197
43   58   0.052
43   59   0.127
43   61   0.068
43   63   0.121
43   64   0.113
43   65   0.182
43   66   0.141
43   67   0.145
43   68   0.018
43   70   0.183
43   71   0.133
43   72   0.122
43   73   0.059
43   75   0.111
43   76   0.071
43   77   0.097
43   78   0.032
43   79   0.011
43   80   0.193
43   81   0.166
43   83   0.129
43   84   0.03
44   45   0.029
44   46   0.053
44   47   0.045
44   49   0.05
44   51   0.048
44   52   0.06
44   60   0.08
44   62   0.033
44   65   0.123
44   66   0.047
44   67   0.053
44   68   0.033
44   70   0.059
44   72   0.021
44   74   0.101
44   76   0.01
44   80   0.052
44   84   0.024
45   46   0.06
45   47   0.006
45   48   0.095
45   49   0.06
45   51   0.089
45   52   0.04
45   56   0.1
45   57   0.122
45   58   0.089
45   59   0.059
45   60   0.013
45   62   0.036
45   63   0.099
45   65   0.189
45   66   0.107
45   67   0.07
45   68   0.074
45   70   0.08
45   71   0.089
45   72   0.059
45   73   0.063
45   74   0.157
45   75   0.052
45   76   0.097
45   77   0.128
45   78   0.067
45   79   0.014
45   80   0.096
45   81   0.004
45   82   0.19
45   83   0.091
46   47   0.1
46   48   0.079
46   52   0.088
46   56   0.012
46   65   0.192
46   66   0.029
46   67   0.023
46   68   0.128
46   70   0.084
46   72   0.099
46   73   0.015
46   75   0.218
46   76   0.29
46   77   0.071
46   79   0.044
46   83   0.06
46   84   0.143
47   48   0.088
47   53   0.01
47   54   0.117
47   55   0.008
47   56   0.042
47   57   0.094
47   58   0.139
47   59   0.024
47   61   0.03
47   63   0.113
47   64   0.074
47   69   0.073
47   70   0.026
47   72   0.107
47   73   0.044
47   76   0.102
47   77   0.091
47   78   0.11
47   81   0.032
47   83   0.029
48   54   0.09
48   55   0.05
48   56   0.042
48   57   0.03
48   59   0.006
48   60   0.01
48   61   0.028
48   63   0.091
48   64   0.057
48   77   0.076
48   78   0.121
48   81   0.056
48   83   0.082
48   84   0.005
49   51   0.029
49   58   0.05
49   60   0.053
49   62   0.133
49   71   0.004
49   74   0.128
49   75   0.187
49   76   0.033
49   80   0.078
49   83   0.01
50   56   0.131
50   57   0.144
50   63   0.006
50   75   0.143
50   77   0.128
50   78   0.172
50   79   0.068
50   83   0.032
51   58   0.022
51   62   0.011
51   66   0.048
51   71   0.034
51   73   0.001
51   74   0.015
51   75   0.129
51   76   0.097
51   80   0.075
52   56   0.014
52   57   0.112
52   63   0.058
52   66   0.134
52   68   0.014
52   70   0.028
52   72   0.015
52   75   0.068
52   76   0.147
52   77   0.022
52   79   0.097
52   83   0.125
53   58   0.016
53   59   0.135
53   61   0.113
53   64   0.042
53   69   0.116
53   73   0.022
53   77   0.101
54   55   0.113
54   58   0.08
54   61   0.042
54   64   0.191
54   73   0.024
54   77   0.14
54   81   0.021
54   83   0.175
55   56   0.069
55   57   0.028
55   58   0.098
55   59   0.054
55   61   0.049
55   63   0.059
55   64   0.193
55   69   0.216
55   77   0.058
55   81   0.112
56   57   0.157
56   58   0.076
56   59   0.091
56   63   0.084
56   64   0.186
56   66   0.048
56   68   0.033
56   70   0.012
56   72   0.023
56   73   0.125
56   75   0.077
56   77   0.101
56   78   0.002
56   79   0.027
56   82   0.117
56   83   0.166
57   59   0.116
57   61   0.209
57   63   0.079
57   64   0.102
57   66   0.106
57   72   0.025
57   75   0.01
57   77   0.23
57   78   0.045
57   79   0.084
57   81   0.155
57   83   0.039
58   59   0.016
58   61   0.077
58   64   0.123
58   69   0.129
58   71   0.094
58   73   0.046
58   74   0.003
58   76   0.05
58   77   0.023
58   78   0.077
59   61   0.065
59   63   0.057
59   64   0.072
59   69   0.069
59   73   0.014
59   77   0.109
59   78   0.079
59   83   0.168
60   62   0.083
60   66   0.053
60   67   0.073
60   68   0.061
60   74   0.09
60   75   0.119
60   76   0.106
60   78   0.139
60   80   0.022
60   81   0.109
60   83   0.15
61   63   0.049
61   64   0.03
61   69   0.017
61   73   0.034
61   77   0.099
61   78   0.029
61   83   0.145
62   74   0.309
62   75   0.095
62   76   0.028
62   80   0.098
62   83   0.008
63   66   0.019
63   68   0.016
63   72   0.021
63   75   0.084
63   77   0.179
63   78   0.011
63   79   0.12
63   81   0.119
63   83   0.029
64   69   0.107
64   71   0.154
64   73   0.196
64   76   0.245
64   77   0.198
65   70   0.1
65   71   0.057
65   72   0.022
65   73   0.156
65   76   0.093
65   77   0.145
66   67   0.017
66   68   0.046
66   70   0.007
66   72   0.057
66   75   0.007
66   76   0.101
66   77   0.105
66   79   0.026
66   83   0.058
67   68   0.051
67   72   0.082
67   75   0.111
67   76   0.009
67   79   0.053
67   80   0.052
67   83   0.053
68   72   0.03
68   75   0.076
68   76   0.068
68   79   0.045
68   83   0.005
69   73   0.126
69   77   0.171
70   71   0.064
70   72   0.013
70   76   0.185
70   77   0.091
70   78   0.006
70   79   0.132
70   82   0.15
70   83   0.142
71   72   0.029
71   73   0.061
71   74   0.137
71   76   0.011
71   77   0.017
72   75   0.057
72   76   0.032
72   77   0.011
72   79   0.103
72   83   0.172
73   74   0.011
73   76   0.027
73   77   0.081
73   78   0.126
73   79   0.04
73   82   0.036
73   83   0.196
74   75   0.167
74   76   0.097
75   76   0.144
75   79   0.136
75   80   0.008
75   83   0.079
76   77   0.034
76   80   0.114
76   83   0.124
77   78   0.239
77   79   0.07
77   82   0.033
77   83   0.216
78   79   0.097
78   82   0.057
78   83   0.009
79   82   0.136
79   83   0.073
80   83   0.059
81   83   0.063
82   83   0.027
