1   7   0.074
1   8   0.189
1   14   0.027
1   23   0.13
1   29   0.132
1   30   0.12
2   9   0.022
2   13   0.183
2   22   0.164
2   24   0.12
2   25   0.136
2   26   0.055
2   27   0.038
2   31   0.035
2   36   0.024
2   37   0.01
2   38   0.045
2   42   0.076
2   51   0.015
2   76   0.11
3   7   0.078
3   8   0.086
3   14   0.062
3   17   0.026
3   21   0.094
3   23   0.068
3   26   0.055
3   27   0.03
3   36   0.166
3   37   0.027
3   39   0.02
3   52   0.066
3   76   0.12
4   9   0.102
4   10   0.13
4   12   0.123
4   15   0.037
4   20   0.008
4   24   0.196
4   28   0.179
5   6   0.074
5   12   0.015
5   15   0.022
5   24   0.05
5   32   0.076
5   34   0.091
5   40   0.022
5   41   0.142
6   7   0.067
6   8   0.068
6   10   0.175
6   12   0.079
6   15   0.116
6   28   0.041
6   32   0.131
6   40   0.098
6   41   0.057
7   8   0.113
7   10   0.061
7   14   0.038
7   23   0.089
7   24   0.091
7   28   0.094
7   29   0.12
7   30   0.19
7   33   0.064
7   36   0.128
7   38   0.023
8   10   0.04
8   12   0.182
8   14   0.036
8   17   0.109
8   23   0.127
8   28   0.18
8   30   0.172
8   32   0.116
8   40   0.028
8   41   0.01
9   10   0.064
9   12   0.085
9   15   0.042
9   20   0.045
9   22   0.142
9   24   0.001
9   27   0.028
9   28   0.116
9   36   0.048
9   40   0.048
9   58   0.071
9   73   0.064
9   77   0.049
10   12   0.101
10   14   0.072
10   15   0.113
10   20   0.159
10   28   0.188
10   29   0.071
10   34   0.052
10   36   0.134
10   40   0.012
10   41   0.057
11   13   0.211
11   17   0.089
11   18   0.042
11   19   0.08
11   26   0.018
11   27   0.024
11   31   0.034
11   34   0.181
11   37   0.058
11   38   0.056
11   42   0.054
11   49   0.001
11   62   0.121
11   80   0.112
12   15   0.008
12   20   0.124
12   24   0.064
12   28   0.123
12   40   0.011
13   25   0.099
13   26   0.17
13   27   0.036
13   31   0.133
13   34   0.041
13   36   0.018
13   37   0.053
13   38   0.061
13   41   0.077
13   42   0.114
13   44   0.086
13   49   0.019
13   62   0.107
13   74   0.085
13   75   0.132
13   76   0.16
13   80   0.176
14   17   0.161
14   23   0.146
14   28   0.124
14   29   0.079
14   30   0.183
14   32   0.078
14   34   0.048
14   41   0.138
15   20   0.132
15   24   0.016
15   28   0.012
15   36   0.157
15   40   0.08
16   21   0.13
16   22   0.298
16   23   0.148
16   24   0.057
16   27   0.041
16   28   0.105
16   36   0.009
16   38   0.057
16   39   0.061
16   65   0.125
16   71   0.029
16   72   0.119
16   76   0.093
17   18   0.052
17   19   0.101
17   21   0.044
17   23   0.016
17   26   0.069
17   27   0.055
17   29   0.132
17   30   0.118
17   34   0.035
17   36   0.115
17   37   0.027
17   38   0.087
17   76   0.126
18   19   0.088
18   26   0.032
18   27   0.105
18   31   0.095
18   34   0.063
18   36   0.166
18   37   0.185
18   38   0.112
18   75   0.189
18   76   0.186
19   26   0.095
19   27   0.103
19   34   0.021
19   36   0.175
19   37   0.067
19   38   0.06
19   76   0.16
20   24   0.134
20   28   0.048
21   23   0.118
21   28   0.072
21   30   0.071
21   33   0.041
21   34   0.135
21   36   0.087
21   37   0.115
21   38   0.101
21   39   0.087
21   40   0.035
22   23   0.087
22   24   0.132
22   25   0.089
22   27   0.077
22   28   0.01
22   65   0.078
22   71   0.043
22   72   0.083
22   76   0.022
23   27   0.025
23   28   0.063
23   29   0.179
23   30   0.165
23   34   0.155
23   36   0.034
23   37   0.056
23   38   0.022
23   39   0.048
23   40   0.084
23   65   0.064
23   71   0.084
23   72   0.126
24   27   0.059
24   28   0.085
24   33   0.121
24   36   0.045
24   40   0.006
24   58   0.052
24   71   0.022
24   73   0.084
24   77   0.167
25   26   0.009
25   27   0.217
25   31   0.044
25   42   0.142
25   49   0.007
25   62   0.138
25   74   0.097
25   75   0.063
25   76   0.137
25   80   0.106
26   27   0.038
26   31   0.087
26   34   0.089
26   36   0.049
26   37   0.019
26   38   0.003
26   39   0.006
26   42   0.03
26   51   0.143
26   62   0.019
26   67   0.084
26   74   0.045
26   75   0.128
26   76   0.134
26   80   0.052
27   28   0.003
27   31   0.066
27   34   0.023
27   36   0.112
27   37   0.006
27   38   0.104
27   39   0.061
27   43   0.077
27   44   0.093
27   45   0.05
27   46   0.159
27   51   0.097
27   52   0.14
27   62   0.041
27   65   0.134
27   66   0.058
27   67   0.097
27   68   0.157
27   71   0.038
27   72   0.225
27   74   0.063
27   75   0.081
27   76   0.151
27   80   0.033
28   29   0.149
28   30   0.061
28   33   0.138
28   34   0.124
28   36   0.158
28   38   0.169
28   39   0.039
28   40   0.045
28   58   0.082
28   73   0.173
28   77   0.183
29   30   0.053
29   32   0.033
29   33   0.001
29   34   0.004
29   41   0.05
30   33   0.09
30   34   0.02
30   36   0.088
30   38   0.148
31   34   0.037
31   37   0.046
31   38   0.149
31   62   0.133
31   74   0.004
31   75   0.15
31   76   0.18
31   80   0.086
32   34   0.047
32   36   0.027
32   40   0.091
32   41   0.038
33   34   0.006
33   38   0.107
34   36   0.019
34   38   0.204
34   41   0.145
34   42   0.152
35   36   0.041
35   39   0.104
35   46   0.158
35   84   0.263
36   37   0.09
36   38   0.045
36   39   0.062
36   40   0.206
36   41   0.124
36   42   0.004
36   76   0.026
36   84   0.004
37   38   0.101
37   39   0.124
37   42   0.014
37   76   0.031
38   39   0.089
38   41   0.217
38   42   0.026
38   76   0.104
39   40   0.028
39   41   0.057
39   76   0.017
39   84   0.093
40   41   0.11
42   44   0.071
42   49   0.134
42   62   0.168
43   44   0.031
43   45   0.057
43   46   0.112
43   47   0.145
43   48   0.034
43   49   0.005
43   51   0.117
43   52   0.065
43   56   0.131
43   58   0.046
43   59   0.097
43   64   0.117
43   67   0.141
43   68   0.151
43   70   0.066
43   71   0.129
43   72   0.078
43   73   0.034
43   75   0.18
43   76   0.087
43   77   0.123
43   81   0.042
43   83   0.043
43   84   0.009
44   45   0.012
44   46   0.132
44   49   0.152
44   51   0.07
44   52   0.113
44   60   0.046
44   62   0.005
44   66   0.072
44   67   0.22
44   68   0.092
44   70   0.001
44   72   0.006
44   75   0.073
44   76   0.001
44   80   0.026
45   46   0.019
45   48   0.024
45   49   0.139
45   51   0.063
45   52   0.176
45   56   0.145
45   59   0.114
45   60   0.021
45   62   0.05
45   66   0.103
45   67   0.251
45   68   0.042
45   70   0.037
45   72   0.017
45   73   0.056
45   75   0.145
45   76   0.146
45   77   0.124
45   78   0.095
45   79   0.057
45   80   0.013
45   82   0.098
45   83   0.149
46   47   0.083
46   48   0.055
46   52   0.037
46   65   0.059
46   70   0.039
46   72   0.038
46   75   0.074
46   76   0.058
46   77   0.031
46   84   0.077
47   48   0.079
47   54   0.016
47   55   0.027
47   56   0.052
47   57   0.063
47   58   0.023
47   59   0.066
47   61   0.056
47   63   0.015
47   64   0.038
47   72   0.005
47   73   0.038
47   77   0.133
47   81   0.053
48   54   0.146
48   55   0.03
48   57   0.096
48   59   0.177
48   63   0.002
48   77   0.173
48   78   0.094
48   81   0.147
48   83   0.001
49   51   0.182
49   60   0.05
49   62   0.002
49   74   0.132
49   80   0.029
49   83   0.099
50   56   0.044
50   57   0.173
50   63   0.079
50   77   0.078
50   78   0.09
50   79   0.178
51   58   0.062
51   62   0.019
51   71   0.03
51   73   0.017
51   74   0.037
51   75   0.112
51   76   0.048
52   56   0.076
52   57   0.013
52   66   0.023
52   68   0.171
52   72   0.108
52   75   0.019
52   76   0.171
52   77   0.081
53   58   0.005
53   59   0.042
53   61   0.102
53   64   0.113
53   69   0.077
53   73   0.026
53   77   0.031
54   55   0.022
54   64   0.124
54   73   0.049
54   81   0.064
54   83   0.141
55   56   0.083
55   57   0.038
55   59   0.02
55   61   0.207
55   64   0.105
55   77   0.04
55   81   0.115
56   57   0.059
56   59   0.047
56   63   0.039
56   66   0.135
56   70   0.097
56   72   0.115
56   77   0.128
56   78   0.089
56   79   0.174
56   83   0.042
57   59   0.046
57   61   0.093
57   63   0.038
57   64   0.11
57   77   0.087
57   79   0.059
57   81   0.028
58   59   0.026
58   61   0.076
58   64   0.041
58   71   0.238
58   73   0.016
58   76   0.055
58   77   0.04
59   61   0.09
59   63   0.101
59   64   0.22
59   69   0.194
59   77   0.064
59   78   0.164
59   83   0.172
60   62   0.085
60   67   0.114
60   68   0.127
60   74   0.02
60   75   0.007
60   80   0.014
60   83   0.107
61   64   0.071
61   69   0.148
61   73   0.094
61   77   0.033
62   74   0.003
62   76   0.119
62   80   0.062
62   83   0.025
63   75   0.034
63   77   0.09
63   78   0.157
63   79   0.182
63   81   0.036
63   83   0.04
64   69   0.03
64   73   0.063
64   77   0.021
65   70   0.133
65   71   0.036
65   72   0.095
65   73   0.043
65   76   0.071
65   77   0.021
66   67   0.031
66   68   0.068
66   70   0.026
66   72   0.015
66   75   0.014
66   76   0.143
66   79   0.221
66   83   0.097
67   68   0.079
67   75   0.176
67   76   0.053
67   80   0.129
67   83   0.053
68   72   0.072
68   75   0.076
68   76   0.031
68   79   0.198
68   83   0.075
69   73   0.093
69   77   0.042
70   72   0.053
70   77   0.033
70   79   0.126
70   82   0.022
70   83   0.09
71   72   0.01
71   73   0.013
71   74   0.198
71   76   0.036
71   77   0.02
72   75   0.034
72   76   0.047
72   77   0.032
72   79   0.16
72   83   0.039
73   76   0.017
73   77   0.022
73   78   0.137
74   75   0.024
74   76   0.031
74   80   0.183
75   76   0.027
75   80   0.031
75   83   0.144
76   80   0.082
76   83   0.059
77   78   0.144
77   79   0.066
77   82   0.054
77   83   0.09
78   79   0.188
78   81   0.008
78   82   0.13
78   83   0.084
79   82   0.012
79   83   0.005
80   83   0.027
81   83   0.146
82   83   0.008
