0   1   0.043
0   2   0.185
0   3   0.04
0   4   0.08
0   5   0.095
0   6   0.074
0   7   0.189
0   8   0.106
0   9   0.09
0   10   0.006
0   11   0.152
0   12   0.016
0   13   0.027
0   14   0.179
0   15   0.101
0   16   0.234
0   17   0.034
0   18   0.083
0   19   0.074
0   20   0.12
0   21   0.139
0   22   0.13
0   23   0.009
0   24   0.06
0   25   0.082
0   26   0.053
0   27   0.183
0   28   0.132
0   29   0.12
0   30   0.004
0   31   0.015
0   32   0.089
0   33   0.099
0   34   0.15
0   35   0.019
0   36   0.052
0   37   0.002
0   38   0.025
0   39   0.025
0   40   0.035
0   41   0.004
0   42   0.16
0   43   0.004
0   44   0.001
0   45   0.121
0   46   0.134
0   47   0.005
0   48   0.016
0   49   0.12
0   50   0.065
0   51   0.131
0   52   0.06
0   53   0.038
0   54   0.012
0   55   0.112
0   56   0.112
0   57   0.073
0   58   0.138
0   59   0.043
0   60   0.133
0   61   0.054
0   62   0.054
0   63   0.078
0   64   0.089
0   65   0.109
0   67   0.053
0   68   0.162
0   69   0.015
0   70   0.185
0   71   0.062
0   72   0.08
0   73   0.32
0   74   0.044
0   75   0.152
0   76   0.051
0   77   0.097
0   78   0.027
0   79   0.144
0   81   0.001
0   82   0.113
0   83   0.043
1   2   0.046
1   3   0.099
1   4   0.021
1   5   0.041
1   6   0.072
1   7   0.077
1   8   0.022
1   9   0.047
1   10   0.087
1   11   0.045
1   12   0.183
1   13   0.068
1   14   0.103
1   15   0.009
1   16   0.096
1   17   0.024
1   18   0.086
1   19   0.132
1   20   0.013
1   21   0.164
1   22   0.005
1   23   0.12
1   24   0.136
1   25   0.055
1   26   0.038
1   27   0.163
1   28   0.027
1   29   0.026
1   30   0.035
1   31   0.083
1   32   0.098
1   33   0.078
1   34   0.018
1   35   0.024
1   36   0.01
1   37   0.045
1   38   0.017
1   39   0.024
1   40   0.138
1   41   0.076
1   42   0.015
1   43   0.034
1   44   0.171
1   45   0.04
1   46   0.049
1   47   0.039
1   48   0.016
1   49   0.025
1   50   0.015
1   51   0.019
1   52   0.006
1   53   0.062
1   54   0.023
1   55   0.03
1   56   0.121
1   57   0.151
1   58   0.111
1   59   0.06
1   60   0.161
1   62   0.024
1   63   0.137
1   64   0.093
1   65   0.02
1   66   0.007
1   67   0.054
1   68   0.061
1   69   0.035
1   70   0.027
1   71   0.086
1   72   0.025
1   73   0.29
1   74   0.005
1   75   0.11
1   76   0.039
1   77   0.15
1   78   0.02
1   79   0.106
1   80   0.128
1   81   0.016
1   82   0.18
1   83   0.088
2   3   0.028
2   4   0.079
2   5   0.039
2   6   0.078
2   7   0.086
2   8   0.023
2   9   0.115
2   10   0.106
2   11   0.114
2   12   0.047
2   13   0.062
2   14   0.016
2   15   0.062
2   16   0.026
2   17   0.113
2   18   0.049
2   19   0.133
2   20   0.094
2   21   0.176
2   22   0.068
2   23   0.084
2   24   0.006
2   25   0.055
2   26   0.03
2   27   0.128
2   28   0.049
2   29   0.02
2   30   0.116
2   31   0.063
2   32   0.119
2   33   0.012
2   34   0.024
2   35   0.166
2   36   0.027
2   38   0.02
2   39   0.032
2   40   0.129
2   41   0.048
2   42   0.045
2   43   0.08
2   44   0.085
2   45   0.116
2   46   0.051
2   47   0.06
2   48   0.023
2   49   0.029
2   50   0.013
2   51   0.066
2   52   0.123
2   53   0.11
2   54   0.008
2   55   0.043
2   56   0.13
2   57   0.062
2   58   0.071
2   59   0.019
2   60   0.046
2   61   0.214
2   62   0.061
2   63   0.052
2   64   0.129
2   65   0.046
2   66   0.104
2   67   0.02
2   68   0.019
2   69   0.062
2   70   0.077
2   71   0.2
2   72   0.046
2   73   0.08
2   75   0.12
2   76   0.121
2   77   0.107
2   78   0.126
2   79   0.018
2   81   0.041
2   82   0.089
2   83   0.006
3   4   0.072
3   5   0.003
3   6   0.064
3   7   0.103
3   8   0.102
3   9   0.13
3   10   0.04
3   11   0.123
3   12   0.068
3   13   0.049
3   14   0.037
3   15   0.14
3   16   0.104
3   17   0.092
3   18   0.023
3   19   0.008
3   20   0.029
3   21   0.125
3   22   0.04
3   23   0.196
3   24   0.163
3   25   0.081
3   26   0.153
3   27   0.179
3   28   0.137
3   29   0.038
3   30   0.021
3   31   0.087
3   32   0.113
3   33   0.016
3   34   0.033
3   35   0.013
3   36   0.03
3   37   0.173
3   38   0.011
3   39   0.027
3   40   0.027
3   41   0.19
3   42   0.156
3   43   0.01
3   44   0.024
3   45   0.08
3   46   0.193
3   47   0.069
3   48   0.003
3   49   0.03
3   50   0.223
3   51   0.137
3   52   0.029
3   53   0.099
3   54   0.001
3   55   0.085
3   56   0.084
3   57   0.022
3   58   0.047
3   59   0.036
3   60   0.059
3   61   0.077
3   62   0.021
3   63   0.031
3   64   0.15
3   65   0.086
3   66   0.021
3   67   0.095
3   68   0.043
3   69   0.064
3   70   0.054
3   71   0.075
3   72   0.153
3   73   0.095
3   74   0.1
3   75   0.07
3   76   0.1
3   77   0.122
3   78   0.137
3   80   0.018
3   81   0.106
3   82   0.035
3   83   0.05
4   5   0.074
4   6   0.11
4   7   0.065
4   8   0.012
4   9   0.076
4   10   0.042
4   11   0.015
4   12   0.117
4   13   0.074
4   14   0.022
4   15   0.077
4   16   0.21
4   17   0.08
4   18   0.206
4   19   0.05
4   20   0.077
4   21   0.113
4   22   0.14
4   23   0.05
4   24   0.045
4   25   0.046
4   26   0.025
4   27   0.092
4   28   0.122
4   29   0.034
4   30   0.078
4   31   0.076
4   32   0.12
4   33   0.091
4   34   0.01
4   35   0.106
4   36   0.04
4   37   0.07
4   38   0.051
4   39   0.022
4   40   0.142
4   41   0.015
4   42   0.147
4   43   0.027
4   44   0.259
4   45   0.036
4   46   0.08
4   47   0.044
4   48   0.132
4   50   0.02
4   51   0.141
4   52   0.173
4   53   0.028
4   54   0.031
4   55   0.011
4   56   0.003
4   57   0.125
4   58   0.092
4   59   0.062
4   60   0.128
4   61   0.088
4   62   0.109
4   63   0.103
4   64   0.222
4   65   0.068
4   67   0.054
4   68   0.077
4   69   0.069
4   70   0.034
4   71   0.059
4   72   0.041
4   74   0.157
4   75   0.082
4   76   0.01
4   77   0.03
4   78   0.065
4   80   0.101
4   82   0.034
4   83   0.137
5   6   0.067
5   7   0.068
5   8   0.178
5   9   0.175
5   10   0.113
5   11   0.079
5   12   0.102
5   13   0.102
5   14   0.116
5   15   0.018
5   16   0.062
5   17   0.142
5   18   0.009
5   19   0.094
5   20   0.011
5   21   0.073
5   22   0.156
5   23   0.139
5   24   0.04
5   25   0.145
5   26   0.084
5   27   0.041
5   28   0.051
5   29   0.068
5   30   0.068
5   31   0.131
5   32   0.055
5   33   0.08
5   34   0.075
5   35   0.108
5   36   0.057
5   37   0.032
5   38   0.007
5   39   0.098
5   40   0.057
5   41   0.075
5   42   0.083
5   43   0.081
5   44   0.086
5   45   0.05
5   46   0.017
5   47   0.002
5   48   0.063
5   49   0.037
5   50   0.074
5   51   0.187
5   52   0.118
5   53   0.001
5   54   0.05
5   55   0.099
5   56   0.002
5   57   0.001
5   58   0.089
5   59   0.081
5   60   0.092
5   61   0.046
5   62   0.028
5   63   0.127
5   64   0.055
5   65   0.075
5   66   0.102
5   67   0.017
5   68   0.237
5   69   0.069
5   70   0.215
5   71   0.003
5   72   0.115
5   73   0.081
5   74   0.151
5   75   0.094
5   76   0.139
5   77   0.025
5   78   0.128
5   79   0.064
5   80   0.031
5   81   0.082
5   82   0.013
5   83   0.053
6   7   0.113
6   8   0.008
6   9   0.061
6   10   0.077
6   11   0.066
6   12   0.087
6   13   0.038
6   14   0.018
6   15   0.08
6   16   0.119
6   17   0.089
6   18   0.236
6   19   0.032
6   20   0.133
6   21   0.199
6   22   0.089
6   23   0.091
6   24   0.018
6   25   0.04
6   26   0.181
6   27   0.094
6   28   0.12
6   29   0.19
6   30   0.155
6   31   0.026
6   32   0.064
6   33   0.101
6   34   0.073
6   35   0.128
6   36   0.09
6   37   0.023
6   38   0.029
6   39   0.01
6   40   0.077
6   41   0.009
6   42   0.048
6   43   0.02
6   44   0.113
6   45   0.085
6   46   0.098
6   47   0.001
6   48   0.038
6   49   0.006
6   50   0.056
6   51   0.161
6   52   0.095
6   53   0.11
6   54   0.003
6   55   0.099
6   56   0.08
6   57   0.079
6   58   0.01
6   59   0.017
6   60   0.072
6   61   0.01
6   62   0.025
6   63   0.005
6   64   0.174
6   65   0.071
6   66   0.109
6   67   0.184
6   68   0.001
6   69   0.224
6   70   0.089
6   71   0.023
6   72   0.08
6   73   0.033
6   74   0.015
6   75   0.127
6   76   0.088
6   77   0.147
6   78   0.013
6   79   0.045
6   80   0.062
6   81   0.038
6   82   0.166
6   83   0.015
7   8   0.144
7   9   0.04
7   10   0.017
7   11   0.182
7   12   0.12
7   13   0.036
7   14   0.036
7   15   0.001
7   16   0.109
7   17   0.004
7   18   0.076
7   19   0.127
7   20   0.203
7   21   0.145
7   22   0.127
7   23   0.026
7   24   0.062
7   25   0.019
7   26   0.067
7   27   0.18
7   28   0.079
7   29   0.172
7   30   0.022
7   31   0.116
7   32   0.019
7   33   0.001
7   34   0.099
7   35   0.139
7   36   0.094
7   37   0.129
7   38   0.022
7   39   0.028
7   40   0.01
7   41   0.001
7   42   0.103
7   43   0.066
7   44   0.153
7   45   0.063
7   46   0.012
7   47   0.055
7   48   0.061
7   49   0.06
7   50   0.028
7   51   0.141
7   52   0.113
7   53   0.065
7   54   0.354
7   55   0.063
7   56   0.164
7   57   0.023
7   58   0.01
7   59   0.006
7   60   0.018
7   61   0.017
7   62   0.153
7   63   0.048
7   64   0.081
7   65   0.005
7   66   0.129
7   67   0.184
7   68   0.078
7   69   0.252
7   70   0.034
7   71   0.184
7   72   0.139
7   73   0.042
7   74   0.025
7   75   0.071
7   76   0.221
7   77   0.096
7   78   0.082
7   79   0.088
7   80   0.024
7   81   0.006
7   82   0.096
7   83   0.039
8   9   0.064
8   10   0.107
8   11   0.085
8   12   0.044
8   13   0.002
8   14   0.042
8   15   0.013
8   16   0.094
8   17   0.135
8   18   0.168
8   19   0.045
8   20   0.004
8   21   0.142
8   22   0.055
8   23   0.001
8   24   0.022
8   25   0.073
8   26   0.028
8   27   0.116
8   28   0.018
8   29   0.018
8   30   0.056
8   31   0.07
8   32   0.027
8   33   0.05
8   34   0.001
8   35   0.048
8   36   0.055
8   37   0.029
8   38   0.1
8   39   0.048
8   40   0.01
8   41   0.025
8   42   0.051
8   43   0.014
8   44   0.064
8   45   0.051
8   46   0.076
8   47   0.165
8   48   0.011
8   49   0.074
8   50   0.236
8   51   0.056
8   52   0.131
8   53   0.04
8   54   0.048
8   55   0.136
8   56   0.06
8   57   0.071
8   58   0.236
8   59   0.126
8   60   0.004
8   61   0.017
8   62   0.006
8   63   0.055
8   64   0.009
8   65   0.04
8   66   0.151
8   67   0.051
8   68   0.104
8   69   0.012
8   70   0.056
8   71   0.012
8   72   0.064
8   73   0.095
8   74   0.097
8   75   0.011
8   76   0.049
8   77   0.075
8   78   0.033
8   79   0.051
8   80   0.056
8   81   0.019
8   82   0.017
8   83   0.143
9   10   0.07
9   11   0.101
9   12   0.073
9   13   0.072
9   14   0.113
9   15   0.056
9   16   0.105
9   17   0.011
9   18   0.085
9   19   0.159
9   20   0.024
9   21   0.064
9   22   0.026
9   23   0.056
9   24   0.071
9   25   0.057
9   26   0.169
9   27   0.188
9   28   0.071
9   29   0.041
9   30   0.125
9   31   0.032
9   32   0.132
9   33   0.052
9   34   0.269
9   35   0.134
9   36   0.127
9   37   0.034
9   38   0.019
9   39   0.012
9   40   0.057
9   41   0.096
9   42   0.018
9   43   0.102
9   44   0.053
9   45   0.16
9   46   0.103
9   47   0.109
9   48   0.01
9   49   0.06
9   50   0.071
9   51   0.079
9   52   0.08
9   53   0.032
9   54   0.063
9   55   0.035
9   56   0.026
9   57   0.069
9   58   0.009
9   59   0.091
9   60   0.084
9   61   0.143
9   62   0.107
9   63   0.13
9   64   0.119
9   65   0.15
9   66   0.019
9   67   0.141
9   68   0.007
9   69   0.102
9   70   0.045
9   71   0.042
9   72   0.109
9   73   0.092
9   74   0.012
9   75   0.119
9   76   0.148
9   77   0.059
9   78   0.099
9   80   0.12
9   81   0.068
9   82   0.082
9   83   0.017
10   11   0.075
10   12   0.211
10   13   0.133
10   14   0.07
10   15   0.056
10   16   0.089
10   17   0.042
10   18   0.08
10   19   0.053
10   20   0.182
10   21   0.108
10   22   0.016
10   23   0.067
10   24   0.008
10   25   0.018
10   26   0.024
10   27   0.061
10   28   0.094
10   29   0.028
10   30   0.034
10   31   0.03
10   32   0.111
10   33   0.181
10   34   0.252
10   35   0.123
10   36   0.058
10   37   0.056
10   38   0.129
10   39   0.117
10   40   0.177
10   41   0.054
10   42   0.269
10   43   0.047
10   44   0.017
10   45   0.139
10   46   0.048
10   47   0.008
10   48   0.001
10   49   0.028
10   50   0.035
10   51   0.056
10   52   0.053
10   53   0.069
10   54   0.122
10   55   0.009
10   56   0.091
10   57   0.036
10   58   0.034
10   59   0.112
10   60   0.065
10   61   0.121
10   62   0.009
10   63   0.157
10   64   0.013
10   65   0.069
10   66   0.106
10   67   0.004
10   68   0.04
10   69   0.014
10   70   0.173
10   71   0.052
10   72   0.048
10   73   0.018
10   74   0.092
10   75   0.183
10   76   0.104
10   77   0.113
10   78   0.101
10   79   0.112
10   80   0.016
10   81   0.114
10   82   0.008
10   83   0.07
11   12   0.148
11   13   0.107
11   14   0.008
11   15   0.118
11   16   0.272
11   17   0.108
11   18   0.04
11   19   0.124
11   20   0.038
11   21   0.135
11   22   0.074
11   23   0.064
11   24   0.062
11   25   0.082
11   26   0.099
11   27   0.123
11   28   0.079
11   29   0.006
11   30   0.188
11   31   0.114
11   32   0.089
11   33   0.106
11   34   0.023
11   35   0.051
11   36   0.044
11   37   0.084
11   38   0.123
11   39   0.011
11   40   0.118
11   41   0.029
11   42   0.124
11   43   0.109
11   44   0.078
11   45   0.088
11   46   0.021
11   47   0.033
11   48   0.112
11   49   0.042
11   50   0.178
11   51   0.042
11   52   0.002
11   53   0.114
11   54   0.161
11   55   0.022
11   56   0.153
11   57   0.052
11   58   0.022
11   59   0.103
11   60   0.065
11   61   0.013
11   62   0.032
11   63   0.06
11   64   0.039
11   65   0.032
11   67   0.021
11   68   0.065
11   69   0.097
11   70   0.04
11   71   0.073
11   72   0.166
11   73   0.099
11   74   0.064
11   75   0.075
11   76   0.059
11   77   0.022
11   78   0.024
11   79   0.045
11   80   0.06
11   81   0.17
11   82   0.101
11   83   0.16
12   13   0.103
12   14   0.05
12   15   0.047
12   16   0.023
12   17   0.045
12   18   0.115
12   19   0.097
12   20   0.086
12   21   0.129
12   22   0.028
12   23   0.03
12   24   0.099
12   25   0.17
12   26   0.036
12   27   0.09
12   28   0.107
12   29   0.161
12   30   0.133
12   31   0.145
12   32   0.015
12   33   0.041
12   34   0.011
12   35   0.018
12   36   0.053
12   37   0.061
12   38   0.074
12   39   0.027
12   40   0.077
12   41   0.114
12   42   0.07
12   43   0.086
12   44   0.005
12   45   0.027
12   46   0.08
12   47   0.071
12   48   0.019
12   49   0.147
12   50   0.001
12   51   0.094
12   52   0.035
12   53   0.099
12   54   0.022
12   55   0.07
12   56   0.021
12   57   0.021
12   58   0.118
12   59   0.138
12   60   0.001
12   61   0.107
12   62   0.043
12   63   0.032
12   64   0.045
12   65   0.167
12   66   0.175
12   67   0.074
12   68   0.111
12   69   0.125
12   70   0.047
12   71   0.204
12   72   0.141
12   73   0.085
12   74   0.132
12   75   0.16
12   76   0.071
12   77   0.109
12   78   0.184
12   79   0.176
12   80   0.27
12   81   0.12
12   82   0.003
12   83   0.061
13   14   0.021
13   15   0.004
13   16   0.161
13   17   0.004
13   18   0.043
13   19   0.138
13   20   0.203
13   21   0.076
13   22   0.146
13   23   0.104
13   24   0.12
13   25   0.09
13   26   0.151
13   27   0.124
13   28   0.079
13   29   0.183
13   30   0.01
13   31   0.078
13   32   0.051
13   33   0.048
13   34   0.11
13   35   0.101
13   36   0.058
13   37   0.074
13   38   0.176
13   39   0.036
13   40   0.138
13   41   0.078
13   42   0.052
13   43   0.054
13   44   0.097
13   45   0.039
13   46   0.052
13   47   0.045
13   48   0.037
13   49   0.024
13   50   0.032
13   51   0.086
13   52   0.129
13   53   0.079
13   54   0.181
13   55   0.032
13   56   0.237
13   57   0.025
13   58   0.029
13   59   0.148
13   60   0.128
13   61   0.012
13   62   0.106
13   63   0.016
13   64   0.094
13   65   0.009
13   66   0.014
13   67   0.06
13   68   0.029
13   69   0.022
13   70   0.062
13   71   0.099
13   72   0.163
13   73   0.024
13   74   0.084
13   75   0.029
13   76   0.13
13   77   0.106
13   78   0.029
13   79   0.063
13   80   0.091
13   81   0.079
13   82   0.116
13   83   0.07
14   15   0.15
14   16   0.056
14   17   0.004
14   18   0.035
14   19   0.132
14   20   0.059
14   21   0.016
14   22   0.028
14   23   0.016
14   24   0.011
14   25   0.07
14   26   0.027
14   27   0.012
14   28   0.024
14   29   0.07
14   30   0.07
14   31   0.098
14   32   0.048
14   33   0.021
14   34   0.049
14   35   0.157
14   36   0.085
14   37   0.068
14   38   0.024
14   39   0.08
14   40   0.042
14   41   0.025
14   42   0.037
14   43   0.004
14   44   0.105
14   45   0.126
14   46   0.034
14   47   0.031
14   48   0.009
14   49   0.036
14   50   0.024
14   51   0.168
14   52   0.109
14   53   0.097
14   54   0.045
14   55   0.012
14   56   0.051
14   57   0.01
14   58   0.086
14   59   0.117
14   60   0.137
14   61   0.038
14   62   0.056
14   63   0.086
14   64   0.229
14   65   0.246
14   66   0.161
14   67   0.065
14   68   0.035
14   69   0.041
14   70   0.142
14   71   0.125
14   72   0.057
14   73   0.044
14   74   0.105
14   75   0.15
14   76   0.032
14   77   0.053
14   78   0.14
14   79   0.089
14   80   0.126
14   81   0.111
14   82   0.041
14   83   0.091
15   16   0.039
15   17   0.056
15   18   0.036
15   19   0.147
15   20   0.13
15   21   0.298
15   22   0.148
15   23   0.057
15   24   0.044
15   25   0.025
15   26   0.041
15   27   0.105
15   28   0.084
15   29   0.052
15   30   0.013
15   31   0.071
15   32   0.011
15   33   0.035
15   34   0.016
15   35   0.009
15   36   0.072
15   37   0.057
15   38   0.061
15   39   0.094
15   40   0.05
15   41   0.171
15   42   0.044
15   43   0.088
15   44   0.051
15   45   0.005
15   46   0.072
15   47   0.018
15   48   0.045
15   49   0.043
15   50   0.018
15   51   0.115
15   52   0.138
15   53   0.018
15   54   0.142
15   55   0.018
15   56   0.103
15   57   0.023
15   58   0.166
15   59   0.048
15   60   0.019
15   61   0.102
15   62   0.067
15   63   0.139
15   64   0.125
15   65   0.021
15   66   0.037
15   67   0.016
15   68   0.007
15   69   0.103
15   70   0.029
15   71   0.119
15   72   0.209
15   73   0.084
15   74   0.029
15   75   0.093
15   76   0.15
15   77   0.065
15   78   0.016
15   79   0.04
15   80   0.045
15   81   0.033
15   82   0.011
15   83   0.17
16   17   0.052
16   18   0.101
16   19   0.072
16   20   0.044
16   21   0.013
16   22   0.016
16   23   0.161
16   24   0.092
16   25   0.069
16   26   0.055
16   27   0.096
16   28   0.132
16   29   0.118
16   30   0.158
16   31   0.053
16   32   0.027
16   33   0.035
16   34   0.191
16   35   0.115
16   36   0.027
16   37   0.087
16   38   0.067
16   39   0.041
16   40   0.101
16   41   0.172
16   42   0.038
16   43   0.015
16   44   0.055
16   45   0.227
16   46   0.062
16   47   0.062
16   48   0.039
16   49   0.1
16   50   0.061
16   51   0.122
16   52   0.019
16   53   0.17
16   54   0.096
16   55   0.13
16   56   0.124
16   57   0.016
16   58   0.069
16   59   0.056
16   60   0.001
16   61   0.015
16   62   0.119
16   63   0.034
16   64   0.003
16   65   0.017
16   66   0.07
16   67   0.022
16   68   0.033
16   69   0.026
16   70   0.092
16   71   0.09
16   72   0.065
16   73   0.036
16   74   0.055
16   75   0.126
16   76   0.041
16   77   0.042
16   78   0.09
16   79   0.03
16   81   0.099
16   82   0.116
16   83   0.196
17   18   0.088
17   19   0.087
17   20   0.138
17   21   0.096
17   22   0.068
17   23   0.024
17   24   0.031
17   25   0.032
17   26   0.105
17   27   0.054
17   28   0.173
17   29   0.006
17   30   0.095
17   31   0.096
17   32   0.057
17   33   0.063
17   34   0.003
17   35   0.166
17   36   0.185
17   37   0.112
17   38   0.09
17   39   0.034
17   40   0.004
17   41   0.065
17   42   0.073
17   43   0.143
17   44   0.051
17   45   0.011
17   46   0.017
17   47   0.119
17   48   0.09
17   49   0.062
17   50   0.145
17   51   0.018
17   53   0.17
17   55   0.023
17   56   0.011
17   57   0.046
17   58   0.144
17   59   0.056
17   60   0.073
17   61   0.042
17   62   0.058
17   63   0.066
17   64   0.095
17   65   0.115
17   66   0.126
17   67   0.078
17   69   0.068
17   70   0.076
17   71   0.104
17   72   0.086
17   73   0.099
17   74   0.189
17   75   0.186
17   76   0.08
17   77   0.049
17   78   0.103
17   79   0.002
17   80   0.038
17   82   0.047
17   83   0.005
18   19   0.262
18   20   0.183
18   21   0.149
18   22   0.029
18   23   0.042
18   24   0.115
18   25   0.095
18   26   0.103
18   27   0.148
18   28   0.121
18   29   0.043
18   30   0.048
18   31   0.113
18   32   0.062
18   33   0.021
18   34   0.057
18   35   0.175
18   36   0.067
18   37   0.06
18   38   0.13
18   39   0.091
18   40   0.023
18   41   0.028
18   42   0.07
18   43   0.017
18   44   0.074
18   45   0.03
18   46   0.169
18   47   0.071
18   49   0.063
18   50   0.113
18   51   0.074
18   53   0.021
18   54   0.047
18   55   0.085
18   56   0.124
18   57   0.043
18   58   0.049
18   59   0.095
18   60   0.088
18   61   0.038
18   62   0.191
18   63   0.016
18   64   0.083
18   65   0.146
18   66   0.002
18   67   0.073
18   69   0.117
18   70   0.044
18   71   0.157
18   72   0.023
18   73   0.098
18   74   0.141
18   75   0.16
18   76   0.061
18   77   0.052
18   78   0.002
18   79   0.092
18   81   0.151
18   82   0.063
18   83   0.013
19   20   0.018
19   21   0.009
19   22   0.059
19   23   0.134
19   25   0.014
19   26   0.241
19   27   0.048
19   28   0.058
19   29   0.075
19   30   0.02
19   31   0.142
19   32   0.12
19   33   0.049
19   34   0.001
19   35   0.017
19   36   0.013
19   37   0.024
19   38   0.064
19   39   0.04
19   40   0.025
19   41   0.134
19   42   0.051
19   43   0.126
19   44   0.053
19   45   0.048
19   46   0.023
19   47   0.011
19   48   0.044
19   49   0.098
19   50   0.049
19   51   0.039
19   52   0.103
19   53   0.062
19   54   0.109
19   55   0.024
19   56   0.247
19   57   0.027
19   58   0.05
19   59   0.076
19   60   0.005
19   61   0.083
19   62   0.029
19   63   0.095
19   64   0.084
19   65   0.001
19   66   0.02
19   68   0.015
19   69   0.013
19   70   0.108
19   71   0.074
19   72   0.052
19   73   0.042
19   74   0.018
19   75   0.073
19   76   0.01
19   77   0.006
19   78   0.081
19   79   0.144
19   80   0.012
19   81   0.047
19   82   0.103
19   83   0.103
20   21   0.121
20   22   0.118
20   23   0.004
20   24   0.118
20   25   0.083
20   26   0.063
20   27   0.072
20   28   0.082
20   29   0.071
20   30   0.018
20   31   0.015
20   32   0.041
20   33   0.135
20   34   0.124
20   35   0.087
20   36   0.115
20   37   0.101
20   38   0.087
20   39   0.035
20   40   0.082
20   41   0.029
20   42   0.097
20   43   0.016
20   44   0.079
20   45   0.041
20   46   0.006
20   47   0.022
20   48   0.046
20   49   0.025
20   50   0.121
20   51   0.146
20   52   0.032
20   53   0.099
20   54   0.096
20   55   0.074
20   56   0.199
20   57   0.027
20   58   0.023
20   59   0.037
20   60   0.081
20   61   0.042
20   62   0.092
20   63   0.14
20   64   0.078
20   65   0.087
20   66   0.063
20   67   0.051
20   68   0.07
20   69   0.079
20   70   0.052
20   71   0.082
20   72   0.102
20   73   0.017
20   74   0.11
20   75   0.02
20   76   0.104
20   77   0.161
20   78   0.018
20   79   0.016
20   80   0.005
20   81   0.151
20   82   0.059
20   83   0.077
21   22   0.087
21   23   0.132
21   24   0.089
21   25   0.037
21   26   0.077
21   27   0.01
21   28   0.01
21   29   0.024
21   30   0.05
21   31   0.007
21   32   0.012
21   33   0.05
21   34   0.008
21   35   0.031
21   36   0.088
21   37   0.09
21   38   0.08
21   39   0.078
21   40   0.145
21   41   0.056
21   42   0.06
21   43   0.041
21   44   0.201
21   45   0.241
21   46   0.033
21   47   0.161
21   48   0.026
21   49   0.078
21   50   0.047
21   51   0.025
21   52   0.031
21   53   0.017
21   54   0.014
21   55   0.103
21   56   0.102
21   57   0.123
21   58   0.042
21   59   0.007
21   60   0.089
21   61   0.032
21   62   0.102
21   63   0.122
21   64   0.078
21   65   0.032
21   66   0.054
21   67   0.207
21   68   0.261
21   69   0.162
21   70   0.043
21   71   0.083
21   72   0.132
21   73   0.122
21   74   0.026
21   75   0.022
21   76   0.037
21   77   0.038
21   78   0.064
21   79   0.197
21   81   0.106
21   82   0.157
21   83   0.105
22   23   0.011
22   24   0.249
22   25   0.001
22   26   0.025
22   27   0.063
22   28   0.179
22   29   0.165
22   30   0.077
22   31   0.056
22   32   0.163
22   33   0.155
22   34   0.027
22   35   0.034
22   36   0.056
22   37   0.022
22   38   0.048
22   39   0.084
22   40   0.049
22   41   0.057
22   42   0.087
22   43   0.084
22   44   0.1
22   45   0.031
22   46   0.063
22   47   0.013
22   48   0.134
22   49   0.129
22   50   0.078
22   51   0.105
22   52   0.099
22   53   0.068
22   54   0.095
22   55   0.026
22   56   0.238
22   57   0.139
22   58   0.074
22   59   0.038
22   60   0.042
22   61   0.113
22   62   0.154
22   63   0.156
22   64   0.064
22   65   0.071
22   66   0.019
22   67   0.109
22   68   0.151
22   69   0.134
22   70   0.084
22   71   0.126
22   72   0.065
22   73   0.197
22   74   0.035
22   75   0.178
22   76   0.065
22   77   0.074
22   78   0.048
22   79   0.023
22   80   0.068
22   81   0.101
22   82   0.138
22   83   0.013
23   24   0.077
23   25   0.066
23   26   0.059
23   27   0.085
23   28   0.07
23   29   0.052
23   30   0.027
23   31   0.028
23   32   0.121
23   33   0.057
23   34   0.048
23   35   0.045
23   36   0.122
23   37   0.041
23   38   0.043
23   39   0.006
23   40   0.085
23   41   0.05
23   42   0.024
23   43   0.065
23   44   0.049
23   45   0.123
23   46   0.087
23   47   0.19
23   48   0.144
23   49   0.062
23   50   0.053
23   51   0.064
23   52   0.015
23   53   0.063
23   54   0.164
23   55   0.126
23   56   0.012
23   57   0.052
23   58   0.077
23   59   0.014
23   60   0.048
23   61   0.056
23   62   0.057
23   63   0.027
23   64   0.163
23   65   0.039
23   66   0.003
23   67   0.025
23   68   0.218
23   69   0.09
23   70   0.022
23   71   0.013
23   72   0.084
23   73   0.177
23   74   0.098
23   75   0.096
23   76   0.167
23   77   0.081
23   78   0.114
23   79   0.143
23   80   0.088
23   81   0.101
23   82   0.028
23   83   0.03
24   25   0.009
24   26   0.217
24   27   0.08
24   28   0.012
24   29   0.184
24   30   0.044
24   31   0.021
24   32   0.045
24   33   0.071
24   34   0.136
24   35   0.046
24   36   0.075
24   37   0.121
24   38   0.111
24   39   0.068
24   40   0.079
24   41   0.142
24   42   0.06
24   43   0.139
24   44   0.108
24   45   0.154
24   46   0.057
24   47   0.121
24   48   0.007
24   49   0.128
24   50   0.065
24   51   0.058
24   52   0.131
24   53   0.038
24   54   0.045
24   55   0.075
24   56   0.062
24   57   0.171
24   58   0.017
24   59   0.008
24   60   0.003
24   61   0.138
24   62   0.079
24   63   0.147
24   64   0.079
24   65   0.094
24   66   0.083
24   67   0.06
24   68   0.095
24   69   0.039
24   70   0.076
24   71   0.172
24   72   0.011
24   73   0.097
24   74   0.063
24   75   0.137
24   76   0.141
24   77   0.022
24   78   0.026
24   79   0.106
24   80   0.111
24   82   0.093
24   83   0.008
25   26   0.038
25   27   0.134
25   28   0.163
25   29   0.082
25   30   0.087
25   31   0.029
25   32   0.061
25   33   0.089
25   34   0.052
25   35   0.049
25   36   0.019
25   37   0.003
25   38   0.006
25   39   0.06
25   40   0.071
25   41   0.03
25   42   0.023
25   43   0.114
25   44   0.002
25   45   0.006
25   46   0.056
25   47   0.135
25   48   0.18
25   49   0.011
25   50   0.143
25   51   0.141
25   52   0.14
25   53   0.033
25   54   0.142
25   55   0.089
25   56   0.001
25   57   0.019
25   58   0.001
25   59   0.065
25   60   0.022
25   61   0.019
25   62   0.164
25   63   0.22
25   64   0.181
25   65   0.138
25   66   0.084
25   67   0.152
25   68   0.234
25   69   0.206
25   70   0.111
25   71   0.047
25   72   0.022
25   73   0.045
25   74   0.128
25   75   0.134
25   76   0.113
25   77   0.086
25   78   0.063
25   79   0.052
25   80   0.131
25   81   0.109
25   82   0.015
25   83   0.114
26   27   0.003
26   28   0.111
26   29   0.124
26   30   0.066
26   31   0.026
26   32   0.083
26   33   0.023
26   34   0.044
26   35   0.112
26   36   0.006
26   37   0.104
26   38   0.061
26   39   0.102
26   40   0.082
26   41   0.086
26   42   0.077
26   43   0.093
26   44   0.05
26   45   0.159
26   46   0.106
26   47   0.048
26   48   0.174
26   49   0.038
26   50   0.097
26   51   0.14
26   52   0.147
26   53   0.08
26   54   0.063
26   55   0.06
26   56   0.037
26   57   0.051
26   58   0.095
26   59   0.058
26   60   0.076
26   61   0.041
26   62   0.095
26   63   0.195
26   64   0.134
26   65   0.058
26   66   0.097
26   67   0.157
26   68   0.07
26   69   0.124
26   70   0.038
26   71   0.225
26   72   0.039
26   73   0.063
26   74   0.081
26   75   0.151
26   76   0.078
26   77   0.066
26   78   0.21
26   79   0.033
26   80   0.249
26   81   0.064
26   82   0.032
26   83   0.081
27   28   0.149
27   29   0.061
27   30   0.02
27   31   0.096
27   32   0.138
27   33   0.124
27   34   0.104
27   35   0.158
27   36   0.167
27   37   0.169
27   38   0.039
27   39   0.045
27   40   0.075
27   41   0.011
27   42   0.074
27   43   0.093
27   44   0.104
27   45   0.026
27   46   0.079
27   47   0.184
27   48   0.21
27   49   0.021
27   50   0.02
27   51   0.164
27   52   0.036
27   53   0.015
27   54   0.006
27   55   0.187
27   56   0.131
27   57   0.082
27   58   0.131
27   59   0.11
27   60   0.047
27   61   0.072
27   62   0.138
27   63   0.06
27   64   0.135
27   65   0.138
27   66   0.04
27   67   0.075
27   68   0.189
27   69   0.086
27   70   0.046
27   71   0.056
27   72   0.173
27   73   0.026
27   74   0.035
27   75   0.003
27   76   0.183
27   77   0.12
27   78   0.036
27   79   0.073
27   80   0.013
27   81   0.019
27   82   0.181
27   83   0.135
28   29   0.053
28   30   0.099
28   31   0.033
28   32   0.001
28   33   0.004
28   34   0.041
28   35   0.08
28   36   0.299
28   37   0.014
28   38   0.048
28   39   0.109
28   40   0.05
28   41   0.018
28   42   0.076
28   43   0.031
28   44   0.21
28   45   0.076
28   46   0.037
28   47   0.03
28   48   0.129
28   49   0.007
28   50   0.108
28   51   0.117
28   52   0.053
28   53   0.079
28   54   0.161
28   55   0.128
28   56   0.039
28   57   0.084
28   58   0.035
28   59   0.03
28   60   0.036
28   61   0.089
28   62   0.114
28   63   0.125
28   64   0.005
28   65   0.025
28   66   0.172
28   67   0.219
28   68   0.006
28   69   0.19
28   70   0.065
28   71   0.03
28   72   0.131
28   73   0.136
28   74   0.025
28   75   0.01
28   76   0.104
28   77   0.098
28   78   0.07
28   79   0.092
28   80   0.061
28   81   0.089
28   82   0.153
28   83   0.07
29   30   0.09
29   31   0.041
29   32   0.09
29   33   0.02
29   34   0.065
29   35   0.088
29   36   0.12
29   37   0.148
29   38   0.026
29   39   0.124
29   40   0.049
29   41   0.04
29   42   0.015
29   43   0.065
29   44   0.099
29   45   0.086
29   46   0.043
29   47   0.128
29   48   0.016
29   49   0.008
29   50   0.012
29   51   0.047
29   52   0.129
29   53   0.006
29   54   0.083
29   55   0.005
29   56   0.234
29   57   0.107
29   58   0.162
29   59   0.093
29   60   0.192
29   61   0.08
29   62   0.018
29   63   0.064
29   64   0.078
29   65   0.07
29   66   0.133
29   67   0.008
29   68   0.004
29   69   0.073
29   70   0.029
29   71   0.094
29   72   0.025
29   73   0.016
29   74   0.006
29   75   0.151
29   76   0.067
29   77   0.085
29   78   0.019
29   79   0.01
29   80   0.097
29   81   0.119
29   82   0.078
29   83   0.176
30   31   0.037
30   32   0.078
30   33   0.037
30   34   0.064
30   35   0.089
30   36   0.046
30   37   0.149
30   38   0.128
30   39   0.127
30   40   0.13
30   41   0.073
30   42   0.1
30   43   0.213
30   44   0.063
30   45   0.011
30   46   0.079
30   48   0.056
30   49   0.11
30   50   0.087
30   51   0.048
30   52   0.078
30   53   0.062
30   54   0.061
30   55   0.068
30   56   0.085
30   57   0.152
30   58   0.053
30   59   0.156
30   60   0.078
30   61   0.133
30   62   0.051
30   63   0.023
30   64   0.189
30   65   0.012
30   66   0.074
30   67   0.065
30   69   0.062
30   70   0.06
30   71   0.111
30   72   0.026
30   73   0.004
30   74   0.15
30   75   0.18
30   76   0.016
30   77   0.049
30   78   0.171
30   79   0.086
30   80   0.021
30   82   0.065
31   32   0.006
31   33   0.047
31   34   0.036
31   35   0.027
31   36   0.161
31   37   0.096
31   38   0.137
31   39   0.091
31   40   0.038
31   41   0.065
31   42   0.06
31   43   0.066
31   44   0.169
31   45   0.048
31   46   0.034
31   47   0.003
31   48   0.059
31   49   0.08
31   50   0.029
31   52   0.182
31   53   0.03
31   54   0.025
31   55   0.056
31   56   0.054
31   57   0.019
31   58   0.002
31   59   0.038
31   60   0.059
31   61   0.131
31   62   0.106
31   63   0.073
31   64   0.032
31   66   0.103
31   68   0.018
31   69   0.099
31   70   0.007
31   71   0.017
31   72   0.021
31   73   0.095
31   74   0.06
31   75   0.087
31   76   0.106
31   77   0.034
31   78   0.105
31   79   0.062
31   80   0.086
31   82   0.048
31   83   0.021
32   33   0.006
32   34   0.027
32   35   0.089
32   36   0.158
32   37   0.107
32   38   0.074
32   39   0.082
32   40   0.039
32   41   0.054
32   42   0.089
32   43   0.065
32   44   0.022
32   45   0.117
32   46   0.005
32   47   0.033
32   48   0.121
32   49   0.016
32   50   0.067
32   51   0.134
32   52   0.203
32   54   0.091
32   55   0.222
32   56   0.095
32   57   0.091
32   58   0.007
32   59   0.121
32   60   0.072
32   62   0.131
32   63   0.033
32   64   0.074
32   65   0.061
32   67   0.047
32   68   0.052
32   69   0.037
32   70   0.074
32   71   0.036
32   72   0.035
32   73   0.169
32   74   0.076
32   75   0.046
32   76   0.148
32   77   0.043
32   78   0.027
32   80   0.05
32   81   0.138
32   82   0.018
32   83   0.163
33   34   0.078
33   35   0.019
33   36   0.026
33   37   0.204
33   38   0.081
33   39   0.024
33   40   0.145
33   41   0.152
33   42   0.121
33   43   0.171
33   44   0.017
33   45   0.024
33   46   0.129
33   47   0.15
33   48   0.157
33   49   0.014
33   50   0.12
33   51   0.022
33   52   0.085
33   53   0.084
33   54   0.266
33   55   0.1
33   56   0.02
33   57   0.171
33   58   0.161
33   59   0.278
33   60   0.015
33   61   0.048
33   62   0.085
33   63   0.029
33   65   0.085
33   66   0.084
33   67   0.066
33   68   0.028
33   69   0.07
33   70   0.091
33   71   0.135
33   72   0.096
33   73   0.042
33   74   0.052
33   75   0.055
33   76   0.074
33   77   0.06
33   78   0.081
33   79   0.032
33   80   0.035
33   81   0.114
33   82   0.116
33   83   0.079
34   35   0.041
34   36   0.132
34   37   0.054
34   38   0.104
34   39   0.013
34   40   0.046
34   41   0.073
34   42   0.101
34   43   0.071
34   44   0.06
34   45   0.158
34   46   0.026
34   47   0.035
34   48   0.047
34   49   0.096
34   50   0.089
34   51   0.031
34   52   0.018
34   53   0.008
34   54   0.027
34   55   0.055
34   56   0.085
34   57   0.152
34   58   0.118
34   59   0.051
34   60   0.023
34   61   0.15
34   62   0.026
34   63   0.024
34   64   0.064
34   65   0.043
34   66   0.008
34   67   0.11
34   68   0.099
34   69   0.015
34   70   0.067
34   71   0.143
34   72   0.026
34   73   0.002
34   74   0.199
34   75   0.042
34   76   0.02
34   77   0.035
34   78   0.164
34   79   0.067
34   80   0.066
34   81   0.039
34   82   0.147
34   83   0.263
35   36   0.09
35   37   0.045
35   38   0.062
35   39   0.206
35   40   0.124
35   41   0.004
35   42   0.039
35   43   0.011
35   44   0.043
35   45   0.074
35   46   0.088
35   47   0.041
35   48   0.036
35   49   0.025
35   50   0.103
35   51   0.124
35   52   0.146
35   53   0.059
35   54   0.171
35   55   0.094
35   56   0.162
35   57   0.148
35   58   0.059
35   59   0.023
35   60   0.003
35   61   0.079
35   62   0.014
35   63   0.031
35   64   0.032
35   65   0.093
35   66   0.008
35   67   0.033
35   68   0.139
35   69   0.09
35   70   0.005
35   71   0.055
35   72   0.007
35   73   0.078
35   74   0.037
35   75   0.026
35   76   0.033
35   77   0.02
35   78   0.028
35   79   0.034
35   80   0.025
35   81   0.078
35   82   0.072
35   83   0.004
36   37   0.101
36   38   0.124
36   39   0.054
36   40   0.164
36   41   0.014
36   42   0.021
36   43   0.096
36   44   0.109
36   45   0.112
36   46   0.046
36   47   0.081
36   48   0.009
36   49   0.163
36   50   0.025
36   51   0.104
36   52   0.134
36   53   0.054
36   54   0.039
36   55   0.016
36   56   0.042
36   57   0.151
36   58   0.014
36   59   0.062
36   60   0.136
36   61   0.042
36   62   0.117
36   63   0.161
36   64   0.001
36   65   0.075
36   66   0.05
36   67   0.072
36   68   0.001
36   69   0.076
36   70   0.113
36   71   0.041
36   72   0.026
36   73   0.143
36   74   0.059
36   75   0.031
36   76   0.023
36   77   0.124
36   78   0.085
36   79   0.099
36   80   0.197
36   81   0.116
36   82   0.133
36   83   0.171
37   38   0.089
37   39   0.082
37   40   0.217
37   41   0.026
37   42   0.059
37   43   0.232
37   44   0.122
37   45   0.069
37   46   0.046
37   47   0.129
37   48   0.154
37   49   0.059
37   50   0.048
37   51   0.089
37   52   0.095
37   53   0.114
37   54   0.082
37   55   0.013
37   56   0.081
37   57   0.092
37   58   0.026
37   59   0.109
37   60   0.136
37   61   0.201
37   62   0.03
37   63   0.026
37   65   0.065
37   66   0.093
37   67   0.019
37   68   0.096
37   69   0.119
37   70   0.01
37   71   0.039
37   72   0.016
37   73   0.056
37   74   0.082
37   75   0.104
37   76   0.039
37   77   0.044
37   78   0.041
37   79   0.083
37   80   0.031
37   81   0.039
37   82   0.003
37   83   0.012
38   39   0.028
38   40   0.057
38   41   0.156
38   42   0.129
38   43   0.08
38   44   0.026
38   45   0.042
38   46   0.08
38   47   0.081
38   48   0.111
38   49   0.143
38   50   0.09
38   51   0.024
38   52   0.022
38   53   0.104
38   54   0.053
38   55   0.177
38   56   0.07
38   57   0.106
38   58   0.01
38   59   0.158
38   60   0.038
38   61   0.138
38   62   0.007
38   63   0.113
38   64   0.067
38   65   0.031
38   66   0.023
38   67   0.006
38   68   0.09
38   69   0.075
38   70   0.023
38   71   0.098
38   72   0.064
38   73   0.085
38   74   0.092
38   75   0.017
38   76   0.024
38   77   0.102
38   78   0.08
38   79   0.135
38   80   0.045
38   81   0.048
38   82   0.043
38   83   0.093
39   40   0.11
39   41   0.151
39   42   0.067
39   43   0.028
39   44   0.036
39   45   0.064
39   46   0.017
39   47   0.015
39   48   0.007
39   49   0.104
39   50   0.056
39   51   0.113
39   52   0.048
39   53   0.04
39   54   0.067
39   55   0.036
39   56   0.032
39   57   0.079
39   58   0.08
39   59   0.017
39   60   0.136
39   61   0.123
39   62   0.11
39   63   0.047
39   64   0.023
39   65   0.001
39   66   0.044
39   67   0.062
39   68   0.105
39   69   0.033
39   70   0.029
39   71   0.061
39   72   0.15
39   73   0.073
39   74   0.104
39   75   0.092
39   76   0.038
39   77   0.014
39   78   0.004
39   79   0.075
39   80   0.11
39   81   0.108
39   82   0.009
39   83   0.039
40   41   0.089
40   42   0.017
40   43   0.082
40   44   0.033
40   45   0.061
40   46   0.065
40   47   0.091
40   48   0.07
40   49   0.039
40   50   0.122
40   51   0.112
40   52   0.12
40   53   0.115
40   54   0.161
40   55   0.199
40   56   0.064
40   57   0.026
40   58   0.114
40   59   0.158
40   60   0.186
40   61   0.036
40   62   0.039
40   63   0.074
40   64   0.087
40   65   0.104
40   66   0.106
40   68   0.109
40   69   0.021
40   70   0.121
40   71   0.164
40   72   0.089
40   73   0.095
40   74   0.001
40   75   0.102
40   76   0.022
40   77   0.213
40   78   0.127
40   80   0.008
40   81   0.131
40   82   0.016
40   83   0.06
41   42   0.041
41   43   0.071
41   44   0.195
41   45   0.179
41   46   0.115
41   47   0.106
41   48   0.134
41   49   0.071
41   50   0.168
41   51   0.009
41   52   0.054
41   53   0.254
41   54   0.068
41   55   0.065
41   56   0.069
41   57   0.026
41   58   0.135
41   59   0.102
41   60   0.12
41   61   0.168
41   62   0.149
41   63   0.108
41   64   0.041
41   65   0.113
41   66   0.075
41   67   0.114
41   68   0.012
41   69   0.064
41   70   0.023
41   71   0.063
41   72   0.095
41   73   0.014
41   74   0.014
41   75   0.152
41   76   0.04
41   77   0.165
41   78   0.085
41   79   0.01
41   80   0.027
41   81   0.088
41   82   0.032
41   83   0.139
42   43   0.031
42   44   0.057
42   45   0.112
42   46   0.145
42   47   0.034
42   48   0.005
42   49   0.284
42   50   0.117
42   51   0.065
42   52   0.067
42   53   0.1
42   54   0.173
42   55   0.131
42   56   0.126
42   57   0.046
42   58   0.097
42   59   0.14
42   60   0.101
42   61   0.013
42   62   0.132
42   63   0.117
42   65   0.099
42   66   0.141
42   67   0.151
42   68   0.013
42   69   0.066
42   70   0.129
42   71   0.078
42   72   0.034
42   73   0.057
42   74   0.18
42   75   0.087
42   76   0.123
42   77   0.057
42   78   0.115
42   79   0.121
42   80   0.042
42   81   0.11
42   82   0.043
42   83   0.009
43   44   0.012
43   45   0.132
43   46   0.05
43   47   0.022
43   48   0.152
43   49   0.07
43   50   0.07
43   51   0.113
43   52   0.077
43   53   0.163
43   54   0.052
43   55   0.047
43   56   0.097
43   57   0.016
43   58   0.139
43   59   0.046
43   60   0.077
43   61   0.005
43   62   0.103
43   63   0.129
43   64   0.133
43   65   0.072
43   66   0.22
43   67   0.092
43   68   0.048
43   69   0.001
43   70   0.081
43   71   0.006
43   72   0.057
43   73   0.129
43   74   0.073
43   75   0.001
43   76   0.17
43   77   0.029
43   78   0.06
43   79   0.026
43   80   0.05
43   81   0.026
43   82   0.024
43   83   0.167
44   45   0.019
44   46   0.024
44   47   0.024
44   48   0.139
44   49   0.11
44   50   0.063
44   51   0.176
44   52   0.046
44   53   0.125
44   54   0.043
44   55   0.145
44   56   0.037
44   57   0.018
44   58   0.114
44   59   0.021
44   60   0.068
44   61   0.05
44   62   0.053
44   63   0.073
44   64   0.121
44   65   0.103
44   66   0.251
44   67   0.042
44   68   0.074
44   69   0.037
44   70   0.055
44   71   0.017
44   72   0.056
44   73   0.044
44   74   0.145
44   75   0.146
44   76   0.124
44   77   0.095
44   78   0.057
44   79   0.013
44   80   0.016
44   81   0.098
44   82   0.149
44   83   0.047
45   46   0.083
45   47   0.055
45   48   0.035
45   49   0.179
45   50   0.152
45   51   0.037
45   52   0.042
45   53   0.028
45   54   0.017
45   55   0.093
45   56   0.077
45   57   0.058
45   58   0.154
45   59   0.066
45   60   0.041
45   61   0.121
45   62   0.073
45   63   0.104
45   64   0.059
45   65   0.103
45   66   0.122
45   67   0.057
45   68   0.07
45   69   0.039
45   70   0.012
45   71   0.038
45   72   0.027
45   73   0.015
45   74   0.074
45   75   0.058
45   76   0.031
45   77   0.033
45   78   0.028
45   79   0.197
45   80   0.003
45   81   0.001
45   82   0.07
45   83   0.077
46   47   0.079
46   48   0.036
46   49   0.132
46   50   0.189
46   51   0.09
46   52   0.093
46   53   0.016
46   54   0.027
46   55   0.052
46   56   0.063
46   57   0.023
46   58   0.066
46   59   0.024
46   60   0.056
46   61   0.216
46   62   0.015
46   63   0.038
46   64   0.069
46   65   0.023
46   66   0.041
46   67   0.071
46   68   0.054
46   69   0.101
46   70   0.023
46   71   0.005
46   72   0.038
46   73   0.031
46   74   0.028
46   75   0.082
46   76   0.133
46   77   0.116
46   78   0.08
46   79   0.072
46   80   0.053
46   81   0.117
46   82   0.036
46   83   0.124
47   48   0.075
47   49   0.102
47   50   0.015
47   51   0.057
47   52   0.103
47   53   0.146
47   54   0.03
47   55   0.152
47   56   0.096
47   57   0.116
47   58   0.177
47   59   0.078
47   60   0.023
47   61   0.216
47   62   0.002
47   63   0.21
47   64   0.04
47   65   0.051
47   66   0.059
47   67   0.036
47   68   0.018
47   69   0.156
47   70   0.091
47   71   0.065
47   72   0.015
47   73   0.018
47   74   0.163
47   75   0.037
47   76   0.173
47   77   0.094
47   78   0.027
47   79   0.026
47   80   0.147
47   81   0.023
47   82   0.001
47   83   0.004
48   49   0.196
48   50   0.182
48   51   0.18
48   52   0.017
48   53   0.05
48   54   0.038
48   55   0.051
48   56   0.031
48   57   0.078
48   58   0.015
48   59   0.05
48   60   0.027
48   61   0.002
48   62   0.042
48   63   0.028
48   64   0.159
48   65   0.164
48   66   0.089
48   67   0.032
48   68   0.008
48   69   0.173
48   70   0.139
48   71   0.027
48   72   0.042
48   73   0.132
48   74   0.014
48   75   0.096
48   76   0.085
48   77   0.03
48   78   0.021
48   79   0.029
48   80   0.189
48   82   0.099
48   83   0.1
49   50   0.024
49   51   0.008
49   52   0.044
49   53   0.003
49   54   0.031
49   55   0.044
49   56   0.173
49   57   0.012
49   58   0.148
49   59   0.001
49   60   0.079
49   61   0.159
49   62   0.079
49   63   0.019
49   64   0.025
49   65   0.098
49   66   0.03
49   67   0.134
49   68   0.078
49   69   0.094
49   70   0.009
49   71   0.215
49   72   0.03
49   73   0.003
49   74   0.027
49   75   0.047
49   76   0.078
49   77   0.09
49   78   0.178
49   79   0.135
49   80   0.036
49   81   0.117
49   82   0.012
49   83   0.036
50   51   0.048
50   52   0.055
50   53   0.119
50   54   0.062
50   55   0.094
50   56   0.05
50   57   0.062
50   58   0.116
50   59   0.017
50   60   0.036
50   61   0.019
50   62   0.01
50   63   0.119
50   64   0.078
50   65   0.019
50   66   0.015
50   67   0.066
50   68   0.055
50   69   0.032
50   70   0.03
50   71   0.102
50   72   0.017
50   73   0.037
50   74   0.112
50   75   0.048
50   76   0.071
50   77   0.031
50   78   0.14
50   79   0.016
50   80   0.008
50   81   0.019
50   82   0.127
50   83   0.152
51   52   0.091
51   53   0.003
51   54   0.015
51   55   0.076
51   56   0.013
51   57   0.102
51   58   0.032
51   59   0.083
51   60   0.022
51   61   0.066
51   62   0.091
51   63   0.118
51   64   0.127
51   65   0.023
51   66   0.097
51   67   0.171
51   68   0.02
51   69   0.13
51   70   0.146
51   71   0.108
51   72   0.006
51   73   0.043
51   74   0.019
51   75   0.171
51   76   0.081
51   77   0.076
51   78   0.067
51   79   0.024
51   80   0.045
51   81   0.014
51   82   0.125
51   83   0.098
52   53   0.024
52   54   0.171
52   55   0.022
52   56   0.044
52   57   0.005
52   58   0.042
52   59   0.052
52   60   0.102
52   61   0.069
52   62   0.027
52   63   0.113
52   64   0.113
52   65   0.171
52   66   0.006
52   67   0.169
52   68   0.077
52   69   0.055
52   70   0.054
52   71   0.181
52   72   0.026
52   74   0.066
52   75   0.044
52   76   0.031
52   77   0.011
52   78   0.024
52   79   0.023
52   80   0.038
52   81   0.183
52   82   0.064
52   83   0.134
53   54   0.022
53   55   0.067
53   56   0.127
53   57   0.137
53   58   0.079
53   59   0.029
53   60   0.198
53   61   0.083
53   62   0.118
53   63   0.124
53   64   0.035
53   65   0.009
53   66   0.139
53   67   0.055
53   68   0.029
53   69   0.18
53   70   0.005
53   71   0.111
53   72   0.049
53   73   0.006
53   74   0.041
53   75   0.019
53   76   0.057
53   77   0.058
53   78   0.065
53   79   0.007
53   80   0.064
53   81   0.055
53   82   0.141
53   83   0.019
54   55   0.083
54   56   0.038
54   57   0.028
54   58   0.02
54   59   0.043
54   60   0.207
54   61   0.126
54   62   0.066
54   63   0.105
54   64   0.242
54   65   0.063
54   66   0.081
54   67   0.063
54   68   0.011
54   69   0.162
54   70   0.143
54   71   0.054
54   72   0.056
54   73   0.017
54   74   0.071
54   75   0.054
54   76   0.04
54   77   0.095
54   78   0.002
54   79   0.048
54   80   0.115
54   81   0.002
54   82   0.035
54   83   0.006
55   56   0.059
55   57   0.11
55   58   0.047
55   59   0.039
55   60   0.106
55   61   0.049
55   62   0.039
55   63   0.141
55   64   0.136
55   65   0.135
55   66   0.071
55   67   0.15
55   68   0.244
55   69   0.097
55   70   0.024
55   71   0.115
55   72   0.106
55   73   0.084
55   74   0.05
55   75   0.055
55   76   0.128
55   77   0.089
55   78   0.174
55   79   0.028
55   80   0.08
55   81   0.021
55   82   0.042
55   83   0.131
56   57   0.11
56   58   0.046
56   59   0.072
56   60   0.093
56   61   0.224
56   62   0.038
56   63   0.11
56   64   0.018
56   65   0.108
56   66   0.017
56   67   0.116
56   68   0.008
56   69   0.011
56   70   0.004
56   71   0.037
56   72   0.087
56   73   0.007
56   74   0.069
56   75   0.114
56   76   0.087
56   77   0.027
56   78   0.059
56   79   0.18
56   80   0.028
56   81   0.022
56   82   0.004
56   83   0.07
57   58   0.026
57   59   0.098
57   60   0.076
57   61   0.12
57   62   0.031
57   63   0.041
57   64   0.165
57   65   0.048
57   66   0.106
57   67   0.105
57   68   0.001
57   69   0.09
57   70   0.238
57   71   0.161
57   72   0.016
57   73   0.079
57   74   0.005
57   75   0.055
57   76   0.04
57   77   0.019
57   78   0.04
57   79   0.065
57   80   0.161
57   81   0.032
57   82   0.146
57   83   0.044
58   59   0.02
58   60   0.09
58   61   0.071
58   62   0.101
58   63   0.22
58   64   0.081
58   65   0.091
58   66   0.011
58   67   0.034
58   68   0.194
58   69   0.025
58   70   0.145
58   71   0.043
58   72   0.118
58   73   0.003
58   74   0.043
58   75   0.064
58   76   0.064
58   77   0.164
58   78   0.068
58   79   0.023
58   80   0.173
58   81   0.136
58   82   0.172
58   83   0.122
59   60   0.062
59   61   0.085
59   62   0.141
59   63   0.197
59   64   0.072
59   65   0.041
59   66   0.114
59   67   0.127
59   68   0.027
59   69   0.151
59   70   0.083
59   71   0.012
59   72   0.275
59   73   0.02
59   74   0.007
59   75   0.131
59   77   0.292
59   78   0.258
59   79   0.014
59   80   0.152
59   81   0.016
59   82   0.107
59   83   0.078
60   61   0.031
60   62   0.035
60   63   0.071
60   64   0.084
60   65   0.037
60   66   0.038
60   67   0.01
60   68   0.148
60   69   0.002
60   70   0.023
60   71   0.139
60   72   0.094
60   73   0.137
60   74   0.15
60   75   0.086
60   76   0.033
60   77   0.114
60   78   0.028
60   79   0.014
60   80   0.112
60   81   0.018
60   82   0.127
60   83   0.009
61   62   0.053
61   63   0.041
61   64   0.101
61   65   0.102
61   66   0.02
61   67   0.029
61   68   0.118
61   69   0.009
61   70   0.246
61   71   0.155
61   72   0.032
61   73   0.003
61   74   0.058
61   75   0.119
61   76   0.059
61   77   0.095
61   78   0.097
61   79   0.062
61   80   0.166
61   81   0.088
61   82   0.025
61   83   0.164
62   63   0.033
62   64   0.022
62   65   0.1
62   66   0.017
62   67   0.117
62   68   0.071
62   69   0.131
62   70   0.052
62   71   0.271
62   72   0.171
62   73   0.098
62   74   0.034
62   75   0.182
62   76   0.09
62   77   0.157
62   78   0.182
62   79   0.229
62   80   0.036
62   81   0.122
62   82   0.04
62   83   0.201
63   64   0.161
63   65   0.077
63   66   0.227
63   67   0.02
63   68   0.03
63   69   0.093
63   70   0.2
63   71   0.037
63   72   0.063
63   73   0.043
63   74   0.03
63   75   0.013
63   76   0.021
63   77   0.066
63   78   0.012
63   79   0.135
63   80   0.022
63   81   0.086
63   82   0.018
63   83   0.059
64   65   0.071
64   66   0.023
64   67   0.09
64   68   0.108
64   69   0.133
64   70   0.036
64   71   0.095
64   72   0.043
64   73   0.015
64   74   0.033
64   75   0.071
64   76   0.021
64   77   0.11
64   78   0.013
64   79   0.12
64   81   0.046
64   82   0.051
64   83   0.148
65   66   0.031
65   67   0.068
65   68   0.064
65   69   0.026
65   70   0.022
65   71   0.015
65   72   0.132
65   73   0.207
65   74   0.014
65   75   0.143
65   76   0.121
65   77   0.098
65   78   0.221
65   79   0.116
65   80   0.063
65   81   0.014
65   82   0.097
65   83   0.021
66   67   0.079
66   68   0.14
66   69   0.083
66   70   0.059
66   71   0.053
66   72   0.054
66   73   0.026
66   74   0.176
66   75   0.053
66   76   0.05
66   77   0.136
66   78   0.032
66   79   0.129
66   80   0.012
66   81   0.005
66   82   0.053
66   83   0.071
67   68   0.009
67   69   0.046
67   70   0.049
67   71   0.072
67   72   0.004
67   73   0.066
67   74   0.076
67   75   0.031
67   76   0.049
67   77   0.142
67   78   0.198
67   79   0.024
67   80   0.081
67   81   0.054
67   82   0.075
67   83   0.051
68   69   0.146
68   70   0.066
68   71   0.042
68   72   0.093
68   73   0.071
68   74   0.153
68   75   0.106
68   76   0.042
68   77   0.204
68   78   0.068
68   79   0.088
68   80   0.107
68   81   0.055
68   82   0.054
68   83   0.169
69   71   0.053
69   72   0.073
69   73   0.085
69   74   0.059
69   75   0.041
69   76   0.033
69   77   0.236
69   78   0.126
69   79   0.04
69   80   0.072
69   81   0.022
69   82   0.09
69   83   0.077
70   71   0.01
70   72   0.013
70   73   0.198
70   74   0.002
70   75   0.036
70   76   0.02
70   77   0.012
70   78   0.04
70   79   0.102
70   80   0.119
70   81   0.069
70   82   0.051
70   83   0.117
71   72   0.016
71   73   0.276
71   74   0.034
71   75   0.047
71   76   0.032
71   77   0.182
71   78   0.16
71   79   0.084
71   80   0.008
71   81   0.006
71   82   0.039
71   83   0.12
72   73   0.018
72   74   0.152
72   75   0.017
72   76   0.022
72   77   0.137
72   78   0.059
72   79   0.044
72   80   0.124
72   81   0.068
72   82   0.089
72   83   0.063
73   74   0.024
73   75   0.031
73   76   0.032
73   77   0.129
73   78   0.081
73   79   0.183
73   80   0.022
73   81   0.17
73   82   0.107
73   83   0.105
74   75   0.027
74   76   0.022
74   77   0.206
74   78   0.144
74   79   0.031
74   80   0.115
74   81   0.086
74   82   0.144
74   83   0.23
75   76   0.04
75   77   0.148
75   78   0.116
75   79   0.082
75   80   0.13
75   81   0.075
75   82   0.059
75   83   0.161
76   77   0.144
76   78   0.066
76   79   0.055
76   80   0.036
76   81   0.054
76   82   0.09
76   83   0.12
77   78   0.188
77   79   0.032
77   80   0.008
77   81   0.13
77   82   0.084
77   83   0.037
78   79   0.02
78   80   0.014
78   81   0.012
78   82   0.005
78   83   0.008
79   80   0.071
79   81   0.067
79   82   0.027
79   83   0.102
80   81   0.074
80   82   0.146
81   82   0.008
81   83   0.155
82   83   0.089
