1   3   0.185
1   6   0.095
1   7   0.074
1   8   0.189
1   10   0.09
1   14   0.027
1   17   0.234
1   19   0.083
1   21   0.12
1   23   0.13
1   24   0.009
1   26   0.082
1   27   0.053
1   28   0.183
1   29   0.132
1   30   0.12
1   33   0.089
1   34   0.099
1   36   0.019
1   38   0.002
1   73   0.08
1   77   0.051
2   3   0.046
2   9   0.022
2   11   0.087
2   13   0.183
2   15   0.103
2   16   0.009
2   17   0.096
2   18   0.024
2   19   0.086
2   22   0.164
2   23   0.005
2   24   0.12
2   25   0.136
2   26   0.055
2   27   0.038
2   28   0.163
2   31   0.035
2   34   0.078
2   36   0.024
2   37   0.01
2   38   0.045
2   39   0.017
2   42   0.076
2   43   0.015
2   44   0.034
2   45   0.171
2   49   0.016
2   51   0.015
2   52   0.019
2   66   0.02
2   68   0.054
2   71   0.027
2   72   0.086
2   74   0.29
2   75   0.005
2   76   0.11
2   80   0.106
3   6   0.039
3   7   0.078
3   8   0.086
3   10   0.115
3   14   0.062
3   17   0.026
3   18   0.113
3   19   0.049
3   21   0.094
3   22   0.176
3   23   0.068
3   24   0.084
3   26   0.055
3   27   0.03
3   28   0.128
3   29   0.049
3   30   0.02
3   33   0.119
3   34   0.012
3   36   0.166
3   37   0.027
3   39   0.02
3   40   0.032
3   43   0.045
3   44   0.08
3   45   0.085
3   46   0.116
3   51   0.013
3   52   0.066
3   65   0.129
3   66   0.046
3   68   0.02
3   71   0.077
3   72   0.2
3   76   0.12
4   5   0.072
4   6   0.003
4   7   0.064
4   8   0.103
4   9   0.102
4   10   0.13
4   12   0.123
4   14   0.049
4   15   0.037
4   20   0.008
4   24   0.196
4   28   0.179
4   29   0.137
4   34   0.016
4   36   0.013
4   38   0.173
4   40   0.027
4   41   0.027
4   47   0.193
4   53   0.029
4   58   0.022
4   59   0.047
4   61   0.059
4   69   0.043
4   73   0.153
4   77   0.1
5   6   0.074
5   7   0.11
5   8   0.065
5   9   0.012
5   10   0.076
5   12   0.015
5   15   0.022
5   20   0.05
5   24   0.05
5   27   0.025
5   28   0.092
5   29   0.122
5   32   0.076
5   34   0.091
5   35   0.01
5   36   0.106
5   40   0.022
5   41   0.142
5   47   0.08
5   84   0.137
6   7   0.067
6   8   0.068
6   9   0.178
6   10   0.175
6   12   0.079
6   13   0.102
6   14   0.102
6   15   0.116
6   17   0.062
6   20   0.094
6   23   0.156
6   24   0.139
6   26   0.145
6   28   0.041
6   29   0.051
6   30   0.068
6   32   0.131
6   34   0.08
6   36   0.108
6   38   0.032
6   39   0.007
6   40   0.098
6   41   0.057
6   42   0.075
6   47   0.017
6   58   0.001
6   59   0.089
6   73   0.115
6   77   0.139
7   8   0.113
7   9   0.008
7   10   0.061
7   12   0.066
7   14   0.038
7   15   0.018
7   17   0.119
7   19   0.236
7   20   0.032
7   21   0.133
7   23   0.089
7   24   0.091
7   26   0.04
7   27   0.181
7   28   0.094
7   29   0.12
7   30   0.19
7   32   0.026
7   33   0.064
7   34   0.101
7   36   0.128
7   37   0.09
7   38   0.023
7   39   0.029
7   40   0.01
7   41   0.077
7   43   0.048
7   45   0.113
7   47   0.098
7   58   0.079
7   73   0.08
7   77   0.088
8   9   0.144
8   10   0.04
8   12   0.182
8   13   0.12
8   14   0.036
8   15   0.036
8   17   0.109
8   18   0.004
8   19   0.076
8   20   0.127
8   21   0.203
8   23   0.127
8   24   0.026
8   26   0.019
8   27   0.067
8   28   0.18
8   29   0.079
8   30   0.172
8   32   0.116
8   33   0.019
8   34   0.001
8   36   0.139
8   38   0.129
8   39   0.022
8   40   0.028
8   41   0.01
8   42   0.001
8   43   0.103
8   56   0.063
8   58   0.023
8   73   0.139
8   77   0.221
9   10   0.064
9   12   0.085
9   13   0.044
9   14   0.002
9   15   0.042
9   16   0.013
9   17   0.094
9   20   0.045
9   22   0.142
9   23   0.055
9   24   0.001
9   25   0.022
9   26   0.073
9   27   0.028
9   28   0.116
9   29   0.018
9   30   0.018
9   31   0.056
9   33   0.027
9   34   0.05
9   36   0.048
9   37   0.055
9   38   0.029
9   39   0.1
9   40   0.048
9   41   0.01
9   42   0.025
9   43   0.051
9   45   0.064
9   47   0.076
9   49   0.011
9   53   0.131
9   56   0.136
9   58   0.071
9   59   0.236
9   61   0.004
9   62   0.017
9   64   0.055
9   65   0.009
9   69   0.104
9   71   0.056
9   73   0.064
9   75   0.097
9   76   0.011
9   77   0.049
9   78   0.075
9   79   0.033
9   80   0.051
9   83   0.017
10   12   0.101
10   13   0.073
10   14   0.072
10   15   0.113
10   20   0.159
10   24   0.056
10   28   0.188
10   29   0.071
10   30   0.041
10   32   0.032
10   33   0.132
10   34   0.052
10   36   0.134
10   38   0.034
10   39   0.019
10   40   0.012
10   41   0.057
10   43   0.018
10   47   0.103
10   53   0.08
10   55   0.063
10   57   0.026
10   58   0.069
10   59   0.009
10   61   0.084
10   64   0.13
10   69   0.007
10   73   0.109
10   77   0.148
11   13   0.211
11   14   0.133
11   17   0.089
11   18   0.042
11   19   0.08
11   23   0.016
11   25   0.008
11   26   0.018
11   27   0.024
11   29   0.094
11   31   0.034
11   32   0.03
11   34   0.181
11   36   0.123
11   37   0.058
11   38   0.056
11   39   0.129
11   41   0.177
11   42   0.054
11   44   0.047
11   49   0.001
11   51   0.035
11   60   0.112
11   62   0.121
11   67   0.106
11   74   0.018
11   75   0.092
11   76   0.183
11   80   0.112
12   13   0.148
12   14   0.107
12   15   0.008
12   20   0.124
12   24   0.064
12   28   0.123
12   29   0.079
12   32   0.114
12   34   0.106
12   36   0.051
12   38   0.084
12   40   0.011
12   41   0.118
12   42   0.029
12   47   0.021
12   53   0.002
12   54   0.114
12   58   0.052
12   59   0.022
12   61   0.065
12   64   0.06
12   69   0.065
12   73   0.166
12   77   0.059
13   14   0.103
13   18   0.045
13   22   0.129
13   24   0.03
13   25   0.099
13   26   0.17
13   27   0.036
13   29   0.107
13   31   0.133
13   32   0.145
13   34   0.041
13   36   0.018
13   37   0.053
13   38   0.061
13   39   0.074
13   40   0.027
13   41   0.077
13   42   0.114
13   43   0.07
13   44   0.086
13   45   0.005
13   46   0.027
13   48   0.071
13   49   0.019
13   51   0.001
13   60   0.138
13   62   0.107
13   67   0.175
13   71   0.047
13   74   0.085
13   75   0.132
13   76   0.16
13   80   0.176
13   83   0.003
14   15   0.021
14   17   0.161
14   18   0.004
14   19   0.043
14   20   0.138
14   21   0.203
14   23   0.146
14   24   0.104
14   26   0.09
14   27   0.151
14   28   0.124
14   29   0.079
14   30   0.183
14   32   0.078
14   33   0.051
14   34   0.048
14   36   0.101
14   38   0.074
14   39   0.176
14   40   0.036
14   41   0.138
14   42   0.078
14   73   0.163
14   77   0.13
15   20   0.132
15   21   0.059
15   22   0.016
15   23   0.028
15   24   0.016
15   27   0.027
15   28   0.012
15   29   0.024
15   30   0.07
15   32   0.098
15   34   0.021
15   35   0.049
15   36   0.157
15   37   0.085
15   38   0.068
15   40   0.08
15   41   0.042
15   43   0.037
15   47   0.034
15   58   0.01
15   59   0.086
15   61   0.137
15   69   0.035
15   73   0.057
15   77   0.032
15   84   0.091
16   17   0.039
16   21   0.13
16   22   0.298
16   23   0.148
16   24   0.057
16   27   0.041
16   28   0.105
16   30   0.052
16   34   0.035
16   36   0.009
16   37   0.072
16   38   0.057
16   39   0.061
16   40   0.094
16   43   0.044
16   45   0.051
16   46   0.005
16   52   0.115
16   65   0.125
16   70   0.103
16   71   0.029
16   72   0.119
16   73   0.209
16   76   0.093
16   77   0.15
16   79   0.016
17   18   0.052
17   19   0.101
17   21   0.044
17   22   0.013
17   23   0.016
17   24   0.161
17   26   0.069
17   27   0.055
17   28   0.096
17   29   0.132
17   30   0.118
17   33   0.027
17   34   0.035
17   36   0.115
17   37   0.027
17   38   0.087
17   39   0.067
17   43   0.038
17   44   0.015
17   51   0.061
17   52   0.122
17   66   0.017
17   72   0.09
17   75   0.055
17   76   0.126
18   19   0.088
18   21   0.138
18   23   0.068
18   25   0.031
18   26   0.032
18   27   0.105
18   29   0.173
18   30   0.006
18   31   0.095
18   34   0.063
18   36   0.166
18   37   0.185
18   38   0.112
18   39   0.09
18   42   0.065
18   44   0.143
18   62   0.042
18   67   0.126
18   74   0.099
18   75   0.189
18   76   0.186
18   80   0.002
19   21   0.183
19   23   0.029
19   25   0.115
19   26   0.095
19   27   0.103
19   29   0.121
19   30   0.043
19   31   0.048
19   33   0.062
19   34   0.021
19   36   0.175
19   37   0.067
19   38   0.06
19   39   0.13
19   44   0.017
19   51   0.113
19   52   0.074
19   68   0.073
19   74   0.098
19   75   0.141
19   76   0.16
19   80   0.092
20   24   0.134
20   28   0.048
20   29   0.058
20   32   0.142
20   34   0.049
20   36   0.017
20   38   0.024
20   40   0.04
20   41   0.025
20   47   0.023
20   53   0.103
20   58   0.027
20   59   0.05
20   61   0.005
20   64   0.095
20   69   0.015
20   73   0.052
20   77   0.01
21   22   0.121
21   23   0.118
21   24   0.004
21   26   0.083
21   27   0.063
21   28   0.072
21   29   0.082
21   30   0.071
21   33   0.041
21   34   0.135
21   35   0.124
21   36   0.087
21   37   0.115
21   38   0.101
21   39   0.087
21   40   0.035
21   41   0.082
21   43   0.097
21   45   0.079
21   65   0.078
21   70   0.079
21   71   0.052
21   72   0.082
21   73   0.102
21   76   0.02
21   77   0.104
21   78   0.161
21   79   0.018
21   82   0.151
22   23   0.087
22   24   0.132
22   25   0.089
22   26   0.037
22   27   0.077
22   28   0.01
22   29   0.01
22   30   0.024
22   31   0.05
22   34   0.05
22   36   0.031
22   37   0.088
22   38   0.09
22   39   0.08
22   40   0.078
22   42   0.056
22   43   0.06
22   44   0.041
22   45   0.201
22   46   0.241
22   51   0.047
22   52   0.025
22   58   0.123
22   62   0.032
22   65   0.078
22   70   0.162
22   71   0.043
22   72   0.083
22   73   0.132
22   75   0.026
22   76   0.022
22   77   0.037
22   79   0.064
22   80   0.197
23   24   0.011
23   26   0.001
23   27   0.025
23   28   0.063
23   29   0.179
23   30   0.165
23   33   0.163
23   34   0.155
23   35   0.027
23   36   0.034
23   37   0.056
23   38   0.022
23   39   0.048
23   40   0.084
23   41   0.049
23   43   0.087
23   44   0.084
23   45   0.1
23   46   0.031
23   51   0.078
23   52   0.105
23   65   0.064
23   66   0.071
23   70   0.134
23   71   0.084
23   72   0.126
23   73   0.065
23   76   0.178
23   77   0.065
23   79   0.048
23   84   0.013
24   25   0.077
24   26   0.066
24   27   0.059
24   28   0.085
24   29   0.07
24   30   0.052
24   31   0.027
24   32   0.028
24   33   0.121
24   34   0.057
24   36   0.045
24   37   0.122
24   38   0.041
24   39   0.043
24   40   0.006
24   41   0.085
24   42   0.05
24   43   0.024
24   45   0.049
24   46   0.123
24   47   0.087
24   48   0.19
24   50   0.062
24   51   0.053
24   52   0.064
24   53   0.015
24   55   0.164
24   56   0.126
24   57   0.012
24   58   0.052
24   59   0.077
24   61   0.048
24   62   0.056
24   63   0.057
24   64   0.027
24   65   0.163
24   69   0.218
24   70   0.09
24   71   0.022
24   72   0.013
24   73   0.084
24   76   0.096
24   77   0.167
24   78   0.081
24   79   0.114
24   80   0.143
24   82   0.101
24   83   0.028
25   26   0.009
25   27   0.217
25   31   0.044
25   34   0.071
25   36   0.046
25   37   0.075
25   38   0.121
25   42   0.142
25   43   0.06
25   44   0.139
25   45   0.108
25   49   0.007
25   51   0.065
25   60   0.008
25   62   0.138
25   67   0.083
25   74   0.097
25   75   0.063
25   76   0.137
25   80   0.106
26   27   0.038
26   28   0.134
26   29   0.163
26   30   0.082
26   31   0.087
26   33   0.061
26   34   0.089
26   36   0.049
26   37   0.019
26   38   0.003
26   39   0.006
26   40   0.06
26   42   0.03
26   43   0.023
26   44   0.114
26   45   0.002
26   46   0.006
26   49   0.18
26   51   0.143
26   52   0.141
26   60   0.065
26   62   0.019
26   66   0.138
26   67   0.084
26   68   0.152
26   71   0.111
26   74   0.045
26   75   0.128
26   76   0.134
26   80   0.052
26   83   0.015
27   28   0.003
27   29   0.111
27   30   0.124
27   31   0.066
27   33   0.083
27   34   0.023
27   35   0.044
27   36   0.112
27   37   0.006
27   38   0.104
27   39   0.061
27   40   0.102
27   41   0.082
27   42   0.086
27   43   0.077
27   44   0.093
27   45   0.05
27   46   0.159
27   47   0.106
27   49   0.174
27   51   0.097
27   52   0.14
27   58   0.051
27   60   0.058
27   62   0.041
27   65   0.134
27   66   0.058
27   67   0.097
27   68   0.157
27   70   0.124
27   71   0.038
27   72   0.225
27   73   0.039
27   74   0.063
27   75   0.081
27   76   0.151
27   77   0.078
27   80   0.033
27   83   0.032
27   84   0.081
28   29   0.149
28   30   0.061
28   32   0.096
28   33   0.138
28   34   0.124
28   35   0.104
28   36   0.158
28   37   0.167
28   38   0.169
28   39   0.039
28   40   0.045
28   41   0.075
28   43   0.074
28   45   0.104
28   46   0.026
28   47   0.079
28   48   0.184
28   50   0.021
28   53   0.036
28   55   0.006
28   56   0.187
28   57   0.131
28   58   0.082
28   59   0.131
28   61   0.047
28   63   0.138
28   64   0.06
28   65   0.135
28   69   0.189
28   70   0.086
28   71   0.046
28   72   0.056
28   73   0.173
28   76   0.003
28   77   0.183
28   78   0.12
28   79   0.036
28   82   0.019
28   83   0.181
29   30   0.053
29   32   0.033
29   33   0.001
29   34   0.004
29   36   0.08
29   38   0.014
29   39   0.048
29   40   0.109
29   41   0.05
29   43   0.076
29   58   0.084
29   73   0.131
29   77   0.104
30   33   0.09
30   34   0.02
30   36   0.088
30   37   0.12
30   38   0.148
30   39   0.026
30   40   0.124
30   41   0.049
30   43   0.015
30   45   0.099
30   58   0.107
30   65   0.078
30   70   0.073
30   71   0.029
30   73   0.025
30   77   0.067
30   78   0.085
30   79   0.019
31   34   0.037
31   36   0.089
31   37   0.046
31   38   0.149
31   42   0.073
31   43   0.1
31   44   0.213
31   45   0.063
31   49   0.056
31   51   0.087
31   60   0.156
31   62   0.133
31   67   0.074
31   68   0.065
31   71   0.06
31   74   0.004
31   75   0.15
31   76   0.18
31   80   0.086
32   34   0.047
32   36   0.027
32   38   0.096
32   39   0.137
32   40   0.091
32   41   0.038
32   42   0.065
33   34   0.006
33   36   0.089
33   38   0.107
33   43   0.089
33   73   0.035
33   77   0.148
34   36   0.019
34   37   0.026
34   38   0.204
34   39   0.081
34   40   0.024
34   41   0.145
34   42   0.152
34   43   0.121
34   49   0.157
34   51   0.12
34   58   0.171
34   62   0.048
34   73   0.096
34   75   0.052
34   76   0.055
34   77   0.074
34   80   0.032
35   36   0.041
35   37   0.132
35   38   0.054
35   39   0.104
35   40   0.013
35   41   0.046
35   42   0.073
35   43   0.101
35   44   0.071
35   46   0.158
35   47   0.026
35   48   0.035
35   54   0.008
35   64   0.024
35   72   0.143
35   84   0.263
36   37   0.09
36   38   0.045
36   39   0.062
36   40   0.206
36   41   0.124
36   42   0.004
36   43   0.039
36   44   0.011
36   45   0.043
36   46   0.074
36   47   0.088
36   48   0.041
36   51   0.103
36   52   0.124
36   56   0.094
36   58   0.148
36   64   0.031
36   65   0.032
36   66   0.093
36   68   0.033
36   70   0.09
36   71   0.005
36   72   0.055
36   73   0.007
36   74   0.078
36   75   0.037
36   76   0.026
36   77   0.033
36   78   0.02
36   79   0.028
36   80   0.034
36   82   0.078
36   83   0.072
36   84   0.004
37   38   0.101
37   39   0.124
37   40   0.054
37   41   0.164
37   42   0.014
37   43   0.021
37   44   0.096
37   45   0.109
37   46   0.112
37   49   0.009
37   51   0.025
37   52   0.104
37   60   0.062
37   62   0.042
37   65   0.001
37   67   0.05
37   68   0.072
37   71   0.113
37   72   0.041
37   74   0.143
37   75   0.059
37   76   0.031
37   80   0.099
37   84   0.171
38   39   0.089
38   40   0.082
38   41   0.217
38   42   0.026
38   43   0.059
38   44   0.232
38   45   0.122
38   46   0.069
38   48   0.129
38   49   0.154
38   51   0.048
38   52   0.089
38   56   0.013
38   58   0.092
38   62   0.201
38   66   0.065
38   67   0.093
38   68   0.019
38   71   0.01
38   72   0.039
38   73   0.016
38   74   0.056
38   75   0.082
38   76   0.104
38   77   0.039
38   80   0.083
38   84   0.012
39   40   0.028
39   41   0.057
39   42   0.156
39   43   0.129
39   44   0.08
39   45   0.026
39   46   0.042
39   48   0.081
39   51   0.09
39   52   0.024
39   65   0.067
39   71   0.023
39   72   0.098
39   73   0.064
39   75   0.092
39   76   0.017
39   77   0.024
39   84   0.093
40   41   0.11
40   42   0.151
40   43   0.067
40   45   0.036
40   47   0.017
40   48   0.015
40   53   0.048
40   56   0.036
40   58   0.079
40   59   0.08
40   61   0.136
40   64   0.047
40   69   0.105
40   73   0.15
40   76   0.092
40   77   0.038
40   78   0.014
40   84   0.039
41   42   0.089
41   43   0.017
41   45   0.033
41   46   0.061
41   47   0.065
41   48   0.091
41   49   0.07
41   73   0.089
41   77   0.022
41   83   0.016
41   84   0.06
42   44   0.071
42   45   0.195
42   46   0.179
42   48   0.106
42   49   0.134
42   51   0.168
42   60   0.102
42   62   0.168
42   74   0.014
42   75   0.014
42   76   0.152
42   80   0.01
42   83   0.032
43   44   0.031
43   45   0.057
43   46   0.112
43   47   0.145
43   48   0.034
43   49   0.005
43   50   0.284
43   51   0.117
43   52   0.065
43   53   0.067
43   54   0.1
43   55   0.173
43   56   0.131
43   57   0.126
43   58   0.046
43   59   0.097
43   60   0.14
43   61   0.101
43   62   0.013
43   63   0.132
43   64   0.117
43   66   0.099
43   67   0.141
43   68   0.151
43   69   0.013
43   70   0.066
43   71   0.129
43   72   0.078
43   73   0.034
43   74   0.057
43   75   0.18
43   76   0.087
43   77   0.123
43   78   0.057
43   79   0.115
43   80   0.121
43   81   0.042
43   82   0.11
43   83   0.043
43   84   0.009
44   45   0.012
44   46   0.132
44   47   0.05
44   48   0.022
44   49   0.152
44   51   0.07
44   52   0.113
44   56   0.047
44   60   0.046
44   62   0.005
44   63   0.103
44   64   0.129
44   65   0.133
44   66   0.072
44   67   0.22
44   68   0.092
44   70   0.001
44   71   0.081
44   72   0.006
44   73   0.057
44   74   0.129
44   75   0.073
44   76   0.001
44   77   0.17
44   79   0.06
44   80   0.026
44   83   0.024
44   84   0.167
45   46   0.019
45   47   0.024
45   48   0.024
45   49   0.139
45   50   0.11
45   51   0.063
45   52   0.176
45   53   0.046
45   55   0.043
45   56   0.145
45   57   0.037
45   58   0.018
45   59   0.114
45   60   0.021
45   61   0.068
45   62   0.05
45   63   0.053
45   64   0.073
45   65   0.121
45   66   0.103
45   67   0.251
45   68   0.042
45   69   0.074
45   70   0.037
45   71   0.055
45   72   0.017
45   73   0.056
45   74   0.044
45   75   0.145
45   76   0.146
45   77   0.124
45   78   0.095
45   79   0.057
45   80   0.013
45   81   0.016
45   82   0.098
45   83   0.149
45   84   0.047
46   47   0.083
46   48   0.055
46   49   0.035
46   51   0.152
46   52   0.037
46   55   0.017
46   56   0.093
46   57   0.077
46   58   0.058
46   59   0.154
46   60   0.066
46   63   0.073
46   64   0.104
46   65   0.059
46   66   0.103
46   67   0.122
46   68   0.057
46   70   0.039
46   71   0.012
46   72   0.038
46   73   0.027
46   75   0.074
46   76   0.058
46   77   0.031
46   78   0.033
46   79   0.028
46   80   0.197
46   81   0.003
46   83   0.07
46   84   0.077
47   48   0.079
47   49   0.036
47   51   0.189
47   52   0.09
47   53   0.093
47   54   0.016
47   55   0.027
47   56   0.052
47   57   0.063
47   58   0.023
47   59   0.066
47   61   0.056
47   63   0.015
47   64   0.038
47   65   0.069
47   69   0.054
47   70   0.101
47   71   0.023
47   72   0.005
47   73   0.038
47   75   0.028
47   76   0.082
47   77   0.133
47   78   0.116
47   79   0.08
47   81   0.053
47   83   0.036
47   84   0.124
48   49   0.075
48   53   0.103
48   54   0.146
48   55   0.03
48   56   0.152
48   57   0.096
48   58   0.116
48   59   0.177
48   60   0.078
48   61   0.023
48   62   0.216
48   63   0.002
48   64   0.21
48   69   0.018
48   70   0.156
48   72   0.065
48   73   0.015
48   75   0.163
48   76   0.037
48   77   0.173
48   78   0.094
48   79   0.027
48   81   0.147
48   83   0.001
48   84   0.004
49   51   0.182
49   57   0.031
49   58   0.078
49   60   0.05
49   62   0.002
49   63   0.042
49   67   0.089
49   71   0.139
49   73   0.042
49   74   0.132
49   75   0.014
49   76   0.096
49   80   0.029
49   83   0.099
49   84   0.1
50   52   0.008
50   55   0.031
50   56   0.044
50   57   0.173
50   58   0.012
50   59   0.148
50   63   0.079
50   66   0.098
50   68   0.134
50   70   0.094
50   72   0.215
50   73   0.03
50   75   0.027
50   76   0.047
50   77   0.078
50   78   0.09
50   79   0.178
50   82   0.117
50   83   0.012
51   52   0.048
51   58   0.062
51   60   0.017
51   62   0.019
51   64   0.119
51   65   0.078
51   66   0.019
51   67   0.015
51   68   0.066
51   71   0.03
51   72   0.102
51   73   0.017
51   74   0.037
51   75   0.112
51   76   0.048
51   77   0.071
51   80   0.016
51   83   0.127
52   55   0.015
52   56   0.076
52   57   0.013
52   59   0.032
52   63   0.091
52   66   0.023
52   67   0.097
52   68   0.171
52   70   0.13
52   71   0.146
52   72   0.108
52   73   0.006
52   75   0.019
52   76   0.171
52   77   0.081
52   78   0.076
52   79   0.067
52   83   0.125
53   54   0.024
53   55   0.171
53   56   0.022
53   57   0.044
53   58   0.005
53   59   0.042
53   61   0.102
53   63   0.027
53   64   0.113
53   69   0.077
53   73   0.026
53   77   0.031
53   78   0.011
53   83   0.064
54   55   0.022
54   56   0.067
54   57   0.127
54   58   0.137
54   59   0.079
54   61   0.198
54   64   0.124
54   69   0.029
54   71   0.005
54   73   0.049
54   76   0.019
54   77   0.057
54   78   0.058
54   81   0.064
54   83   0.141
54   84   0.019
55   56   0.083
55   57   0.038
55   58   0.028
55   59   0.02
55   61   0.207
55   63   0.066
55   64   0.105
55   69   0.011
55   72   0.054
55   73   0.056
55   77   0.04
55   78   0.095
55   81   0.115
55   83   0.035
56   57   0.059
56   58   0.11
56   59   0.047
56   60   0.039
56   61   0.106
56   63   0.039
56   64   0.141
56   66   0.135
56   67   0.071
56   68   0.15
56   69   0.244
56   70   0.097
56   72   0.115
56   73   0.106
56   75   0.05
56   76   0.055
56   77   0.128
56   78   0.089
56   79   0.174
56   81   0.08
56   82   0.021
56   83   0.042
57   58   0.11
57   59   0.046
57   60   0.072
57   61   0.093
57   63   0.038
57   64   0.11
57   66   0.108
57   67   0.017
57   68   0.116
57   69   0.008
57   70   0.011
57   72   0.037
57   73   0.087
57   75   0.069
57   76   0.114
57   77   0.087
57   78   0.027
57   79   0.059
57   81   0.028
57   83   0.004
58   59   0.026
58   61   0.076
58   62   0.12
58   63   0.031
58   64   0.041
58   69   0.001
58   71   0.238
58   73   0.016
58   74   0.079
58   75   0.005
58   76   0.055
58   77   0.04
58   78   0.019
58   79   0.04
58   82   0.032
58   83   0.146
59   60   0.02
59   61   0.09
59   63   0.101
59   64   0.22
59   69   0.194
59   73   0.118
59   77   0.064
59   78   0.164
59   81   0.173
59   82   0.136
59   83   0.172
60   61   0.062
60   62   0.085
60   63   0.141
60   66   0.041
60   67   0.114
60   68   0.127
60   70   0.151
60   72   0.012
60   74   0.02
60   75   0.007
60   76   0.131
60   78   0.292
60   79   0.258
60   80   0.014
60   81   0.152
60   83   0.107
61   63   0.035
61   64   0.071
61   69   0.148
61   73   0.094
61   77   0.033
61   78   0.114
61   81   0.112
61   83   0.127
62   67   0.02
62   71   0.246
62   73   0.032
62   74   0.003
62   75   0.058
62   76   0.119
62   78   0.095
62   80   0.062
62   81   0.166
62   83   0.025
63   64   0.033
63   66   0.1
63   67   0.017
63   68   0.117
63   69   0.071
63   70   0.131
63   72   0.271
63   73   0.171
63   75   0.034
63   76   0.182
63   77   0.09
63   78   0.157
63   79   0.182
63   80   0.229
63   81   0.036
63   82   0.122
63   83   0.04
64   69   0.03
64   70   0.093
64   71   0.2
64   72   0.037
64   73   0.063
64   76   0.013
64   77   0.021
64   78   0.066
64   79   0.012
64   81   0.022
64   83   0.018
64   84   0.059
65   70   0.133
65   71   0.036
65   72   0.095
65   73   0.043
65   76   0.071
65   77   0.021
65   79   0.013
65   82   0.046
65   83   0.051
65   84   0.148
66   67   0.031
66   68   0.068
66   70   0.026
66   71   0.022
66   72   0.015
66   73   0.132
66   75   0.014
66   76   0.143
66   77   0.121
66   78   0.098
66   79   0.221
66   82   0.014
66   83   0.097
67   68   0.079
67   70   0.083
67   72   0.053
67   74   0.026
67   75   0.176
67   76   0.053
67   77   0.05
67   78   0.136
67   79   0.032
67   80   0.129
67   83   0.053
68   70   0.046
68   72   0.072
68   74   0.066
68   75   0.076
68   76   0.031
68   77   0.049
68   78   0.142
68   79   0.198
68   80   0.024
68   82   0.054
68   83   0.075
69   73   0.093
69   77   0.042
69   78   0.204
69   83   0.054
70   72   0.053
70   73   0.073
70   75   0.059
70   76   0.041
70   77   0.033
70   78   0.236
70   79   0.126
70   82   0.022
70   83   0.09
70   84   0.077
71   72   0.01
71   73   0.013
71   74   0.198
71   75   0.002
71   76   0.036
71   77   0.02
71   78   0.012
71   79   0.04
71   80   0.102
71   83   0.051
72   73   0.016
72   75   0.034
72   76   0.047
72   77   0.032
72   78   0.182
72   79   0.16
72   82   0.006
72   83   0.039
72   84   0.12
73   74   0.018
73   75   0.152
73   76   0.017
73   77   0.022
73   78   0.137
73   79   0.059
73   80   0.044
73   82   0.068
73   83   0.089
74   75   0.024
74   76   0.031
74   80   0.183
74   83   0.107
75   76   0.027
75   77   0.022
75   78   0.206
75   79   0.144
75   80   0.031
75   82   0.086
75   83   0.144
76   77   0.04
76   78   0.148
76   79   0.116
76   80   0.082
76   82   0.075
76   83   0.059
76   84   0.161
77   78   0.144
77   79   0.066
77   81   0.036
77   82   0.054
77   83   0.09
77   84   0.12
78   79   0.188
78   80   0.032
78   81   0.008
78   82   0.13
78   83   0.084
79   82   0.012
79   83   0.005
80   83   0.027
81   83   0.146
82   83   0.008
