1   3   0.034
1   6   0.023
1   7   0.085
1   8   0.055
1   10   0.119
1   14   0.007
1   17   0.12
1   19   0.004
1   21   0.139
1   23   0.181
1   24   0.102
1   26   0.048
1   27   0.01
1   28   0.154
1   29   0.129
1   30   0.208
1   33   0.076
1   34   0.045
1   36   0.156
1   38   0.069
1   73   0.15
1   77   0.197
2   3   0.052
2   9   0.055
2   11   0.092
2   13   0.091
2   15   0.026
2   16   0.068
2   17   0.078
2   18   0.046
2   19   0.023
2   22   0.004
2   23   0.003
2   24   0.102
2   25   0.055
2   26   0.042
2   27   0.002
2   28   0.113
2   31   0.007
2   34   0.027
2   36   0.076
2   37   0.037
2   38   0.054
2   39   0.058
2   42   0.122
2   43   0.056
2   44   0.089
2   45   0.045
2   49   0.019
2   51   0.111
2   52   0.032
2   62   0.038
2   66   0.046
2   68   0.002
2   71   0.156
2   72   0.008
2   74   0.048
2   75   0.078
2   76   0.028
2   80   0.082
3   6   0.071
3   7   0.041
3   8   0.08
3   10   0.04
3   14   0.001
3   17   0.114
3   18   0.023
3   19   0.037
3   21   0.169
3   22   0.039
3   23   0.089
3   24   0.151
3   26   0.005
3   27   0.046
3   28   0.089
3   29   0.009
3   30   0.001
3   34   0.17
3   36   0.248
3   37   0.148
3   38   0.156
3   39   0.02
3   40   0.242
3   43   0.017
3   44   0.026
3   45   0.032
3   46   0.101
3   51   0.033
3   52   0.117
3   65   0.085
3   66   0.079
3   68   0.091
3   71   0.042
3   72   0.028
3   75   0.109
3   76   0.08
4   5   0.103
4   6   0.064
4   7   0.063
4   8   0.058
4   9   0.079
4   10   0.161
4   12   0.111
4   14   0.138
4   15   0.133
4   20   0.209
4   24   0.225
4   28   0.016
4   29   0.071
4   34   0.066
4   36   0.157
4   38   0.074
4   40   0.013
4   41   0.064
4   47   0.014
4   53   0.068
4   58   0.26
4   59   0.035
4   61   0.076
4   69   0.099
4   73   0.069
4   77   0.127
5   6   0.065
5   7   0.026
5   8   0.137
5   9   0.089
5   10   0.001
5   12   0.033
5   15   0.019
5   20   0.109
5   24   0.07
5   27   0.001
5   28   0.065
5   29   0.102
5   32   0.054
5   34   0.025
5   35   0.164
5   36   0.152
5   40   0.017
5   41   0.02
5   47   0.002
5   84   0.119
6   7   0.007
6   8   0.032
6   9   0.051
6   10   0.16
6   12   0.146
6   13   0.055
6   14   0.132
6   15   0.027
6   17   0.06
6   20   0.077
6   23   0.065
6   24   0.129
6   26   0.017
6   28   0.031
6   29   0.141
6   30   0.098
6   32   0.006
6   34   0.13
6   36   0.108
6   38   0.055
6   39   0.053
6   40   0.063
6   41   0.045
6   42   0.143
6   47   0.003
6   58   0.087
6   59   0.042
6   73   0.105
6   77   0.135
7   8   0.081
7   9   0.076
7   10   0.067
7   12   0.016
7   14   0.107
7   15   0.071
7   17   0.028
7   19   0.055
7   20   0.067
7   21   0.026
7   23   0.143
7   24   0.059
7   26   0.073
7   27   0.068
7   28   0.061
7   29   0.038
7   30   0.071
7   32   0.025
7   33   0.103
7   34   0.038
7   36   0.031
7   37   0.032
7   38   0.027
7   39   0.041
7   40   0.109
7   41   0.016
7   43   0.037
7   45   0.019
7   47   0.041
7   58   0.07
7   73   0.043
7   77   0.117
8   9   0.089
8   10   0.093
8   12   0.214
8   13   0.111
8   14   0.225
8   15   0.137
8   17   0.125
8   18   0.023
8   19   0.065
8   20   0.172
8   21   0.038
8   23   0.087
8   24   0.168
8   26   0.022
8   27   0.135
8   28   0.095
8   29   0.082
8   30   0.071
8   32   0.103
8   33   0.016
8   34   0.024
8   36   0.197
8   38   0.135
8   39   0.067
8   40   0.02
8   41   0.054
8   42   0.159
8   43   0.126
8   56   0.098
8   58   0.171
8   73   0.174
8   77   0.235
9   10   0.155
9   12   0.044
9   13   0.115
9   14   0.069
9   15   0.151
9   16   0.056
9   17   0.102
9   20   0.157
9   22   0.043
9   23   0.183
9   24   0.006
9   25   0.044
9   26   0.17
9   27   0.086
9   28   0.003
9   29   0.099
9   30   0.055
9   31   0.071
9   33   0.123
9   34   0.09
9   36   0.097
9   37   0.128
9   38   0.062
9   39   0.166
9   40   0.012
9   41   0.033
9   42   0.019
9   43   0.125
9   45   0.107
9   47   0.03
9   49   0.13
9   53   0.095
9   56   0.046
9   58   0.058
9   59   0.035
9   61   0.066
9   62   0.142
9   64   0.058
9   65   0.074
9   69   0.062
9   71   0.068
9   73   0.122
9   75   0.154
9   76   0.129
9   77   0.129
9   78   0.025
9   79   0.051
9   80   0.083
9   83   0.007
10   12   0.105
10   13   0.108
10   14   0.056
10   15   0.152
10   20   0.149
10   24   0.045
10   28   0.015
10   29   0.02
10   30   0.037
10   32   0.006
10   33   0.095
10   34   0.033
10   36   0.181
10   38   0.143
10   39   0.17
10   40   0.015
10   41   0.02
10   43   0.02
10   47   0.072
10   53   0.074
10   55   0.103
10   57   0.116
10   58   0.18
10   59   0.071
10   61   0.044
10   64   0.149
10   69   0.095
10   73   0.076
10   77   0.182
11   13   0.047
11   14   0.05
11   17   0.077
11   18   0.036
11   19   0.136
11   23   0.147
11   25   0.075
11   26   0.055
11   27   0.059
11   29   0.131
11   31   0.061
11   32   0.134
11   34   0.022
11   36   0.018
11   37   0.039
11   38   0.06
11   39   0.12
11   41   0.036
11   42   0.048
11   44   0.186
11   49   0.028
11   51   0.029
11   60   0.147
11   62   0.074
11   67   0.135
11   74   0.002
11   75   0.135
11   76   0.189
11   80   0.15
12   13   0.106
12   14   0.11
12   15   0.03
12   20   0.177
12   24   0.132
12   28   0.098
12   29   0.084
12   32   0.004
12   34   0.089
12   36   0.217
12   38   0.18
12   40   0.014
12   41   0.05
12   42   0.214
12   47   0.085
12   53   0.063
12   54   0.001
12   58   0.136
12   59   0.052
12   61   0.057
12   64   0.038
12   69   0.097
12   73   0.09
12   77   0.093
13   14   0.028
13   18   0.104
13   22   0.051
13   24   0.011
13   25   0.077
13   26   0.147
13   27   0.048
13   29   0.079
13   31   0.017
13   32   0.018
13   34   0.03
13   36   0.038
13   37   0.024
13   38   0.036
13   39   0.227
13   40   0.039
13   41   0.035
13   42   0.006
13   43   0.042
13   44   0.167
13   45   0.008
13   46   0.085
13   48   0.103
13   49   0.042
13   51   0.065
13   60   0.047
13   62   0.129
13   67   0.066
13   71   0.126
13   74   0.008
13   75   0.048
13   76   0.166
13   80   0.006
13   83   0.017
14   15   0.067
14   17   0.073
14   18   0.092
14   19   0.072
14   20   0.137
14   21   0.021
14   23   0.028
14   24   0.06
14   26   0.071
14   27   0.052
14   28   0.004
14   29   0.005
14   30   0.151
14   32   0.087
14   33   0.225
14   34   0.091
14   36   0.143
14   38   0.061
14   39   0.049
14   40   0.067
14   41   0.059
14   42   0.118
14   73   0.138
14   77   0.208
15   20   0.146
15   21   0.12
15   22   0.202
15   23   0.149
15   24   0.201
15   27   0.2
15   28   0.197
15   29   0.027
15   30   0.156
15   32   0.06
15   34   0.129
15   35   0.117
15   36   0.048
15   37   0.183
15   38   0.125
15   40   0.071
15   41   0.014
15   43   0.063
15   47   0.107
15   58   0.168
15   59   0.094
15   61   0.041
15   69   0.062
15   73   0.113
15   77   0.181
15   84   0.172
16   17   0.157
16   21   0.021
16   22   0.037
16   23   0.037
16   24   0.251
16   27   0.023
16   28   0.019
16   30   0.159
16   34   0.07
16   36   0.147
16   37   0.031
16   38   0.144
16   39   0.196
16   40   0.112
16   43   0.118
16   45   0.113
16   46   0.142
16   52   0.061
16   65   0.268
16   70   0.205
16   71   0.144
16   72   0.15
16   73   0.249
16   76   0.033
16   77   0.21
16   79   0.21
17   18   0.029
17   19   0.068
17   21   0.034
17   22   0.033
17   23   0.062
17   24   0.032
17   26   0.008
17   27   0.115
17   28   0.127
17   29   0.028
17   30   0.097
17   33   0.004
17   34   0.042
17   36   0.047
17   37   0.028
17   38   0.002
17   39   0.059
17   43   0.103
17   44   0.01
17   51   0.09
17   52   0.17
17   66   0.113
17   72   0.043
17   75   0.096
17   76   0.082
18   19   0.128
18   21   0.061
18   23   0.019
18   25   0.009
18   26   0.034
18   27   0.053
18   29   0.002
18   30   0.008
18   31   0.075
18   34   0.01
18   36   0.05
18   37   0.092
18   39   0.122
18   42   0.083
18   44   0.227
18   62   0.094
18   67   0.183
18   74   0.025
18   75   0.219
18   76   0.22
18   80   0.12
19   21   0.037
19   23   0.01
19   25   0.052
19   26   0.07
19   27   0.001
19   29   0.008
19   30   0.004
19   31   0.108
19   33   0.004
19   34   0.019
19   36   0.049
19   37   0.044
19   38   0.021
19   39   0.177
19   44   0.097
19   51   0.021
19   52   0.13
19   68   0.112
19   74   0.002
19   75   0.136
19   76   0.151
19   80   0.04
20   24   0.066
20   28   0.121
20   29   0.118
20   32   0.171
20   34   0.076
20   36   0.17
20   38   0.163
20   40   0.158
20   41   0.07
20   47   0.079
20   53   0.058
20   58   0.3
20   59   0.099
20   61   0.072
20   64   0.121
20   69   0.095
20   73   0.136
20   77   0.155
21   22   0.088
21   23   0.021
21   24   0.025
21   26   0.123
21   27   0.058
21   28   0.076
21   29   0.046
21   30   0.028
21   33   0.054
21   34   0.017
21   35   0.019
21   36   0.074
21   37   0.001
21   38   0.007
21   39   0.05
21   40   0.077
21   41   0.051
21   43   0.087
21   45   0.1
21   65   0.122
21   70   0.006
21   71   0.065
21   72   0.005
21   73   0.047
21   76   0.094
21   77   0.017
21   78   0.053
21   79   0.026
21   82   0.085
22   23   0.043
22   24   0.129
22   25   0.16
22   26   0.069
22   27   0.059
22   28   0.067
22   29   0.022
22   30   0.018
22   31   0.032
22   34   0.009
22   36   0.011
22   37   0.053
22   38   0.019
22   39   0.088
22   40   0.049
22   42   0.044
22   43   0.128
22   44   0.037
22   45   0.087
22   46   0.115
22   51   0.096
22   52   0.123
22   58   0.051
22   62   0.026
22   65   0.224
22   70   0.018
22   71   0.168
22   72   0.095
22   73   0.168
22   75   0.028
22   76   0.015
22   77   0.115
22   79   0.053
22   80   0.154
23   24   0.031
23   26   0.002
23   27   0.066
23   28   0.026
23   29   0.067
23   30   0.059
23   33   0.104
23   34   0.047
23   35   0.026
23   36   0.081
23   37   0.071
23   38   0.037
23   39   0.083
23   40   0.091
23   41   0.084
23   43   0.037
23   44   0.112
23   45   0.072
23   46   0.063
23   51   0.024
23   52   0.135
23   65   0.121
23   66   0.013
23   70   0.006
23   71   0.002
23   72   0.131
23   73   0.037
23   76   0.006
23   77   0.022
23   79   0.068
23   84   0.12
24   25   0.169
24   26   0.023
24   27   0.097
24   28   0.043
24   29   0.087
24   30   0.009
24   31   0.048
24   32   0.025
24   33   0.041
24   34   0.04
24   36   0.04
24   37   0.097
24   38   0.077
24   39   0.033
24   40   0.026
24   42   0.093
24   43   0.013
24   45   0.031
24   46   0.129
24   47   0.111
24   48   0.052
24   50   0.011
24   51   0.015
24   52   0.138
24   53   0.005
24   55   0.126
24   56   0.128
24   57   0.171
24   58   0.114
24   59   0.048
24   61   0.014
24   62   0.024
24   63   0.122
24   64   0.201
24   65   0.194
24   69   0.119
24   70   0.064
24   71   0.043
24   72   0.015
24   73   0.162
24   76   0.023
24   77   0.167
24   78   0.166
24   79   0.208
24   80   0.113
24   82   0.087
24   83   0.188
25   26   0.062
25   27   0.113
25   31   0.141
25   34   0.115
25   36   0.108
25   37   0.003
25   38   0.08
25   42   0.087
25   43   0.001
25   44   0.136
25   45   0.087
25   49   0.18
25   51   0.063
25   60   0.162
25   62   0.209
25   67   0.014
25   74   0.19
25   75   0.125
25   76   0.077
25   80   0.182
26   27   0.076
26   28   0.099
26   29   0.029
26   30   0.055
26   31   0.022
26   33   0.043
26   34   0.016
26   36   0.013
26   37   0.129
26   38   0.031
26   39   0.163
26   42   0.061
26   43   0.064
26   44   0.061
26   45   0.03
26   46   0.14
26   49   0.004
26   51   0.061
26   52   0.081
26   60   0.042
26   62   0.092
26   66   0.133
26   67   0.003
26   68   0.106
26   71   0.017
26   74   0.181
26   75   0.055
26   76   0.121
26   80   0.032
26   83   0.022
27   28   0.011
27   29   0.035
27   30   0.078
27   31   0.083
27   33   0.05
27   34   0.02
27   35   0.126
27   36   0.089
27   37   0.078
27   38   0.157
27   39   0.303
27   40   0.104
27   41   0.004
27   42   0.039
27   43   0.057
27   44   0.023
27   45   0.007
27   46   0.147
27   47   0.1
27   49   0.078
27   51   0.003
27   52   0.121
27   58   0.069
27   60   0.036
27   62   0.104
27   65   0.086
27   66   0.08
27   67   0.045
27   68   0.041
27   70   0.119
27   71   0.048
27   72   0.123
27   73   0.062
27   74   0.14
27   75   0.034
27   76   0.028
27   77   0.035
27   80   0.071
27   83   0.06
27   84   0.016
28   29   0.027
28   30   0.041
28   32   0.001
28   33   0.015
28   34   0.018
28   35   0.09
28   36   0.073
28   37   0.033
28   38   0.169
28   39   0.041
28   40   0.05
28   41   0.058
28   43   0.03
28   45   0.051
28   46   0.137
28   47   0.046
28   48   0.002
28   50   0.051
28   53   0.027
28   55   0.113
28   56   0.148
28   57   0.191
28   58   0.071
28   59   0.05
28   61   0.03
28   63   0.174
28   64   0.153
28   65   0.112
28   69   0.054
28   70   0.04
28   71   0.052
28   72   0.027
28   73   0.105
28   76   0.11
28   77   0.155
28   78   0.149
28   79   0.195
28   82   0.062
28   83   0.149
29   30   0.099
29   32   0.08
29   33   0.12
29   34   0.134
29   36   0.014
29   38   0.02
29   39   0.11
29   40   0.136
29   41   0.041
29   43   0.065
29   58   0.029
29   73   0.013
29   77   0.13
30   33   0.035
30   34   0.01
30   36   0.112
30   37   0.064
30   38   0.062
30   39   0.041
30   40   0.072
30   41   0.077
30   43   0.105
30   45   0.067
30   58   0.085
30   65   0.215
30   70   0.117
30   71   0.015
30   73   0.214
30   77   0.214
30   78   0.162
30   79   0.21
31   34   0.112
31   36   0.116
31   37   0.053
31   38   0.055
31   42   0.001
31   43   0.015
31   44   0.188
31   45   0.028
31   49   0.025
31   51   0.114
31   60   0.041
31   62   0.047
31   67   0.142
31   68   0.16
31   71   0.069
31   74   0.101
31   75   0.114
31   76   0.204
31   80   0.005
32   34   0.015
32   36   0.015
32   38   0.17
32   39   0.019
32   40   0.037
32   41   0.115
32   42   0.159
33   34   0.021
33   36   0.006
33   38   0.068
33   43   0.156
33   73   0.109
33   77   0.066
34   36   0.063
34   37   0.035
34   38   0.08
34   39   0.042
34   40   0.039
34   41   0.022
34   42   0.008
34   43   0.013
34   49   0.12
34   51   0.074
34   58   0.06
34   62   0.126
34   73   0.019
34   75   0.084
34   76   0.013
34   77   0.052
34   80   0.066
35   36   0.019
35   37   0.105
35   38   0.062
35   39   0.069
35   40   0.048
35   41   0.052
35   42   0.05
35   43   0.203
35   44   0.067
35   46   0.029
35   47   0.133
35   48   0.065
35   54   0.063
35   64   0.208
35   72   0.236
35   84   0.002
36   37   0.038
36   38   0.058
36   39   0.018
36   40   0.058
36   41   0.007
36   42   0.068
36   43   0.051
36   44   0.066
36   45   0.004
36   46   0.063
36   47   0.039
36   48   0.048
36   51   0.037
36   52   0.059
36   56   0.097
36   58   0.034
36   64   0.24
36   65   0.033
36   66   0.027
36   68   0.001
36   70   0.097
36   71   0.005
36   72   0.019
36   73   0.062
36   74   0.092
36   75   0.061
36   76   0.087
36   77   0.031
36   78   0.031
36   79   0.029
36   80   0.009
36   82   0.172
36   83   0.037
36   84   0.087
37   38   0.063
37   39   0.046
37   40   0.007
37   41   0.087
37   42   0.01
37   43   0.006
37   44   0.142
37   45   0.033
37   46   0.077
37   49   0.031
37   51   0.039
37   52   0.014
37   60   0.111
37   62   0.074
37   65   0.012
37   67   0.005
37   68   0.163
37   71   0.033
37   72   0.069
37   74   0.095
37   75   0.107
37   76   0.027
37   80   0.019
37   84   0.013
38   39   0.049
38   40   0.018
38   41   0.073
38   42   0.007
38   43   0.046
38   44   0.107
38   45   0.103
38   46   0.08
38   48   0.007
38   49   0.031
38   51   0.018
38   52   0.107
38   56   0.075
38   58   0.042
38   62   0.062
38   65   0.053
38   66   0.149
38   67   0.044
38   68   0.131
38   71   0.097
38   72   0.049
38   73   0.002
38   74   0.019
38   75   0.09
38   76   0.05
38   80   0.036
38   84   0.018
39   40   0.024
39   41   0.11
39   42   0.045
39   43   0.041
39   44   0.007
39   45   0.02
39   46   0.014
39   48   0.051
39   51   0.081
39   52   0.234
39   65   0.044
39   71   0.049
39   72   0.096
39   73   0.113
39   75   0.175
39   76   0.119
39   77   0.013
39   84   0.03
40   41   0.064
40   42   0.17
40   43   0.159
40   45   0.071
40   48   0.066
40   53   0.041
40   56   0.062
40   58   0.024
40   59   0.091
40   61   0.06
40   64   0.117
40   69   0.04
40   73   0.024
40   76   0.215
40   77   0.026
40   78   0.096
40   84   0.139
41   42   0.158
41   43   0.06
41   45   0.224
41   46   0.115
41   47   0.135
41   48   0.213
41   49   0.096
41   73   0.096
41   77   0.122
41   83   0.175
41   84   0.143
42   44   0.165
42   45   0.074
42   46   0.062
42   48   0.129
42   49   0.022
42   51   0.101
42   60   0.089
42   62   0.033
42   74   0.023
42   75   0.103
42   76   0.105
42   80   0.022
43   44   0.096
43   45   0.117
43   46   0.14
43   47   0.073
43   48   0.113
43   49   0.035
43   50   0.064
43   51   0.079
43   52   0.112
43   53   0.076
43   54   0.045
43   55   0.178
43   56   0.015
43   57   0.197
43   58   0.052
43   59   0.127
43   60   0.04
43   61   0.068
43   62   0.006
43   63   0.121
43   64   0.113
43   65   0.182
43   66   0.141
43   67   0.145
43   68   0.018
43   69   0.092
43   70   0.183
43   71   0.133
43   72   0.122
43   73   0.059
43   74   0.07
43   75   0.111
43   76   0.071
43   77   0.097
43   78   0.032
43   79   0.011
43   80   0.193
43   81   0.166
43   82   0.052
43   83   0.129
43   84   0.03
44   45   0.029
44   46   0.053
44   47   0.045
44   48   0.013
44   49   0.05
44   51   0.048
44   52   0.06
44   56   0.046
44   60   0.08
44   62   0.033
44   63   0.065
44   64   0.252
44   65   0.123
44   66   0.047
44   67   0.053
44   68   0.033
44   70   0.059
44   71   0.004
44   72   0.021
44   73   0.027
44   74   0.101
44   76   0.01
44   77   0.095
44   79   0.009
44   80   0.052
44   83   0.034
44   84   0.024
45   46   0.06
45   47   0.006
45   48   0.095
45   49   0.06
45   51   0.089
45   52   0.04
45   53   0.001
45   55   0.045
45   56   0.1
45   57   0.122
45   58   0.089
45   59   0.059
45   60   0.013
45   61   0.013
45   62   0.036
45   63   0.099
45   64   0.239
45   65   0.189
45   66   0.107
45   67   0.07
45   68   0.074
45   69   0.007
45   70   0.08
45   71   0.089
45   72   0.059
45   73   0.063
45   74   0.157
45   75   0.052
45   76   0.097
45   77   0.128
45   78   0.067
45   79   0.014
45   80   0.096
45   81   0.004
45   82   0.19
45   83   0.091
45   84   0.021
46   47   0.1
46   48   0.079
46   49   0.013
46   51   0.05
46   52   0.088
46   55   0.062
46   56   0.012
46   57   0.204
46   58   0.173
46   59   0.128
46   60   0.051
46   63   0.106
46   64   0.194
46   65   0.192
46   66   0.029
46   67   0.023
46   68   0.128
46   70   0.084
46   71   0.168
46   72   0.099
46   73   0.015
46   75   0.218
46   76   0.29
46   77   0.071
46   78   0.062
46   79   0.044
46   80   0.231
46   81   0.025
46   83   0.06
46   84   0.143
47   48   0.088
47   49   0.063
47   51   0.067
47   52   0.216
47   53   0.01
47   54   0.117
47   55   0.008
47   56   0.042
47   57   0.094
47   58   0.139
47   59   0.024
47   61   0.03
47   63   0.113
47   64   0.074
47   65   0.128
47   69   0.073
47   70   0.026
47   71   0.116
47   72   0.107
47   73   0.044
47   75   0.141
47   76   0.102
47   77   0.091
47   78   0.11
47   79   0.031
47   81   0.032
47   83   0.029
47   84   0.041
48   49   0.079
48   53   0.054
48   54   0.09
48   55   0.05
48   56   0.042
48   57   0.03
48   58   0.017
48   59   0.006
48   60   0.01
48   61   0.028
48   62   0.122
48   63   0.091
48   64   0.057
48   69   0.005
48   70   0.109
48   72   0.166
48   73   0.065
48   75   0.072
48   76   0.007
48   77   0.076
48   78   0.121
48   79   0.072
48   81   0.056
48   83   0.082
48   84   0.005
49   51   0.029
49   57   0.138
49   58   0.05
49   60   0.053
49   62   0.133
49   63   0.026
49   67   0.134
49   71   0.004
49   73   0.032
49   74   0.128
49   75   0.187
49   76   0.033
49   80   0.078
49   83   0.01
49   84   0.093
50   52   0.043
50   55   0.045
50   56   0.131
50   57   0.144
50   58   0.093
50   59   0.093
50   63   0.006
50   66   0.023
50   68   0.104
50   70   0.017
50   72   0.087
50   73   0.03
50   75   0.143
50   76   0.045
50   77   0.128
50   78   0.172
50   79   0.068
50   82   0.023
50   83   0.032
51   52   0.006
51   58   0.022
51   60   0.117
51   62   0.011
51   64   0.143
51   65   0.12
51   66   0.048
51   67   0.162
51   68   0.123
51   71   0.034
51   72   0.029
51   73   0.001
51   74   0.015
51   75   0.129
51   76   0.097
51   77   0.147
51   80   0.075
51   83   0.172
52   55   0.141
52   56   0.014
52   57   0.112
52   59   0.042
52   63   0.058
52   66   0.134
52   67   0.052
52   68   0.014
52   70   0.028
52   71   0.069
52   72   0.015
52   75   0.068
52   76   0.147
52   77   0.022
52   78   0.132
52   79   0.097
52   83   0.125
53   54   0.015
53   55   0.052
53   56   0.016
53   57   0.114
53   58   0.016
53   59   0.135
53   61   0.113
53   63   0.008
53   64   0.042
53   69   0.116
53   73   0.022
53   77   0.101
53   78   0.016
53   83   0.089
54   55   0.113
54   56   0.034
54   57   0.099
54   58   0.08
54   59   0.068
54   61   0.042
54   64   0.191
54   69   0.002
54   71   0.094
54   73   0.024
54   76   0.025
54   77   0.14
54   78   0.06
54   81   0.021
54   83   0.175
54   84   0.019
55   56   0.069
55   57   0.028
55   58   0.098
55   59   0.054
55   61   0.049
55   63   0.059
55   64   0.193
55   69   0.216
55   72   0.117
55   73   0.079
55   77   0.058
55   78   0.032
55   81   0.112
55   83   0.015
56   57   0.157
56   58   0.076
56   59   0.091
56   60   0.011
56   61   0.031
56   63   0.084
56   64   0.186
56   66   0.048
56   67   0.004
56   68   0.033
56   69   0.012
56   70   0.012
56   72   0.023
56   73   0.125
56   75   0.077
56   76   0.064
56   77   0.101
56   78   0.002
56   79   0.027
56   81   0.028
56   82   0.117
56   83   0.166
57   58   0.225
57   59   0.116
57   60   0.078
57   61   0.209
57   63   0.079
57   64   0.102
57   66   0.106
57   67   0.003
57   68   0.066
57   69   0.138
57   70   0.008
57   72   0.025
57   73   0.204
57   75   0.01
57   76   0.084
57   77   0.23
57   78   0.045
57   79   0.084
57   81   0.155
57   83   0.039
58   59   0.016
58   61   0.077
58   62   0.014
58   63   0.01
58   64   0.123
58   69   0.129
58   71   0.094
58   73   0.046
58   74   0.003
58   75   0.066
58   76   0.05
58   77   0.023
58   78   0.077
58   79   0.084
58   82   0.202
58   83   0.046
59   60   0.005
59   61   0.065
59   63   0.057
59   64   0.072
59   69   0.069
59   73   0.014
59   77   0.109
59   78   0.079
59   81   0.024
59   82   0.054
59   83   0.168
60   61   0.106
60   62   0.083
60   63   0.05
60   66   0.053
60   67   0.073
60   68   0.061
60   70   0.023
60   72   0.14
60   74   0.09
60   75   0.119
60   76   0.106
60   78   0.139
60   79   0.073
60   80   0.022
60   81   0.109
60   83   0.15
61   63   0.049
61   64   0.03
61   69   0.017
61   73   0.034
61   77   0.099
61   78   0.029
61   81   0.014
61   83   0.145
62   67   0.083
62   71   0.148
62   73   0.014
62   74   0.309
62   75   0.095
62   76   0.028
62   78   0.164
62   80   0.098
62   81   0.093
62   83   0.008
63   64   0.073
63   66   0.019
63   67   0.079
63   68   0.016
63   69   0.022
63   70   0.026
63   72   0.021
63   73   0.088
63   75   0.084
63   76   0.017
63   77   0.179
63   78   0.011
63   79   0.12
63   80   0.036
63   81   0.119
63   82   0.124
63   83   0.029
64   69   0.107
64   70   0.248
64   71   0.154
64   72   0.201
64   73   0.196
64   76   0.245
64   77   0.198
64   78   0.236
64   79   0.172
64   81   0.138
64   83   0.142
64   84   0.175
65   70   0.1
65   71   0.057
65   72   0.022
65   73   0.156
65   76   0.093
65   77   0.145
65   79   0.204
65   82   0.064
65   83   0.189
65   84   0.154
66   67   0.017
66   68   0.046
66   70   0.007
66   71   0.006
66   72   0.057
66   73   0.062
66   75   0.007
66   76   0.101
66   77   0.105
66   78   0.012
66   79   0.026
66   82   0.001
66   83   0.058
67   68   0.051
67   70   0.012
67   72   0.082
67   74   0.039
67   75   0.111
67   76   0.009
67   77   0.177
67   78   0.042
67   79   0.053
67   80   0.052
67   83   0.053
68   70   0.052
68   72   0.03
68   74   0.001
68   75   0.076
68   76   0.068
68   77   0.134
68   78   0.022
68   79   0.045
68   80   0.109
68   82   0.162
68   83   0.005
69   73   0.126
69   77   0.171
69   78   0.082
69   83   0.086
70   71   0.064
70   72   0.013
70   73   0.19
70   75   0.066
70   76   0.185
70   77   0.091
70   78   0.006
70   79   0.132
70   82   0.15
70   83   0.142
70   84   0.013
71   72   0.029
71   73   0.061
71   74   0.137
71   75   0.047
71   76   0.011
71   77   0.017
71   78   0.062
71   79   0.001
71   80   0.186
71   83   0.202
72   73   0.001
72   75   0.057
72   76   0.032
72   77   0.011
72   78   0.122
72   79   0.103
72   82   0.088
72   83   0.172
72   84   0.004
73   74   0.011
73   75   0.065
73   76   0.027
73   77   0.081
73   78   0.126
73   79   0.04
73   80   0.085
73   82   0.036
73   83   0.196
74   75   0.167
74   76   0.097
74   83   0.006
75   76   0.144
75   77   0.023
75   78   0.065
75   79   0.136
75   80   0.008
75   82   0.008
75   83   0.079
76   77   0.034
76   78   0.015
76   79   0.107
76   80   0.114
76   82   0.073
76   83   0.124
76   84   0.168
77   78   0.239
77   79   0.07
77   81   0.128
77   82   0.033
77   83   0.216
77   84   0.081
78   79   0.097
78   80   0.135
78   82   0.057
78   83   0.009
79   82   0.136
79   83   0.073
80   83   0.059
81   83   0.063
82   83   0.027
