1   3   0.01769529926528037
1   6   0.03918886924630971
1   7   0.10424355794644667
1   8   0.036842924205321655
1   10   0.0720828080727498
1   14   0.0007845014670739184
1   17   0.1690913600942516
1   19   0.03301451071433127
1   21   0.16396062491921645
1   23   0.136083039336984
1   24   0.17766026002913574
1   26   0.06398494072811219
1   27   0.09417129255103142
1   28   0.1844662036534136
1   29   0.07057439379709302
1   30   0.2252510697470886
1   33   0.04722100048536109
1   34   0.12962443428596848
1   36   0.17571769676664506
1   38   0.053227817572131436
1   73   0.11788498291011737
1   77   0.19761274048636832
2   3   0.052426267958047446
2   9   0.062404038993763254
2   11   0.08065459890135689
2   13   0.07729510864791321
2   15   0.033199442893887675
2   16   0.04475320360569121
2   17   0.027955093143838896
2   18   0.0254719309405577
2   19   0.01754520532658808
2   22   0.009295317643467707
2   23   0.021295853693270993
2   24   0.06261795195143507
2   25   0.027355556516550913
2   26   0.047801316364609756
2   27   0.034160865523624094
2   28   0.14543574956842545
2   31   0.02656817444774356
2   34   0.08800961054783113
2   36   0.05258034565464541
2   37   0.08630719173772954
2   38   0.03268046799446369
2   39   0.07756385135380814
2   42   0.024517245569818578
2   43   0.052579392585417675
2   44   0.16727730331888835
2   45   0.02380190045224068
2   49   0.01515485292459726
2   51   0.11011639745285048
2   52   0.08097103661510151
2   62   0.023249699236211455
2   66   0.07251787043163482
2   68   0.018141137306818152
2   71   0.10162474373616934
2   72   0.0001376270132925481
2   74   0.035195478141646905
2   75   0.005659209969823667
2   76   0.06079845749798748
2   80   0.05980784338123099
3   6   0.12382438004502887
3   7   0.05967155239878406
3   8   0.00015965026016215726
3   10   0.11887584687135203
3   14   0.05315401624256136
3   17   0.15011707622690157
3   18   0.03363786635127382
3   19   0.09199507852004404
3   21   0.18920320029667362
3   22   0.07577933808078643
3   23   0.10386397757706556
3   24   0.17267093625092197
3   26   0.05256284945802628
3   27   0.11607600928561956
3   28   0.05881185678526502
3   29   0.09115940440017938
3   30   0.013767851963838389
3   33   0.06028037010743702
3   34   0.11300496792944197
3   36   0.22499606961027363
3   37   0.12457307213214001
3   38   0.19648342410909436
3   39   0.03010765471338127
3   40   0.2311744691199511
3   43   0.039445185647189
3   44   0.01694847821849697
3   45   0.006736691661108618
3   46   0.039258233803510005
3   51   0.12297524067375233
3   52   0.13678727277871974
3   65   0.11148845581770123
3   66   0.09334067329347828
3   68   0.1325790275513503
3   71   0.02906241793618162
3   72   0.02799016285104711
3   75   0.04786683212635962
3   76   0.09716733398318024
4   5   0.08926304474116133
4   6   0.09328546909517006
4   7   0.03824441105450109
4   8   0.06431047328241936
4   9   0.14389340144675858
4   10   0.03926818895782354
4   12   0.07747099378046907
4   14   0.13564205140128321
4   15   0.143983257202893
4   20   0.1313156299632825
4   24   0.18110572322799395
4   28   0.0638408750977581
4   29   0.07216453553268394
4   34   0.08666298008945829
4   36   0.15025000491108423
4   38   0.00336947723951461
4   40   0.014102913346045824
4   41   0.11037136470335378
4   47   0.06911878181878951
4   53   0.10957923436100755
4   58   0.3155447456541435
4   59   0.03593132589669245
4   61   0.12569557576725407
4   69   0.16003075500929057
4   73   0.10852661813162402
4   77   0.13549890310497134
5   6   0.11006515078350966
5   7   0.059033758283376106
5   8   0.10064309184857867
5   9   0.08984104660848011
5   10   0.06035857077108178
5   12   0.0028852548744866457
5   15   0.013983864215890696
5   20   0.037652588863298496
5   24   0.1429434381553204
5   27   0.042415310234124835
5   28   0.0268488128560603
5   29   0.04119700768165405
5   32   0.03710055056630356
5   34   0.042765067622190796
5   35   0.13626557272071757
5   36   0.1497559168809905
5   40   0.002964061892166565
5   41   0.015076635258716345
5   47   0.02991721954549047
5   84   0.18323604046608963
6   7   0.07061124327879333
6   8   0.11510958642806882
6   9   0.03482404668791224
6   10   0.08495330763572541
6   12   0.19723282259421152
6   13   0.002986409416626283
6   14   0.06158862975394866
6   15   0.01407424909813335
6   17   0.05969765427391653
6   20   0.11975943246020847
6   23   0.12978470026886274
6   24   0.11374023076893204
6   26   0.04799237269658389
6   28   0.08109364371668729
6   29   0.1381314290816976
6   30   0.17137436525946562
6   32   0.1004142588508804
6   34   0.12116516089983599
6   36   0.0901675390454396
6   38   0.05665555709199391
6   39   0.003338148434112482
6   40   0.06867471800775275
6   41   0.036151613443951146
6   42   0.06106813032953796
6   47   0.05568154726670203
6   58   0.02798946477246116
6   59   0.009305316022880941
6   73   0.038236535462033816
6   77   0.08086037412969943
7   8   0.0021132545837315997
7   9   0.04754538961813549
7   10   0.042793595288920655
7   12   0.02566835785567425
7   14   0.03854134459956936
7   15   0.05174070860627901
7   17   0.017163749206304216
7   19   0.11412130301124335
7   20   0.02198773703886143
7   21   0.05992324357341736
7   23   0.11333665853086743
7   24   0.14164663534342953
7   26   0.06870653868115735
7   27   0.035171217859052896
7   28   0.058026178742713735
7   29   0.013724395872097525
7   30   0.013478923044298919
7   32   0.07480103087912097
7   33   0.13826683610109702
7   34   0.039904896231601095
7   36   0.03342948248129088
7   37   0.05416688276593248
7   38   0.017027491064942786
7   39   0.053918970112445
7   40   0.09906288990349638
7   41   9.747725882008926e-05
7   43   0.07754699363312961
7   45   0.03392725589881098
7   47   0.041019581948212626
7   58   0.08487084937063197
7   73   0.061938714938615226
7   77   0.14364299374052666
8   9   0.07447132836757756
8   10   0.011956712802406188
8   12   0.12688889658593067
8   13   0.10806738601858847
8   14   0.14531460851010464
8   15   0.110295412349061
8   17   0.11321163697748217
8   18   0.03179719271977738
8   19   0.024200086838251648
8   20   0.14219643957683628
8   21   0.10023973442295646
8   23   0.006384714768166398
8   24   0.17487545728335213
8   26   0.02694785801708527
8   27   0.1795762737228413
8   28   0.034448312222132696
8   29   0.11422813517754725
8   30   0.03120916638035404
8   32   0.08518366083639092
8   33   0.056026044825037445
8   34   0.03814043068498512
8   36   0.23103856812581733
8   38   0.12563988243598936
8   39   0.06654884602449408
8   40   0.03798668926272476
8   41   0.11012367952057095
8   42   0.16869879563652163
8   43   0.07094521282922535
8   56   0.07869730435932043
8   58   0.11042806261879624
8   73   0.1538609465343251
8   77   0.2013916243754201
9   10   0.10852491236574233
9   12   0.011495064114451652
9   13   0.04975810362291993
9   14   0.03824000218428722
9   15   0.11726013508753086
9   16   0.02593908450714019
9   17   0.04362279441739751
9   20   0.1280655578029786
9   21   0.042015374569973715
9   22   0.03793221286423182
9   23   0.11352338951425013
9   24   0.05614717264228468
9   25   0.07912265061731069
9   26   0.03670540667801884
9   27   0.01848344284484959
9   28   0.0033861559988922992
9   29   0.1378265251196483
9   30   0.13663794648550764
9   31   0.007273746412885739
9   33   0.15349302542670124
9   34   0.056370535359568784
9   36   0.13213109439136023
9   37   0.10495432931094456
9   38   0.11101686668029957
9   39   0.11845240449872999
9   40   0.07196500815206207
9   41   0.005714862031953477
9   42   0.07837762125024209
9   43   0.10413294842619583
9   45   0.060162935933785806
9   47   0.00613565826057036
9   49   0.0338178120418263
9   53   0.08620793441754578
9   56   0.0544170781794384
9   58   0.07298978100541684
9   59   0.0011805979424320356
9   61   0.012372512386625796
9   62   0.06449546813116959
9   63   0.09884634935379055
9   64   0.041500455553400296
9   65   0.0161910993181308
9   69   0.0748007595413727
9   70   0.05215759641347802
9   71   0.005388571821327185
9   72   0.06491131883199636
9   73   0.1112691087295821
9   75   0.08279762739273375
9   76   0.06500444490327156
9   77   0.11082435859394102
9   78   0.025423936156990287
9   79   0.03204579995756979
9   80   0.039648007117715614
9   83   0.023968561564815118
10   12   0.06387681900017575
10   13   0.059849135453052725
10   14   0.08156731770974228
10   15   0.07272382276979568
10   20   0.102531424831439
10   24   0.009741409367210577
10   28   0.009566049960375389
10   29   0.018949595482459072
10   30   0.05414923499906494
10   32   0.03778077519083874
10   33   0.12472394978044514
10   34   0.04797810791473131
10   36   0.1254089503963526
10   38   0.03328823097387132
10   39   0.07582888226365334
10   40   0.060372162715956766
10   41   0.02246194988921102
10   43   0.07518380301562058
10   47   0.04608220568130677
10   53   0.0789492451676594
10   55   0.04747204860745366
10   57   0.13421185501400074
10   58   0.12728127195677538
10   59   0.011635661194661195
10   61   0.049671386167703085
10   64   0.026946041930846442
10   69   0.07913867699531114
10   73   0.03475586805477143
10   77   0.09343421180905323
11   13   0.033095816315317925
11   14   0.08677301527798437
11   17   0.06743773615561471
11   18   0.02727357741986542
11   19   0.12385540807744609
11   23   0.027308967740312575
11   25   0.10661399778052377
11   26   0.005136231203817225
11   27   0.08274224868154535
11   29   0.10238760805891431
11   31   0.07000427660974447
11   32   0.13240819187656544
11   34   0.026990070135003444
11   36   0.003361478417646693
11   37   0.04248459548844948
11   38   0.08946034521092568
11   39   0.06713775433277688
11   41   0.049359821151257706
11   42   0.046806602308290854
11   44   0.16779006563825674
11   49   0.010060279252504486
11   51   0.0018263703248421316
11   60   0.1406755928061806
11   62   0.13134119573620023
11   67   0.11641808765970087
11   74   0.02197743722657487
11   75   0.19532362229886951
11   76   0.21167004428331598
11   80   0.22613631915270227
12   13   0.09869618740629162
12   14   0.07579870041019356
12   15   0.022638553152113265
12   20   0.269018145068343
12   24   0.056792182552064904
12   28   0.04266963981210004
12   29   0.021114282267200475
12   32   0.06770791228128228
12   34   0.039429729286935736
12   35   0.1143331592842201
12   36   0.15521933197742288
12   38   0.07243853633055475
12   40   0.03517654642331171
12   41   0.10288633470964306
12   42   0.15705512415212441
12   47   0.07109064814434879
12   53   0.013166373709845098
12   54   0.07225160269655018
12   58   0.06775396227643518
12   59   0.0053184345333388665
12   61   0.03739052256218868
12   64   0.014841395773871398
12   69   0.0564816070293562
12   73   0.0005499776896909056
12   77   0.008819109097677571
13   14   0.058706525527749465
13   18   0.08038136714963169
13   22   0.015601901126306524
13   24   0.035609497028733304
13   25   0.07396131280800317
13   26   0.11163318503112105
13   27   0.012959171632540574
13   29   0.057108069176687516
13   31   0.10694580411020721
13   32   0.03296623766526227
13   34   0.08219117560718706
13   36   0.0022013827757179165
13   37   0.01885515524293914
13   38   0.04049881260733254
13   39   0.17653649821713027
13   40   0.022623336326950298
13   41   0.028490558788860747
13   42   0.002283456894968105
13   43   0.010705648211244664
13   44   0.10461004663337718
13   45   0.10379727276248674
13   46   0.07448209875587668
13   48   0.07176800014415227
13   49   0.08546968528025568
13   51   0.11949473192181567
13   60   0.020093139721981068
13   62   0.05531547758138959
13   67   0.03566773897970769
13   71   0.03306039166516402
13   74   0.018629823630459515
13   75   0.02385821194825027
13   76   0.038738751068583016
13   80   0.03341859870817323
13   83   0.06185293673241527
14   15   0.06298167770314511
14   17   0.10922532662890844
14   18   0.12346967285125238
14   19   0.03142960905926133
14   20   0.11314793915492473
14   21   0.03743098267820298
14   23   0.014243619173716634
14   24   0.15244717222825904
14   26   0.06963114056495821
14   27   0.10489147047322157
14   28   0.0062341822879646526
14   29   0.031342784908320896
14   30   0.16788733906219844
14   32   0.13817682308094376
14   33   0.12622763016719074
14   34   0.006621189913276602
14   36   0.21346319057394397
14   38   0.14795241031827588
14   39   0.13366356860561907
14   40   0.009760994841997437
14   41   0.16163081106830726
14   42   0.09426584900954758
14   73   0.1693514544829573
14   77   0.22757263263757055
15   20   0.129029298692647
15   21   0.10043248995612813
15   22   0.14560327515562727
15   23   0.19574307418780806
15   24   0.09863487368243959
15   27   0.19008729574197875
15   28   0.13198815285985677
15   29   0.04406846683545555
15   30   0.10313321909683243
15   32   0.10799124758805663
15   34   0.0873873117599379
15   35   0.08480900277733477
15   36   0.010591843775792796
15   37   0.18935663600569502
15   38   0.04423901846085843
15   39   0.19159111926618955
15   40   0.08559407325166411
15   41   0.029985644032086874
15   43   0.07544050338287585
15   47   0.06257790493922825
15   53   0.038870544739550754
15   58   0.2173819399649712
15   59   0.014851970180191703
15   61   0.05454531665858236
15   69   0.09675350507713217
15   73   0.09454043441568899
15   77   0.08033707538083752
15   84   0.19354885112816425
16   17   0.16262909926669292
16   21   0.12043709634506118
16   22   0.009658974545274835
16   23   0.08982571495365536
16   24   0.28048880897453904
16   27   0.012119519913991626
16   28   0.007856224210537907
16   30   0.14844444854364014
16   34   0.16179201633518078
16   36   0.1709094739832545
16   37   0.0623103847279115
16   38   0.1649899060997802
16   39   0.16044140390739792
16   40   0.13041326095446334
16   43   0.10194146016630076
16   45   0.07662357641529745
16   46   0.03650247906053486
16   52   0.10416709953069508
16   65   0.22584175955654295
16   70   0.19687423648806782
16   71   0.07922291152692608
16   72   0.18962218452542687
16   73   0.20097250286888937
16   76   0.007982830471672048
16   77   0.2106385982964586
16   79   0.25473515261406365
17   18   0.022618741016601596
17   19   0.008771371532586513
17   21   0.0266248850788521
17   22   0.008088148627725526
17   23   0.10884141904587147
17   24   0.11509334969550478
17   26   0.05931340960631917
17   27   0.1850972701504146
17   28   0.20018576295231583
17   29   0.02857847146908039
17   30   0.12165440289689483
17   33   0.06334800166817983
17   34   0.060829252120276275
17   36   0.058651610666599324
17   37   0.01668535077960317
17   38   0.003982093262272179
17   39   0.07194223065861055
17   43   0.08678553808289705
17   44   0.018347147347068632
17   51   0.024840994714214738
17   52   0.25149380762856816
17   66   0.13899715601451362
17   72   0.12953898803268898
17   75   0.13232959598210833
17   76   0.10892495626709595
18   19   0.12191343727028901
18   21   0.09994760460146287
18   23   0.010394385662875738
18   25   0.003510525169088361
18   26   0.09063568626416423
18   27   0.04358909741128777
18   29   0.013590235491345132
18   30   0.022318516698571624
18   31   0.02943407618755327
18   34   0.052047108379841736
18   36   0.05766363926824484
18   37   0.05205155735543884
18   38   0.006740178490982513
18   39   0.11956188080989352
18   42   0.043543781303496266
18   44   0.17069932463812507
18   62   0.1507283525269132
18   67   0.12221731804473858
18   74   0.014286159634441747
18   75   0.2402018061624279
18   76   0.21846916002706535
18   80   0.1668701194224549
19   21   0.06968239518049271
19   23   0.017154651097241225
19   25   0.05760212012518686
19   26   0.0639916365836573
19   27   0.030044692166681555
19   29   0.06418007154103042
19   30   0.01623503542956238
19   31   0.07148070064423129
19   33   0.07081618689822343
19   34   0.06193835457749424
19   36   0.08293100590325866
19   37   0.04938926137437021
19   38   0.01315193827231556
19   39   0.15056118076480962
19   44   0.07466102284482475
19   51   0.029632519347581508
19   52   0.19633709507938085
19   68   0.0536784389468936
19   74   0.0073311171108791096
19   75   0.14590131889630165
19   76   0.15239263948852266
19   80   0.036568265866640824
20   24   0.026291788065063444
20   28   0.05388452281313702
20   29   0.024969162508356065
20   32   0.18724799127313516
20   34   0.06887149006084085
20   36   0.1360861180906224
20   38   0.06931685064567165
20   40   0.2328928853249733
20   41   0.08880308534068881
20   47   0.05443541848047136
20   53   0.05728983876781065
20   58   0.26481196032325544
20   59   0.03228610995391121
20   61   0.081881166912137
20   64   0.09263896184543821
20   69   0.10976606748098323
20   73   0.10925656988985238
20   77   0.10098186433465745
21   22   0.10474015521330034
21   23   0.11325903681808645
21   24   0.09794602117974928
21   26   0.12268745796063311
21   27   0.04012647336367087
21   28   0.16720573498424643
21   29   0.09863668772833067
21   30   0.05343135424299111
21   33   0.028509676327918308
21   34   0.08910512222126199
21   35   0.03781155367460588
21   36   0.1436693540889793
21   37   0.08967435601490145
21   38   0.029386389541083992
21   39   0.00718978829393285
21   40   0.06541321000042147
21   41   0.04824960951503733
21   43   0.1157395393009608
21   65   0.06736420679224513
21   70   0.03886804363386264
21   71   0.08632253885335726
21   72   0.024410851168425503
21   73   0.040355217500503825
21   76   0.11750158097553863
21   77   0.00665948060560218
21   78   0.09161752844987636
21   79   0.03011646036045312
21   82   0.03762234185018856
22   23   0.055848996832238665
22   24   0.10414044047052815
22   25   0.09625844207865591
22   26   0.0021923474647359328
22   27   0.0782172398310384
22   28   0.10315453976909268
22   29   0.026351043378940557
22   30   0.00278758808933122
22   31   0.005475849997086788
22   34   0.09456864801466913
22   36   0.01862128099909756
22   37   0.09288442781938158
22   38   0.025870109960041555
22   39   0.08458608165950889
22   40   0.04734704841235474
22   42   0.02700513223315067
22   43   0.03209379370755462
22   44   0.023232700959246913
22   45   0.0041468189370354545
22   46   0.029405780014660383
22   51   0.12970690530496648
22   52   0.20233583899435414
22   58   0.05908624215262734
22   62   0.04507139217313627
22   65   0.16401404535458058
22   70   0.020383922344583243
22   71   0.14147185863319267
22   72   0.10528196828969962
22   73   0.09451394457165306
22   75   0.04818726627184742
22   76   0.03044138300063085
22   77   0.08735423168308928
22   79   0.024078566516544334
22   80   0.14403382208976062
23   24   0.05567415301131205
23   26   0.018455683905575372
23   27   0.11036143655203202
23   28   0.11577449326830364
23   29   0.008822533321851097
23   30   0.023217018774649472
23   33   0.008488335668605625
23   34   0.03034683840546128
23   35   0.05901453171795007
23   36   0.057927552197992546
23   37   0.08247284815233649
23   38   0.06923634603955008
23   39   0.12324719712340138
23   40   0.06504465943754359
23   41   0.017488907911979636
23   43   0.008214836374492674
23   44   0.05950265966099769
23   45   0.0214345236850627
23   46   0.024417743346350676
23   51   0.048882990649831266
23   52   0.12332701759912545
23   65   0.08016487951456953
23   66   0.029175927818992156
23   70   0.01894780786543763
23   71   0.029964955736224735
23   72   0.14051626510532905
23   73   0.04704025249412463
23   76   0.029825151499592466
23   77   0.0524948482961494
23   79   0.13023197552286686
23   84   0.05924271279689265
24   25   0.015151606088523712
24   26   0.021773447941368717
24   27   0.08172890789418834
24   28   0.04062552188358553
24   29   0.027510860545360363
24   30   0.07284804070617061
24   31   0.04352576999902551
24   32   0.07075561521736352
24   33   0.03384198770465013
24   34   0.05876164972330948
24   36   0.09098026319416547
24   37   0.12690329310245868
24   38   0.11017406456232492
24   39   0.07149486755591908
24   40   0.012020731883118519
24   41   0.05201307333750773
24   42   0.020725088150917243
24   43   0.00852282574612967
24   45   0.05436422238624015
24   46   0.09133493817395721
24   47   0.08981172969738205
24   48   0.05089014401043012
24   50   0.018863571686835917
24   51   0.008808893565156873
24   52   0.1707668083416753
24   53   0.042221893514247766
24   55   0.09400031163655112
24   56   0.09190033727444558
24   57   0.14783858622048104
24   58   0.17868877379607953
24   59   0.004672386979817973
24   61   0.0078006269914509315
24   62   0.05008651801370937
24   63   0.09284239712998413
24   64   0.12745469462248735
24   65   0.1729623357954467
24   69   0.1193760763688612
24   70   0.04102230452488028
24   71   0.006117309298288466
24   72   0.027938623581164067
24   73   0.18395208147413547
24   76   0.007299434612260689
24   77   0.1548349983479135
24   78   0.15807908659461437
24   79   0.20588868953508857
24   80   0.024517939716825993
24   82   0.10650063903702968
24   83   0.16251380928020426
25   26   0.003814443696281974
25   27   0.007991200345923663
25   31   0.04231872977715628
25   34   0.16503087236249
25   36   0.03961515206125627
25   37   0.07732702666450057
25   38   0.03950646788456458
25   42   0.06733437217703567
25   43   0.07994871518068512
25   44   0.0813101427446687
25   45   0.14692144577306698
25   49   0.1737702776653264
25   51   0.06084907738441579
25   60   0.09143353157949231
25   62   0.15256775551068397
25   67   0.058492932897452256
25   74   0.14660639996585959
25   75   0.004955673226348043
25   76   0.033833284662541346
25   80   0.1420626220094325
26   27   0.003919888912470889
26   28   0.06370299786970277
26   29   0.06545355978037924
26   30   0.05602710109620491
26   31   0.0015416479907305808
26   33   0.06328043252801052
26   34   0.101752528686989
26   36   0.01311714966009855
26   37   0.11160201843024954
26   38   0.012893201515622548
26   39   0.12157488544347742
26   42   0.13963461828412
26   43   0.004218267647878342
26   44   0.07831088928577706
26   45   0.025929696481826386
26   46   0.05553665123689693
26   49   0.04402432281997899
26   51   0.0972752996459985
26   52   0.1596818925936447
26   60   0.0378297754863106
26   62   0.0407374535393977
26   66   0.1603312811461745
26   67   0.021318064249415156
26   68   0.04347743141983213
26   71   0.013643059963068633
26   74   0.15780937880702525
26   75   0.11725149628182434
26   76   0.1110751410817711
26   80   0.07008529257513123
26   83   0.05712997572689875
27   28   0.05191205983901324
27   29   0.10025872199482383
27   30   0.10711583261462995
27   31   0.09748718540120144
27   33   0.10053324988862469
27   34   0.1269937428742594
27   35   0.12490096568940104
27   36   0.09324358809314244
27   37   0.09200174991694107
27   38   0.14830260893505484
27   39   0.31549516252047627
27   40   0.0384414470430746
27   41   0.027880287945368423
27   42   0.035540726259023186
27   43   0.019216368055177367
27   44   0.025164080342065888
27   45   0.015668756492539203
27   46   0.019432426233092805
27   47   0.1549512031817745
27   49   0.1347726595926067
27   51   0.11007667905272055
27   52   0.1890101160832676
27   58   0.09987466095576462
27   60   0.008970698196158358
27   62   0.0719555549348866
27   65   0.06600682134478929
27   66   0.10117662783179684
27   67   0.1006105606318742
27   68   0.024835919254617225
27   70   0.07668351699907025
27   71   0.005222615685029705
27   72   0.15971408492194966
27   73   0.07212859521003641
27   74   0.10205024138181377
27   75   0.02935451406986744
27   76   0.022146794214497043
27   77   0.08436820423947336
27   80   0.05611891801033128
27   83   0.014747337155770457
27   84   0.022557502737022006
28   29   0.01109964236588146
28   30   0.05742458835694555
28   32   0.023112575600638983
28   33   0.007465003718214475
28   34   0.09613909924261321
28   35   0.06320061047511079
28   36   0.028760192804935383
28   37   0.12035375284655303
28   38   0.1363891357413924
28   39   0.03694702529041393
28   40   0.06013720275477247
28   41   0.10173037471429089
28   43   0.07614752242953725
28   45   0.022833338639336835
28   46   0.13767984444825002
28   47   0.027009118215285465
28   48   0.030563952546905925
28   50   0.0445111990206987
28   53   0.1215644522289645
28   55   0.0735213591594828
28   56   0.09081651607736284
28   57   0.2265044171812221
28   58   0.07383113098120248
28   59   0.029375563605949284
28   61   0.008620212765226657
28   63   0.14281663956930765
28   64   0.0536384730166507
28   65   0.052717003783882437
28   69   0.08938447264381864
28   70   0.0010415639274943603
28   71   0.08946333115251343
28   72   0.08009479758918867
28   73   0.09273214864116006
28   76   0.17900575059915574
28   77   0.14623124645064484
28   78   0.10175382346703969
28   79   0.1644226220533093
28   82   0.15129822052066483
28   83   0.05549925564394302
29   30   0.07473308230541885
29   32   0.034015181986925935
29   33   0.06912460032268408
29   34   0.040719484919533415
29   36   0.041641923107724105
29   38   0.005532052873843432
29   39   0.025099479950889216
29   40   0.06287933295270666
29   41   0.066299901661603
29   42   0.030884031593033028
29   43   0.08685096909150845
29   58   0.04287720987576422
29   73   0.007072675411301073
29   77   0.10859957645795502
30   33   0.09459834681981263
30   34   0.012306263033739348
30   36   0.031149446861205583
30   37   0.047158530441498106
30   38   0.029021708979405782
30   39   0.013527745959890867
30   40   0.04499370982573844
30   41   0.08027752235589312
30   43   0.030595609412128962
30   45   0.00661999266495766
30   58   0.03129028562756342
30   65   0.1200282439439159
30   70   0.029649884393456085
30   71   0.0375862087719985
30   73   0.10839939788470469
30   77   0.15375392879055444
30   78   0.08043759551572964
30   79   0.11253413409159568
31   34   0.12322285284796813
31   36   0.0857356913378158
31   37   0.06038488838039166
31   38   0.03464547574797673
31   42   0.039379008582811036
31   43   0.002593806833552024
31   44   0.14484569580965187
31   45   0.01676531356758101
31   49   0.054113527846702376
31   51   0.06251452537916606
31   60   0.005972970748379942
31   62   0.13042668629213586
31   67   0.03986401472993032
31   68   0.10725262663461851
31   71   0.0974734039037548
31   74   0.06910227639386729
31   75   0.11061003962060473
31   76   0.13470200318005865
31   80   0.03299447208918472
32   34   0.00476408428965303
32   36   0.11558658953396772
32   38   0.1369822273523983
32   39   0.0318681310330397
32   40   0.09055009753394852
32   41   0.08200330894974713
32   42   0.19643155507718618
33   34   0.040550253997344146
33   36   0.012265522103675567
33   38   0.02868429199535028
33   43   0.1548222883972289
33   73   0.08036387468159745
33   77   0.10438177288442332
34   36   0.12438736583379754
34   37   0.09807844745254124
34   38   0.03705217668531221
34   39   0.05800771388795575
34   40   0.03844555802285611
34   41   0.0028855723426581916
34   42   0.11450963307513773
34   43   0.013341791345032352
34   49   0.0821899464965458
34   51   0.1448617934588921
34   58   0.08518404053595119
34   62   0.123221984327033
34   73   0.02544649125518459
34   75   0.1959959103597525
34   76   0.09833260466328528
34   77   0.014175386086168976
34   80   0.12905688104632032
35   36   0.019345829874252773
35   37   0.10557213293699581
35   38   0.09064733672107396
35   39   0.1107841006246452
35   40   0.014664697689082944
35   41   0.0481304596609751
35   42   0.020595938084291707
35   43   0.13477321224916677
35   44   0.01413405446483197
35   45   0.019781755373614117
35   46   0.01370426456952413
35   47   0.11853634878557368
35   48   0.07887210967368666
35   54   0.09917531075343435
35   64   0.17673816761547514
35   72   0.14291437429160722
35   84   0.024630572801981773
36   37   0.012629402526823586
36   38   0.10537235901065381
36   39   0.07829204763895094
36   40   0.08595024558637651
36   41   0.03199574692951714
36   42   0.050485060005531164
36   43   0.06140837305413645
36   44   0.11783421001503004
36   45   0.009795582869548512
36   46   0.04796339935144891
36   47   0.03767142979673908
36   48   0.05108700285177554
36   51   0.06504734641498763
36   52   0.10971087479231993
36   56   0.0487483070100216
36   58   0.07045028614842562
36   64   0.20715925345879976
36   65   0.012051325538131642
36   66   0.005463926929047842
36   68   0.04179481569703791
36   70   0.12123361187473403
36   71   0.0018187527123732592
36   72   0.008719376055623083
36   73   0.08479721746566227
36   74   0.09310688101639755
36   75   0.15650328125462343
36   76   0.056216930462383116
36   77   0.03045183834374777
36   78   0.0824524769863967
36   79   0.08365301157557734
36   80   0.0854823155060963
36   82   0.1666729285642741
36   83   0.03876522712816104
36   84   0.08614198861087058
37   38   0.10818827523969102
37   39   0.02336875916702993
37   40   0.03653886219566877
37   41   0.06409399749525284
37   42   0.03876414984517349
37   43   0.016821182073963152
37   44   0.14871902732346254
37   45   0.04815136728209802
37   46   0.03282846226634298
37   49   0.057270004472985546
37   51   0.1119028651836861
37   52   0.06849112182018278
37   60   0.0744359310922586
37   62   0.08195135036925165
37   65   0.12564526508698212
37   67   0.04958655234672485
37   68   0.0654137115881453
37   71   0.033703034803248495
37   72   0.07267967508744826
37   74   0.1093158369400706
37   75   0.07386434861336663
37   76   0.0688904661318909
37   80   0.014781020468924941
37   84   0.05401891813480172
38   39   0.052699616559019585
38   40   0.006552185012516777
38   41   0.0031742785301844805
38   42   0.07872369395412296
38   43   0.024866702412552018
38   44   0.1471123037721143
38   45   0.07056956478463212
38   46   0.06443552685399773
38   48   0.04947762489099533
38   49   0.07836597649036647
38   51   0.052052044300925
38   52   0.13622050854447845
38   56   0.020645349536478164
38   58   0.14564381625088363
38   62   0.09943943583137842
38   65   0.04864619267676925
38   66   0.09069118441258568
38   67   0.03773787622980869
38   68   0.0577599913335225
38   71   0.11678932790939055
38   72   0.08189336873629678
38   73   0.03503225907794698
38   74   0.04922367773754465
38   75   0.1583623121002224
38   76   0.057865000365936746
38   77   0.043008177659653105
38   80   0.0051548804909405475
38   84   0.03738959930185831
39   40   0.08267875396231142
39   41   0.06721868430421689
39   42   0.09071602312824456
39   43   0.08432958067756904
39   44   0.043657283049278156
39   45   0.058336421571094
39   46   0.106352640044577
39   48   0.024209962870460396
39   51   0.08772804807349072
39   52   0.2410743805523586
39   65   0.04165194885890259
39   71   0.031727418258611265
39   72   0.09967182183324885
39   73   0.1330838287089902
39   75   0.18728206504353678
39   76   0.11324797822334062
39   77   0.009738770987948545
39   84   0.09759930273738517
40   41   0.060979126348388916
40   42   0.1815126614633703
40   43   0.1234593083412702
40   45   0.039164521053812684
40   47   0.016078538896866626
40   48   0.10087883850010733
40   53   0.05832721239896942
40   54   0.0647026283114696
40   56   0.007711192025608452
40   58   0.06659106956716769
40   59   0.0566610860985195
40   61   0.10342358657504855
40   64   0.10985886053276693
40   69   0.017749671847944133
40   73   0.0068012757653486125
40   76   0.15955055494239728
40   77   0.052379392490153664
40   78   0.11841703095369686
40   84   0.01879337345373003
41   42   0.16651534085162967
41   43   0.05859231252911373
41   45   0.19455110100402798
41   46   0.10437806129227536
41   47   0.1159818477108115
41   48   0.18529106624930142
41   49   0.11255103567541244
41   57   0.11819711466502685
41   73   0.13034519505935943
41   77   0.15944053693506036
41   83   0.15701010396627393
41   84   0.03727113324581459
42   44   0.15059668441790247
42   45   0.0054713924062830405
42   46   0.007085296427996129
42   48   0.10981607638492394
42   49   0.0033235682114258597
42   51   0.056940505406563244
42   60   0.04985758926287482
42   62   0.022061149860188013
42   74   0.01755977584962215
42   75   0.13278140312645897
42   76   0.12453181854328803
42   80   0.03573387872376849
42   83   0.05506787358789907
43   44   0.01735483650655964
43   45   0.10818729289261177
43   46   0.12623216700239473
43   47   0.14411976650738847
43   48   0.12613662398857245
43   49   0.025133181833950444
43   50   0.04091739950647493
43   51   0.0196602376059552
43   52   0.0397520238245627
43   53   0.01347093289807525
43   54   0.016535181677272377
43   55   0.15380375119296832
43   56   0.002185388608811594
43   57   0.13518809972114956
43   58   0.05274429711285943
43   59   0.09325339268594401
43   60   0.023462758915067928
43   61   0.07417413750273485
43   62   0.02265824348656165
43   63   0.14445852061778422
43   64   0.10803642539787223
43   65   0.09227327309071373
43   66   0.07579154438928364
43   67   0.05256621181621316
43   68   0.032311567377754584
43   69   0.13389743816208133
43   70   0.12314321870272887
43   71   0.1599128376088593
43   72   0.0287591207349255
43   73   0.05506679706249971
43   74   0.1070341719046003
43   75   0.0745109085965517
43   76   0.11142135554413629
43   77   0.12889325201097307
43   78   0.05909513641187852
43   79   0.04410115976596387
43   80   0.10919001516500196
43   81   0.12428011027205614
43   82   0.09559948259734469
43   83   0.14269873220580828
43   84   0.005494236486943164
44   45   0.05648667759397936
44   46   0.039875822417242135
44   47   0.05135207469975552
44   48   0.01868785051002793
44   49   0.062496197956213986
44   51   0.06175113836107683
44   52   0.04334599611997276
44   56   0.06267293435249334
44   60   0.047849583430097126
44   62   0.04654502328050939
44   63   0.07735612605154131
44   65   0.12831989130259733
44   66   0.06242828579923611
44   67   0.014182046918418472
44   68   0.025906720555110507
44   70   0.0020856463385603478
44   71   0.06517431147609802
44   72   0.03342987382254866
44   73   0.027664545924978207
44   74   0.094742948954781
44   75   0.03933101141317065
44   76   0.03674904247304618
44   77   0.04693181161964767
44   79   0.026159009467279323
44   80   0.051983113297858576
44   83   0.01343184781936853
44   84   0.027637125035519572
45   46   0.01449168356921466
45   47   0.0593021364572344
45   48   0.0823160815254755
45   49   0.0028994162801669336
45   50   0.057331582782542995
45   51   0.025210255482624584
45   52   0.028171527740757756
45   53   0.023701440661846016
45   55   0.007500612082519787
45   56   0.019260784876601055
45   57   0.04655085359126739
45   58   0.058547416599634985
45   59   0.06641903812081108
45   60   0.0172404964960899
45   61   0.033931590682582634
45   62   0.0007300948412656067
45   63   0.07881372840873695
45   64   0.11086581796207423
45   65   0.10242324398421615
45   66   0.015005513460160045
45   67   0.07471114877516606
45   68   0.020219153732457255
45   69   0.05397254452658377
45   70   0.06522529382927442
45   71   0.1417090893271935
45   72   0.11907598000423758
45   73   0.05239405339676119
45   74   0.15198441005608967
45   75   0.11845625314313407
45   76   0.11069157179830845
45   77   0.157204768483917
45   78   0.014486154117452821
45   79   0.02916807014072561
45   80   0.06063615375562922
45   81   0.035356961676056266
45   82   0.1746057770606955
45   83   0.05483520794732768
45   84   0.022552352564335913
46   47   0.02076001459143292
46   48   0.09672542584550534
46   49   0.025759349878579075
46   51   0.04607624890006683
46   52   0.06795627410643099
46   55   0.1552609726593414
46   56   0.04251094221077267
46   57   0.19935647159016437
46   58   0.09493696547027827
46   59   0.04432758507396298
46   60   0.05283746139451157
46   63   0.07748010065467809
46   64   0.13920736469750594
46   65   0.10497643494737267
46   66   0.05652609348426621
46   67   0.03533514872135652
46   68   0.0840296634517084
46   70   0.04179912014972226
46   71   0.11371109951348472
46   72   0.07428770863605103
46   73   0.005427173140023786
46   75   0.18067570768546767
46   76   0.16010559428336188
46   77   0.02260485656268515
46   78   0.05652095182780144
46   79   0.02252969061003591
46   80   0.17726621205467738
46   81   0.11881710615722083
46   83   0.03335174824360087
46   84   0.12072041565743094
47   48   0.05251332833500256
47   49   0.007080878902733391
47   51   0.009148062669250693
47   52   0.1752389403660724
47   53   0.11158613228549606
47   54   0.045405445169995354
47   55   0.008537046574619518
47   56   0.01978905550452251
47   57   0.026062224375136712
47   58   0.15154229778889877
47   59   0.004951484769242671
47   61   0.11805718348672313
47   63   0.01899773859421381
47   64   0.08167832907135118
47   65   0.00582625750506211
47   69   0.19944673850397712
47   70   0.09987652089155666
47   71   0.1170409913004846
47   72   0.13425546518609338
47   73   0.06505425957056249
47   75   0.2028518023374337
47   76   0.11942119903995436
47   77   0.06937092481206103
47   78   0.05725111218287198
47   79   0.008494244869724018
47   81   0.003562349200264278
47   83   0.0034674053650085783
47   84   0.05649797087445166
48   49   0.12461401554064865
48   53   0.06805722759934106
48   54   0.10535121525439192
48   55   0.0469340897113551
48   56   0.00022777294166122152
48   57   0.00603334503312455
48   58   0.005287075771952159
48   59   0.012383747142095874
48   60   0.010613115892133037
48   61   0.02647587409656021
48   62   0.1501922205368302
48   63   0.055930242754851006
48   64   0.023098636808225423
48   69   0.07250463913816217
48   70   0.09401701970146538
48   72   0.12536750272980385
48   73   0.07747886217757145
48   75   0.009985090641801687
48   76   0.04020029263346724
48   77   0.1022595274645829
48   78   0.08069988335649085
48   79   0.07578268844989111
48   81   0.06655224368242586
48   83   0.07086952766116397
48   84   0.024194731875860923
49   51   0.017924354978222742
49   57   0.13486970895182404
49   58   0.1421715914378529
49   60   0.03626638578886316
49   62   0.028208749817519
49   63   0.0729339885425648
49   67   0.09803389229341387
49   71   0.06818628941148021
49   73   0.058788604658504044
49   74   0.1251759076366686
49   75   0.1419945450496921
49   76   0.009663724813380473
49   80   0.1320978874799977
49   83   0.08492019891221465
49   84   0.10030884673788804
50   52   0.006705139076897349
50   56   0.15015939105564563
50   57   0.18634043711552511
50   58   0.05010155503484725
50   59   0.00848025997483473
50   63   0.0808703437886174
50   66   0.022843675341343943
50   68   0.13981902650503705
50   70   0.00239658968271132
50   72   0.06195575151521644
50   73   0.0462629905111513
50   75   0.11271110605812357
50   76   0.0017961655534930203
50   77   0.052156993900593286
50   78   0.2805215044158203
50   79   0.118102087787795
50   82   0.10069887471586243
50   83   0.11458977625243225
51   52   0.03834777200312459
51   54   0.0051961857108779545
51   58   0.07747205415548185
51   60   0.1001705370631712
51   62   0.036270684909897245
51   64   0.06471827602925455
51   65   0.10938130867454239
51   66   0.037925086652917474
51   68   0.13231418540507292
51   71   0.0776480022693109
51   72   0.07758892785745582
51   73   0.01069246519287897
51   74   0.03531732814519898
51   75   0.08908805997451315
51   76   0.01383295231598553
51   77   0.11907862116116293
51   80   0.07332495381741334
51   83   0.11617599875375424
52   55   0.03644015455482833
52   56   0.019294898510105393
52   57   0.1427564166085734
52   59   0.009239924024482628
52   63   0.06769899514419192
52   66   0.12981908948784238
52   67   0.050637175163393146
52   68   0.050577775513149806
52   70   0.04903368243307524
52   71   0.0398549939584678
52   72   0.07431609358792833
52   73   0.022407140229477703
52   75   0.04682279324247278
52   76   0.13164232063895104
52   77   0.02677932769714758
52   78   0.08798037353918124
52   79   0.08997328255630667
52   83   0.06980440097668625
53   54   0.019105301024321356
53   55   0.10227988575753443
53   56   0.014224576845203424
53   57   0.12359097095140889
53   58   0.09757625196216836
53   59   0.0485173124884689
53   61   0.04131346982763909
53   63   0.0016459384653067376
53   64   0.038231955762495114
53   69   0.1206075939485481
53   73   0.09385215544871162
53   77   0.012169231723204218
53   78   0.013187987018055144
53   83   0.1022952550049887
54   55   0.19141154854582212
54   56   0.07121970414363038
54   57   0.08571515756083485
54   58   0.004165854112971625
54   59   0.06526573822398025
54   61   0.007862183133765622
54   64   0.16224561803465185
54   69   0.048579572115604014
54   71   0.036905223092980964
54   73   0.030069336853046396
54   76   0.1258992161595721
54   77   0.04572245558311353
54   78   0.06841990220057512
54   81   0.07346592488301434
54   83   0.1915421804430495
54   84   0.004713638206563523
55   56   0.12008812146356082
55   57   0.06465200689302905
55   58   0.0007191655414387125
55   59   0.057934939732376636
55   61   0.029791263750978996
55   63   0.10798586883995115
55   64   0.27960187977834927
55   69   0.2111861676268196
55   72   0.07335122864239037
55   73   0.038800066899899906
55   77   0.07504983809872454
55   78   0.04876553424244383
55   81   0.1547602646737851
55   83   0.005256888907186809
56   57   0.17563390588003114
56   58   0.10732107743670881
56   59   0.042688935931347934
56   60   0.04133516892220251
56   61   0.001300025409420838
56   63   0.08374169149863593
56   64   0.1544929596246661
56   66   0.058169518047273466
56   67   0.021393343743311956
56   68   0.05457471567623715
56   69   0.022216061801476363
56   70   0.10569587519337065
56   72   0.011958712414325738
56   73   0.06095255783534656
56   75   0.09775773217816085
56   76   0.1072498222444896
56   77   0.06519059653832482
56   78   0.06355283268759748
56   79   0.04014273464979598
56   81   0.013451622950168189
56   82   0.20651698395028795
56   83   0.01540895899207529
57   58   0.23859663431615546
57   59   0.016191878443822035
57   60   0.1362187497810795
57   61   0.15586850151224815
57   63   0.14311234165848635
57   64   0.006465768546986426
57   66   0.10537301823757668
57   67   0.0004526529651805537
57   68   0.014997627477133695
57   69   0.1586215547123264
57   70   0.05828531052974796
57   72   0.014421467797374373
57   73   0.22154262995138163
57   75   0.0342394852147886
57   76   0.024526326763928512
57   77   0.1989760622282407
57   78   0.0060495457503743745
57   79   0.09959161415976284
57   81   0.1486964743172155
57   83   0.07339694788218021
58   59   0.03171101739941077
58   61   0.04153198815612228
58   62   0.08259335326205189
58   63   0.029171920325094993
58   64   0.003404235095447059
58   69   0.11547753855304281
58   71   0.08921269489377763
58   73   0.10189125441452802
58   74   0.0003576809564908424
58   75   0.029732315411259758
58   76   0.08211563298319556
58   77   0.003472796822350298
58   78   0.0715213860621804
58   79   0.05782183524130495
58   80   0.030974239981201777
58   82   0.23539142096122276
58   83   0.01680852737328184
59   60   0.008459256893093191
59   61   0.00048245757340095746
59   63   0.07454662729487443
59   64   0.019161721608681997
59   69   0.0016736250720541742
59   73   0.06937832099666394
59   77   0.05238903391157433
59   78   0.012533762466949623
59   81   0.0021319180124850013
59   82   0.15189710451210875
59   83   0.11718620517330386
60   61   0.08677191927746633
60   62   0.007955520525040035
60   63   0.03560271564954718
60   66   0.05706892567370291
60   67   0.06734378401455314
60   68   0.002236449238278374
60   70   0.005213777176745397
60   72   0.0824967422263939
60   74   0.08316680410695129
60   75   0.07305014455546155
60   76   0.04016738401753714
60   78   0.12373705211792907
60   79   0.004475247200888311
60   80   0.05470097313908604
60   81   0.11818323919929298
60   83   0.16399798839597862
61   63   0.02726085513025401
61   64   0.03593361062538031
61   69   0.08801754973497382
61   73   0.02791713673581408
61   77   0.016704195891157885
61   78   0.05285884447409975
61   81   0.06988264379206505
61   83   0.0920906612137555
62   67   0.09840636926046648
62   71   0.07451474231320843
62   73   0.022455648235012244
62   74   0.19638709044622052
62   75   0.005274053900703143
62   76   0.01062448653487496
62   78   0.12443770587004911
62   80   0.03723516364194137
62   81   0.10555390632714373
62   83   0.022325585360576605
63   64   0.004192465146347897
63   66   0.018865419904760733
63   67   0.09698861898909357
63   68   0.030640180285116947
63   69   0.08961807496415619
63   70   0.059645051807495054
63   72   0.002663701891448072
63   73   0.12696901553685355
63   75   0.05054786784124961
63   76   0.007645763445332385
63   77   0.13284245413668935
63   78   0.020393873178712798
63   79   0.17086786678274196
63   80   0.005827112781875724
63   81   0.20706961140348215
63   82   0.13722652899255441
63   83   0.07217526933216487
64   69   0.07467727746448459
64   70   0.17545988407005284
64   71   0.013767920716175337
64   72   0.1429983473669092
64   73   0.055477220178054315
64   74   0.11189905802762432
64   76   0.15601035260759413
64   77   0.0933491408948593
64   78   0.16340364717578723
64   79   0.17471472210249786
64   81   0.10868395171582525
64   83   0.1353336213478175
64   84   0.13318667978550505
65   70   0.019463446674832394
65   71   0.07977053075496054
65   72   0.11600221894159342
65   73   0.1958258329782139
65   76   0.08373965976969774
65   77   0.15522995566704778
65   79   0.1682075707260378
65   82   0.03958222634683795
65   83   0.12189085132305197
65   84   0.11054260027240898
66   67   0.021168393600679025
66   68   0.06491783278070487
66   70   0.04277064716916353
66   71   0.06765749984813342
66   72   0.00401937004549051
66   73   0.06464705564696317
66   75   0.02375736324967114
66   76   0.08684958846885718
66   77   0.11386389584232208
66   78   0.010530315063410527
66   79   0.012595890969985733
66   82   0.09253888454253051
66   83   0.03753619607309605
67   68   0.0411747792401329
67   70   0.002108029829642003
67   72   0.08298257729010883
67   74   0.0717927430900129
67   75   0.0969145641531463
67   76   0.04224128070138032
67   77   0.21753901138030646
67   78   0.05536310789283638
67   79   0.010534022122584025
67   80   0.0513390960088123
67   83   0.021868478673077653
68   70   0.08281053335764728
68   72   0.054766691221927094
68   74   0.005946882861708785
68   75   0.1244404517496805
68   76   0.10009112520901732
68   77   0.1760652132663131
68   78   0.022392428821188005
68   79   0.06481390532420937
68   80   0.059002569131695604
68   82   0.062057257888018746
68   83   0.015086227667019439
69   73   0.0516205627276874
69   77   0.09622959846930794
69   78   0.0579696462087663
69   83   0.0888499362430612
70   71   0.048654415262410766
70   72   0.022997077391514513
70   73   0.09576028878978862
70   75   0.09133995290439374
70   76   0.1578827443725997
70   77   0.08240087048828469
70   78   0.027771057327247474
70   79   0.07326965861314712
70   82   0.14357336437842905
70   83   0.0868261908375233
70   84   0.04872133390927463
71   72   0.12351561030234515
71   73   0.07123835641415836
71   74   0.13298420289016952
71   75   0.1094828307227411
71   76   0.09442461860946526
71   77   0.016797670520853535
71   78   0.10915085754146947
71   79   0.02759607004450353
71   80   0.1276590145905817
71   83   0.15897676286432813
72   73   0.12758511884179835
72   75   0.05934237569423949
72   76   0.01716410977929543
72   77   0.11811592649674119
72   78   0.04603763438298271
72   79   0.07448500115099087
72   82   0.20703580493347895
72   83   0.06210657352641983
72   84   0.06897939985043232
73   74   0.014442623609786685
73   75   0.02725711567626396
73   76   0.015915812339320275
73   77   0.13666879153259884
73   78   0.11831114256049156
73   79   0.07660176211384218
73   80   0.020264347646231792
73   81   0.005473638476325393
73   82   0.03613291752856217
73   83   0.14672893803105455
74   75   0.10687448023361776
74   76   0.04256529718598009
74   80   0.02220916053714313
74   83   0.04758467909014657
75   76   0.028795161499883242
75   77   0.027083085236109302
75   78   0.02667495729256249
75   79   0.0876526554884568
75   80   0.029976274812851023
75   82   0.03090379008746352
75   83   0.045263236842697646
76   77   0.0283328674051465
76   78   0.017504600781298774
76   79   0.07311553771949549
76   80   0.019233942917953245
76   82   0.15995098336351773
76   83   0.018867952827949362
76   84   0.15363521528227794
77   78   0.18870255216370146
77   79   0.15188124216946344
77   81   0.11493719048418635
77   82   0.053252344960951936
77   83   0.14027812048516283
77   84   0.1131311124165853
78   79   0.21041391893691555
78   80   0.12591508582495642
78   81   0.07728784666807646
78   82   0.002767270143036982
78   83   0.0006279448052533261
79   82   0.129762675320576
79   83   0.0003124834738228441
80   83   0.019458684651017525
81   83   0.008366472500092738
82   83   0.012042751220171382
