1   3   0.16670368891714285
1   6   0.08303856799747618
1   7   0.03660413800601512
1   8   0.07732669814490822
1   10   0.09158035954258183
1   14   0.1249357600969299
1   17   0.025962834762909254
1   19   0.008652714401983575
1   21   0.04597692961313319
1   23   0.044429806812700846
1   24   0.07811939763118263
1   26   0.023923474918628188
1   27   0.012189801764803927
1   28   0.09463539456725888
1   29   0.03262069546387998
1   30   0.008675047911667783
1   33   0.06488689277967681
1   34   0.015346014526952662
1   36   0.12684700764419785
1   38   0.010773905586190978
1   73   0.14172681403547335
1   77   0.05696884498635783
2   3   0.09655599352489562
2   9   0.048263973990232814
2   11   0.07055935120802115
2   13   0.026936478297785244
2   15   0.09974609290069153
2   16   0.061919626036616285
2   17   0.1004140765459846
2   18   0.008971126832722639
2   19   0.0847160164004872
2   22   0.007436519723404331
2   23   0.07529419331951646
2   24   0.04621402517718151
2   25   0.024969936792437957
2   26   0.09388601723558147
2   27   0.06840462440226315
2   28   0.17076086525128586
2   31   0.055102976821183106
2   34   0.07047619612853014
2   36   0.07149380355654268
2   37   0.1259990019194287
2   38   0.03431204048297381
2   39   0.05719900099281494
2   42   0.08913279305187594
2   43   0.021567119462153672
2   44   0.013052388965397925
2   45   0.15801065817177254
2   49   0.044298228940085005
2   51   0.09295267779008502
2   52   0.07468795978317282
2   62   0.031871795517633895
2   66   0.13481850846754231
2   68   0.01935911397515206
2   71   0.07797208995730767
2   72   0.1806498302675296
2   74   0.08001496605093868
2   75   0.0471427372784862
2   76   0.10333332579961878
2   80   0.024837968505905365
3   6   0.04062240491581845
3   7   0.10478670913680783
3   8   0.08181584131660587
3   10   0.13827472468532406
3   14   0.08411167355537053
3   17   0.020762779921593987
3   18   0.17464724613024
3   19   0.10584207325955412
3   21   0.09384667863767714
3   22   0.17934770851825033
3   23   0.005140796894974252
3   24   0.03733825755297687
3   26   0.12605000563729946
3   27   0.09763757773821082
3   28   0.017369077351250005
3   29   0.03269153382992515
3   30   0.024870901082299682
3   33   0.1685438278560439
3   34   0.02274056481170043
3   36   0.03820368727715493
3   37   0.006903836139001598
3   38   0.022284347978672663
3   39   0.04090072283143815
3   40   0.09792195065450734
3   43   0.06299264762629771
3   44   0.1429254926321969
3   45   0.03929857893521452
3   46   0.14456689638162964
3   51   0.12766964805752656
3   52   0.0579236587973427
3   65   0.0012104998060282312
3   66   0.0006165165951416343
3   68   0.0263186922971142
3   71   0.08365319696495079
3   72   0.06065432584644092
3   75   0.0520120560979225
3   76   0.08443452176570458
4   5   0.06575913035081463
4   6   0.04547154126262165
4   7   0.03997559137939652
4   8   0.0354491994752609
4   9   0.049980547375988636
4   10   0.0019824853351598074
4   12   0.025271477942132248
4   14   0.01978487643426079
4   15   0.016644525396864614
4   20   0.06140422974977634
4   24   0.018913402291715894
4   28   0.011952049193265955
4   29   0.10678632896471463
4   34   0.07191342883063251
4   36   0.07809860631218274
4   38   0.013997955152698813
4   40   0.007476787537258746
4   41   0.08181631293543949
4   47   0.02735556115347447
4   53   0.0715561346787092
4   58   0.03858059894085471
4   59   0.07280909149480638
4   61   0.14279560270464045
4   69   0.05268828293848323
4   73   0.03588196770236239
4   77   0.06572890122719359
5   6   0.0007020306835452745
5   7   0.15403112577818
5   8   0.08296389816511064
5   9   0.07490368142164391
5   10   0.03217322803345644
5   12   0.07557949196448027
5   15   0.10457504823156794
5   20   0.1651321047766108
5   24   0.030568253127366905
5   27   0.046865300199699186
5   28   0.04975073014302423
5   29   0.1815132220596115
5   32   0.08618665224844238
5   34   0.008797041024274638
5   35   0.03447439537366429
5   36   0.10132536412565286
5   40   0.16184915541157938
5   41   0.06945936311878635
5   47   0.09606423915827973
5   84   0.17917333730216986
6   7   0.017573174295272484
6   8   0.07097550294368245
6   9   0.04054357879907683
6   10   0.06057455191849445
6   12   0.10735693577971356
6   13   0.0890980049298232
6   14   0.1646157097974157
6   15   0.03231271512596299
6   17   0.04974257702611363
6   20   0.134451080822752
6   23   0.0150303170641117
6   24   0.1083478211162249
6   26   0.09955739963677339
6   28   0.008589225912088
6   29   0.10344365792426675
6   30   0.05153458514925232
6   32   0.01687053648744019
6   34   0.1292036590794856
6   36   0.09544752328138881
6   38   0.08637850933863124
6   39   0.05374685576539308
6   40   0.05100450922803052
6   41   0.020827185808650058
6   42   0.05315898280921191
6   47   0.018647369886343544
6   58   0.06638388701162283
6   59   0.07081422143578528
6   73   0.012544178777430639
6   77   0.05828044230574375
7   8   0.02477517690048812
7   9   0.0038498230035752517
7   10   0.04396737096777628
7   12   0.020085589694446182
7   14   0.008816171861294995
7   15   0.061429070065275905
7   17   0.03443633704108683
7   19   0.11789418902942367
7   20   0.05657098993569364
7   21   0.07243012328729531
7   23   0.06972917173899787
7   24   0.016947649538666728
7   26   0.09301087498404033
7   27   0.010485299985453785
7   28   0.08221810271095639
7   29   0.050869491804166646
7   30   0.09781732671945119
7   32   0.05094637200394959
7   33   0.04196717292385645
7   34   0.0055163850135981065
7   36   0.027236230966661765
7   37   0.08155689818533117
7   38   0.05363301210989555
7   39   0.008307281537042752
7   40   0.026374898841798375
7   41   0.04797260424980599
7   43   0.007351291622916073
7   45   0.11928564276320291
7   47   0.15283296938355187
7   58   0.06548212360637114
7   73   0.008213662036547296
7   77   0.03893701939420641
8   9   0.10115358570359008
8   10   0.09718366669568147
8   12   0.06787257734261158
8   13   0.09828532037604529
8   14   0.1210311700809413
8   15   0.06202313696925777
8   17   0.045990682970758055
8   18   0.021080366606089352
8   19   0.05270876946294272
8   20   0.09273710237571382
8   21   0.002617166325183042
8   23   0.05551658741915019
8   24   0.06245094828087321
8   26   0.12544229099643123
8   27   0.0503182824993975
8   28   0.0041052699776540314
8   29   0.07725659881146814
8   30   0.030690292559938166
8   32   0.060507891885886005
8   33   0.09315153570288813
8   34   0.007555975641321892
8   36   0.0921913799031338
8   38   0.001574787531888631
8   39   0.07213502630047335
8   40   0.014354708284899542
8   41   0.07709171920850615
8   42   0.07003523135702358
8   43   0.020462582250478072
8   56   0.1232210101369053
8   58   0.02734493506277811
8   73   0.004430730780898328
8   77   0.025987007511380774
9   10   0.0033368179932044464
9   12   0.012046764375896695
9   13   0.13768972780005848
9   14   0.030290207153829758
9   15   0.10545415596763955
9   16   0.002025911609549612
9   17   0.1272262445248131
9   20   0.06647676756128994
9   21   0.004637704907018873
9   22   0.11281389421390024
9   23   0.02022994282078832
9   24   0.0461074429734668
9   25   0.06696992037061579
9   26   0.06747427069186232
9   27   0.02198371972227439
9   28   0.0074510891487704
9   29   0.11206629988633474
9   30   0.01788365357132421
9   31   0.05981212750583997
9   33   0.03739436160360272
9   34   0.11685130749240627
9   36   0.0598071702957496
9   37   0.058924158556145564
9   38   0.06816995959965301
9   39   0.04260446887655855
9   40   0.06473020431926985
9   41   0.06951526748623357
9   42   0.04449108917704935
9   43   0.05317480467075843
9   45   0.010480586637303868
9   47   0.030211701435766587
9   49   0.021505564690505817
9   53   0.07918095804803535
9   56   0.03663399735086694
9   58   0.03750235170080002
9   59   0.03087598837516751
9   61   0.012667831040955623
9   62   0.01675839802262512
9   63   0.022123304742389167
9   64   0.0018310571992673718
9   65   0.09231982933355869
9   69   0.12851907471687268
9   70   0.05525960305294807
9   71   0.005812016447260716
9   72   0.01328663778003147
9   73   0.008681973858682896
9   75   0.006672573771920375
9   76   0.054255606351093236
9   77   0.00815784622389476
9   78   0.00844942193701413
9   79   0.050434924742070494
9   80   0.024304484960977042
9   83   0.0347620384256319
10   12   0.03796114579356541
10   13   0.04106286761787094
10   14   0.08255250005536821
10   15   0.026728119439748264
10   20   0.03551589616792489
10   24   0.044224369083256554
10   28   0.05738924419758322
10   29   0.040259907676845196
10   30   0.02634949480978939
10   32   0.0887740880896883
10   33   0.06820333746911961
10   34   0.0013645108933274855
10   36   0.02496943139465921
10   38   0.008101177191003202
10   39   0.07635462815684686
10   40   0.05316715582674549
10   41   0.008737485501042044
10   43   0.07299251133173484
10   47   0.0898737083882925
10   53   0.0045012072897941185
10   55   0.06295972542847766
10   57   0.04714679015158703
10   58   0.10105542588695117
10   59   0.060918365224628825
10   61   0.04006636442833604
10   64   0.12588295152851284
10   69   0.05864636671725774
10   73   0.08094784617324534
10   77   0.019103257472065007
11   13   0.18980555168506696
11   14   0.045908812110950915
11   17   0.1259885465578191
11   18   0.06611032946428286
11   19   0.044865154696449486
11   23   0.0789779074586546
11   25   0.021423017483479627
11   26   0.13512976652424363
11   27   0.08605169699675529
11   29   0.04499915304690826
11   31   0.060795250884111134
11   32   0.0047263454818455754
11   34   0.06676608144916706
11   36   0.07838790771741751
11   37   0.0759120955206352
11   38   0.02509451897218627
11   39   0.07420026136576449
11   41   0.11107252791982256
11   42   0.08361966689460582
11   44   0.07823233298394307
11   49   0.03981347152218646
11   51   0.015269612493799899
11   60   0.0459226968587586
11   62   0.01662883900157357
11   67   0.13689414158114183
11   74   0.0608166423591088
11   75   0.04652150074129733
11   76   0.06819582455724711
11   80   0.09728956531656646
12   13   0.07032042480320669
12   14   0.09919964807743063
12   15   0.060225192843962466
12   20   0.1278983580879723
12   24   0.06642110410181315
12   28   0.0011741472840939228
12   29   0.06464882234457807
12   32   0.08271139346304232
12   34   0.09004469214168644
12   35   0.08026627976530071
12   36   0.051078517519697275
12   38   0.06331329383805324
12   40   0.05076564196013582
12   41   0.15456825946365454
12   42   0.030977087337559443
12   47   0.07120740598762106
12   53   0.0310083029246875
12   54   0.13178939256177002
12   58   0.04686902247544453
12   59   0.05131944655940761
12   61   0.04153830528519741
12   64   0.09054094811947164
12   69   0.0915032114668864
12   73   0.012462028484655805
12   77   0.04348150728173991
13   14   0.08741575855100805
13   18   0.0032469686295000617
13   22   0.008410505929396826
13   24   0.022022412225988424
13   25   0.03838380294748989
13   26   0.07854041823808235
13   27   0.07056177525297784
13   29   0.08817598015384649
13   31   0.023486508149867538
13   32   0.03182549941602069
13   34   0.002363712541761897
13   36   0.028001327302241252
13   37   0.011461086003470967
13   38   0.0038742728996995863
13   39   0.08799218734226599
13   40   0.06717226414337255
13   41   0.07844510024525862
13   42   0.066989342641891
13   43   0.15964297095158161
13   44   0.11011726563013083
13   45   0.06451564151059508
13   46   0.17680211485506309
13   48   0.003662038374394752
13   49   0.04695073724099716
13   51   0.03573119670759348
13   60   0.049267451158782
13   62   0.03361779191653215
13   67   0.14233624278517543
13   71   0.0011956693823705709
13   74   0.003600743532371343
13   75   0.035686440417587645
13   76   0.060741669250681016
13   80   0.13810521459896827
13   83   0.023296323563429748
14   15   0.025636946244056012
14   17   0.0026184073761719717
14   18   0.15713057046229836
14   19   0.02215095653457855
14   20   0.04123690201836261
14   21   0.054295129401525144
14   23   0.05540536265228974
14   24   0.0015430170170016154
14   26   0.061480986299928216
14   27   0.07006358470664092
14   28   0.022412121427772293
14   29   0.06384554335117615
14   30   0.03023035968460578
14   32   0.11162393207528655
14   33   0.13132918902693422
14   34   0.016605718260237372
14   36   0.06152102829171587
14   38   0.002576858557180873
14   39   0.10374899269518112
14   40   0.11630383658968328
14   41   0.1587658033878764
14   42   0.07985871998374137
14   73   0.020864407197800562
14   77   0.008554900048721312
15   20   0.05919176626766295
15   21   0.10683343668833309
15   22   0.0030517740281690957
15   23   0.03806473791120315
15   24   0.011304977328061837
15   27   0.006684536915421721
15   28   0.02300553259778703
15   29   0.08033030758925978
15   30   0.010284614918583476
15   32   0.12650320781760907
15   34   0.006285039801347474
15   35   0.13202790497415656
15   36   0.1299522420955772
15   37   0.035327578925475896
15   38   0.06950510740018297
15   39   0.14521670864672487
15   40   0.10647325494833486
15   41   0.024843628254904306
15   43   0.0033400257539855
15   47   0.05212111294247514
15   53   0.005564371728998924
15   58   0.10247565020225846
15   59   0.11740571351627732
15   61   0.1326215676881685
15   69   0.06590953295422203
15   73   0.06643997639873643
15   77   0.012002695807620254
15   84   0.0438254448364971
16   17   0.02100256667281981
16   21   0.09341051707487871
16   22   0.005572038045792323
16   23   0.22537766876855655
16   24   0.07880321716535121
16   27   0.1437429435491337
16   28   0.12723657182293727
16   30   0.04376675151951746
16   34   0.10391855615572881
16   36   0.025470566878297695
16   37   0.017716591506071272
16   38   0.07843407617240405
16   39   0.0806142529773409
16   40   0.06429376875805809
16   43   0.07717615896337815
16   45   0.044628548712849984
16   46   0.022171368491569986
16   52   0.011776030789327643
16   65   0.05799318166508627
16   70   0.00501545332211947
16   71   0.010584638491001054
16   72   0.014695797806700172
16   73   0.024001284576542485
16   76   0.028336942887479455
16   77   0.0179539747995101
16   79   0.05529614762941547
17   18   0.09038692949240176
17   19   0.054197295134361285
17   21   0.009180498461876777
17   22   0.04138860180282449
17   23   0.08938941777655007
17   24   0.07994128661987861
17   26   0.1270939552388458
17   27   0.04055556739032681
17   28   0.01956630692832248
17   29   0.009560423365917428
17   30   0.013578808707956878
17   33   0.023392974992819286
17   34   0.04744151541029733
17   36   0.07616808716250068
17   37   0.05701296601986693
17   38   0.022167591193120357
17   39   0.03464221543542979
17   43   0.07745423746723691
17   44   0.0647645355753916
17   51   0.09000763865011346
17   52   0.032856646096497764
17   66   0.09217355255091382
17   72   0.020687307236656904
17   75   0.06675013330020949
17   76   0.05591620053256467
18   19   0.09801866889618299
18   21   0.06276943011193199
18   23   0.02980493727073582
18   25   0.00919924702037501
18   26   0.045762773349502225
18   27   0.07972926950621775
18   29   0.0013115669014674186
18   30   0.08546503440469087
18   31   0.0014979501616073578
18   34   0.0607220424598989
18   36   0.024623195532728664
18   37   0.1263353579371324
18   38   0.11443735931345442
18   39   0.10870036074397124
18   42   0.1260830086352764
18   44   0.022972220002011066
18   62   0.009868365927723494
18   67   0.055529247262612894
18   74   0.09174089356425812
18   75   0.04488888959431625
18   76   0.0868898921153538
18   80   0.08883527149808447
19   21   0.12391319472934721
19   23   0.05498853167431003
19   25   0.03532555151497798
19   26   0.08103984742233764
19   27   0.12589105240603762
19   29   0.0298166886832334
19   30   0.00011341791120686765
19   31   0.059907055808507755
19   33   0.0632371356249883
19   34   0.02651720108146874
19   36   0.09648528058653451
19   37   0.10282217386918624
19   38   0.0671971762866574
19   39   0.04331343993881573
19   44   0.015225569709057177
19   51   0.1425574210580852
19   52   0.10117364519175262
19   68   0.10821778182491905
19   74   0.031086438479052573
19   75   0.07202187042416357
19   76   0.06794588518943907
19   80   0.14303025883535125
20   24   0.05155086310763223
20   28   0.04631891964070599
20   29   0.06637025641478952
20   32   0.1355992747913995
20   34   0.02269881537956705
20   36   0.03400977224310448
20   38   0.021513766904659306
20   40   0.01407029856148878
20   41   0.040064438544554395
20   47   0.006822252379608474
20   53   0.19735361600213105
20   58   0.06069096498905349
20   59   0.07056818906640616
20   61   0.03311348375092865
20   64   0.060806223613559744
20   69   0.10653126475707841
20   73   0.008029637421733059
20   77   0.008007060132522933
21   22   0.010474233276569635
21   23   0.04038662421287592
21   24   0.025603394011853825
21   26   0.11706876852149381
21   27   0.0042270468313065695
21   28   0.05525438857686874
21   29   0.013515577169402146
21   30   0.06550526797204025
21   33   0.01618669674531792
21   34   0.040236609751712483
21   35   0.06432938348351698
21   36   0.09571918304650845
21   37   0.10381203260994841
21   38   0.00459268343414417
21   39   0.05998167496723355
21   40   0.03731097717084924
21   41   0.11245756584518478
21   43   0.05615065738397277
21   65   0.027257607426081226
21   70   0.00431310294490843
21   71   0.04358514208007635
21   72   0.030460735079890566
21   73   0.020192896749363497
21   76   0.027817813012351155
21   77   0.02690232725547815
21   78   0.034896883598659396
21   79   0.058459206884836995
21   82   0.10079862243470616
22   23   0.0013468476015252903
22   24   0.009361671005005658
22   25   0.016331304605284733
22   26   0.02460633019159478
22   27   0.09567741626859512
22   28   0.04979685809841554
22   29   0.03032164990770044
22   30   0.00556669324214937
22   31   0.02494717137290181
22   34   0.055664222742953316
22   36   0.014747740738830782
22   37   0.06628712775743337
22   38   0.033263823687147455
22   39   0.034882999146842585
22   40   0.15372580583425283
22   42   0.07242204545074689
22   43   0.11283994982448356
22   44   0.1471261545314773
22   45   0.15326983517507878
22   46   0.09161756408583126
22   51   0.023699997724484268
22   52   0.10332528656745904
22   58   0.04261618519798546
22   62   0.01680904370152069
22   65   0.03528367448938847
22   70   0.06162672131908034
22   71   0.10885271888705415
22   72   0.05770081498165104
22   73   0.0405486637544234
22   75   0.012236087603425044
22   76   0.024182351746574328
22   77   0.014468047731183065
22   79   0.08343655830261537
22   80   0.26347372506863953
23   24   0.03096341786029247
23   26   0.12801376200109665
23   27   0.04389677201042793
23   28   0.03438885566523757
23   29   0.07001712303613572
23   30   0.04924434782724197
23   33   0.005285978366811134
23   34   0.011649426176918033
23   35   0.0041513994497995275
23   36   0.050863347078566684
23   37   0.0032883595633725485
23   38   0.05940666112499631
23   39   0.02732077377292502
23   40   0.032126767720265195
23   41   0.10513910605051391
23   43   0.030233692196415085
23   44   0.09034774738258751
23   45   0.028516101763942432
23   46   0.057577249804930855
23   51   0.16445560898984563
23   52   0.028567442659493132
23   65   0.040446108502169904
23   66   0.002767507505415404
23   70   0.02248100304689729
23   71   0.04874957119149362
23   72   0.04043979065229315
23   73   0.010355707158127008
23   76   0.023091213505863076
23   77   0.029870964205162182
23   79   8.63419801920439e-05
23   84   0.0020539445409670605
24   25   0.03399740676765348
24   26   0.013519272491553635
24   27   0.02559132554043658
24   28   0.02075042932092599
24   29   0.08558625651807776
24   30   0.010336894283770564
24   31   0.05123043507404084
24   32   0.07054536170562586
24   33   0.043772693419783744
24   34   0.038505009050501894
24   36   0.0241927289606025
24   37   0.07581106023381606
24   38   0.020569585621759704
24   39   0.06806534186768785
24   40   0.009843513137348518
24   41   0.05159363346001645
24   42   0.013827536484088476
24   43   0.069733235175423
24   45   0.038727791318823916
24   46   0.008592442514557253
24   47   0.035041821358816824
24   48   0.09076186673395982
24   50   0.04434461006891858
24   51   0.03260611154490459
24   52   0.09185397930083586
24   53   0.06814657673539132
24   55   0.0563561822849967
24   56   0.06033835451591116
24   57   0.02959115701606064
24   58   0.05475507013462853
24   59   0.09346915793702903
24   61   0.0645453296882026
24   62   0.1044584254504491
24   63   0.05491188521699848
24   64   0.047545279358182216
24   65   0.004360173904690834
24   69   0.07804785986223008
24   70   0.055207375846971725
24   71   0.0065077855716021565
24   72   0.018993066015296534
24   73   0.02791117749829683
24   76   0.052495866764234025
24   77   0.033427864001553065
24   78   0.04338797984329252
24   79   0.025517393861432574
24   80   0.03541294283274553
24   82   0.1503481471238228
24   83   0.004698897263841922
25   26   0.10116379721987831
25   27   0.0099289888412676
25   31   0.04907353024035018
25   34   0.09379324379500732
25   36   0.07533064976234714
25   37   0.05577261580227498
25   38   0.10348834040095825
25   42   0.041260122584707105
25   43   0.033211214151432106
25   44   0.08114280221472261
25   45   0.020546919432659305
25   49   0.13642928611864877
25   51   0.013731759708615211
25   60   0.07974730118262521
25   62   0.06871809861269011
25   67   0.011154240692171215
25   74   0.0509350434448351
25   75   0.02854074879448473
25   76   0.014391003276025396
25   80   0.11683007413737002
26   27   0.1404041767273562
26   28   0.011146224439032178
26   29   0.04934233875104141
26   30   0.0022070245190157
26   31   0.08028192327664249
26   33   0.06291498153821719
26   34   0.026891952796302843
26   36   0.06202794594628547
26   37   0.05255726395119026
26   38   0.03245180999759319
26   39   0.02745299768860446
26   42   0.17306159593760595
26   43   0.038751068281670235
26   44   0.06600209166403784
26   45   0.04392292978288847
26   46   0.111441753750937
26   49   0.10520548642062817
26   51   0.10719309367169523
26   52   0.07313131484234764
26   60   0.022551534346124776
26   62   0.03676301112476817
26   66   0.007090836891981464
26   67   0.07188022775502301
26   68   0.0708846488379984
26   71   0.10546555592349112
26   74   0.0938299733352573
26   75   0.06041699921064452
26   76   0.07781808837424956
26   80   0.06619661414808349
26   83   0.09176724238855613
27   28   0.06090199338483738
27   29   0.016584009332481
27   30   0.028218846974221886
27   31   0.026887789098180993
27   33   0.08866045652552963
27   34   0.057674496036840835
27   35   0.0026935081631773478
27   36   0.05706776817889015
27   37   0.057060772931871964
27   38   0.024096231076150942
27   39   0.022651008735251284
27   40   0.003991569644448693
27   41   0.07486926366757238
27   42   0.0008575618089573104
27   43   0.047042363150841794
27   44   0.06569953821078732
27   45   0.008364920587199263
27   46   0.04359696846555156
27   47   0.004097692202404479
27   49   0.2205505522743442
27   51   0.18340996861669742
27   52   0.11290330132463532
27   58   0.02881950385645927
27   60   0.03466425476049147
27   62   0.009595032028500563
27   65   0.00252980093869974
27   66   0.04304411801322864
27   67   0.06597187029993573
27   68   0.03745605851022201
27   70   0.08763488849480057
27   71   0.10247154579185713
27   72   0.0292248646792641
27   73   0.003327471424029222
27   74   0.12160262925249461
27   75   0.054552158796819086
27   76   0.07541410022977656
27   77   0.038573755792459495
27   80   0.024109698444769016
27   83   0.04856750543580911
27   84   0.00773226013292084
28   29   0.015269129021255781
28   30   0.018483714615035122
28   32   0.05000062575428521
28   33   0.004088352279739601
28   34   0.022484073107125867
28   35   0.012588083233232907
28   36   0.01625960421608413
28   37   0.01563105071909803
28   38   0.03914617932499398
28   39   0.0819713091155061
28   40   0.05172148911711283
28   41   0.05984914101766585
28   43   0.02982085328383745
28   45   0.03538320580286757
28   46   0.07311514437808574
28   47   0.056708554706709734
28   48   0.11618057704324182
28   50   0.005722268241091591
28   53   0.002493910600756723
28   55   0.18515008244201187
28   56   0.11009529583733296
28   57   0.033721111446318654
28   58   0.007711942308856443
28   59   0.0008953969555684748
28   61   0.058110907179508633
28   63   0.055907388400098484
28   64   0.09286776426114232
28   65   0.03352058253517176
28   69   0.045852546495388884
28   70   0.009138954941424539
28   71   0.09328134269983263
28   72   0.020690429006721314
28   73   0.03240354395425178
28   76   0.0008638759080837229
28   77   0.03523791502261312
28   78   0.038992634401645763
28   79   0.016920556694188182
28   82   0.020918590325157495
28   83   0.0985004823200188
29   30   0.0024946427024425625
29   32   0.09204834974035289
29   33   0.055461033473325365
29   34   0.03817382274815311
29   36   0.07467940538073863
29   38   0.030837381097034627
29   39   0.061471153442795946
29   40   0.1334315847116244
29   41   0.07742070834066773
29   42   0.08731022772522062
29   43   0.0509278803008291
29   58   0.11498569437264156
29   73   0.019275546146147616
29   77   0.07074713255824355
30   33   0.010565425058787492
30   34   0.053800429380723415
30   36   0.09668560257953725
30   37   0.03147035680691178
30   38   0.02629666605386614
30   39   0.07803021517044637
30   40   0.061013897297371285
30   41   0.017955508608627182
30   43   0.04940641209011947
30   45   0.05458880178388633
30   58   0.0429507132412338
30   65   0.056003334459379564
30   70   0.09436135708198386
30   71   0.06830359997899009
30   73   0.0752340585333616
30   77   0.065052123330223
30   78   0.10045693774495151
30   79   0.058310597543694415
31   34   0.10197241194338669
31   36   0.1080131923330072
31   37   0.023034327797454176
31   38   0.02183921496828011
31   42   0.08582641288577084
31   43   0.06950896680967814
31   44   0.05311253840455551
31   45   0.031061372394336793
31   49   0.0017845367530682314
31   51   0.020567048682105907
31   60   0.07571884664586101
31   62   0.0018259557637837953
31   67   0.001136772726181872
31   68   0.0030313587709026174
31   71   0.06275467775609693
31   74   0.007842731450082187
31   75   0.006591490079642162
31   76   0.05395042778141948
31   80   0.07899271765420005
32   34   0.047489447472412655
32   36   0.10795623598091895
32   38   0.003576772986604073
32   39   0.14041906882237684
32   40   0.02334723499392471
32   41   0.05644266413207734
32   42   0.06785178816477863
33   34   0.05106858069063764
33   36   0.025058360001941334
33   38   0.06345613911814789
33   43   0.07791923887938121
33   73   0.052290150449672675
33   77   0.11724699029375679
34   36   0.010781178284675137
34   37   0.13382968845692894
34   38   0.03752043728413434
34   39   0.06665131081123404
34   40   0.09215611975172334
34   41   0.2483075042890655
34   42   0.11544643978227417
34   43   0.04405680998088221
34   49   0.14951479957694616
34   51   0.08231253344797197
34   58   0.05413735251743702
34   62   0.022847743274079676
34   73   0.04846342918758218
34   75   0.06610245786661317
34   76   0.06150881373995195
34   77   0.003656488753175493
34   80   0.004577031796388205
35   36   0.06931239928989504
35   37   0.052929190753207414
35   38   0.03365648744288254
35   39   0.12998987253427763
35   40   0.053851138614345644
35   41   0.052162068332963045
35   42   0.13513664943152018
35   43   0.04567836351554009
35   44   0.05280520555600768
35   45   0.05755338994196603
35   46   0.05325178703741753
35   47   0.08032363764493028
35   48   0.0510759254878201
35   54   0.05711871266398937
35   64   0.06247564078144116
35   72   0.06240141431302038
35   84   0.20432554103886752
36   37   0.06029875791715805
36   38   0.04841693794634953
36   39   0.04442039248100598
36   40   0.18582392264197087
36   41   0.03372878901432187
36   42   0.07865404154050067
36   43   0.11616125064697559
36   44   0.0686345770378081
36   45   0.0008671893876144784
36   46   0.07804846548462264
36   47   0.004417510343195171
36   48   0.1489256751128737
36   51   0.09758795055759202
36   52   0.05913243098227313
36   56   0.03701928422102924
36   58   0.04439431288467066
36   64   0.02003910242814158
36   65   0.04824978408792274
36   66   0.0772247808808432
36   68   0.03591093430942382
36   70   0.013063449308268126
36   71   0.02880190288248974
36   72   0.026700456661833502
36   73   0.02209600305329474
36   74   0.013071334216913463
36   75   0.029753434890988226
36   76   0.08795202848370572
36   77   0.0024407494008839735
36   78   0.017628029352949003
36   79   0.09388084148318164
36   80   0.08508790834521815
36   82   0.14988897695205428
36   83   0.016497751918770703
36   84   0.013620779783854705
37   38   0.08895075190166614
37   39   0.043604992543776255
37   40   0.016458007476605346
37   41   0.050160607203842064
37   42   0.10589671269143061
37   43   0.13189533920467655
37   44   0.03003520473872625
37   45   0.10040830206388943
37   46   0.05405111046949672
37   49   0.0020783317952111965
37   51   0.07341387074084091
37   52   0.1254671914731768
37   60   0.02097636311086189
37   62   0.010116276171897
37   65   0.002927935677835863
37   67   0.12544715131526857
37   68   0.0008926776169121362
37   71   0.027616786042042738
37   72   0.03864728543293305
37   74   0.14522175133240486
37   75   0.0582574015722863
37   76   0.07958547991792475
37   80   0.05000187732686292
37   84   0.04868124233408868
38   39   0.0027409810889182135
38   40   0.12426516738967935
38   41   0.1636817392774022
38   42   0.051922227881077
38   43   0.03207430332405617
38   44   0.13620971716475314
38   45   0.03455830924134478
38   46   0.05499880287780326
38   48   0.08882209313589812
38   49   0.13437868145563397
38   51   0.0861693966190149
38   52   0.07324575861513388
38   56   0.0010571511177097546
38   58   0.07342235118371229
38   62   0.08736009163136965
38   65   0.05144554582558551
38   66   0.07022072506709932
38   67   0.06835549802217501
38   68   0.09583894699406735
38   71   0.0021177080287615216
38   72   0.03153584766322926
38   73   0.004307322248257774
38   74   0.006218732802136589
38   75   0.00968827795951865
38   76   0.053342743814046384
38   77   0.0022983383406077543
38   80   0.08855956236449987
38   84   0.04555152155570425
39   40   0.10760473639879227
39   41   0.11878193083953295
39   42   0.0006908523720638614
39   43   0.01282842731297034
39   44   0.10354520547877202
39   45   0.10284654160531799
39   46   0.12814375142331538
39   48   0.05926969191005563
39   51   0.13722240866230176
39   52   0.011342714756208596
39   65   0.11517647245991205
39   71   0.024612059026176494
39   72   0.0512458794630545
39   73   0.0585019439757208
39   75   0.025998101794653634
39   76   0.028189840928618412
39   77   0.005763689135870778
39   84   0.04401709226062765
40   41   0.02095948472576561
40   42   0.1096362780523363
40   43   0.06004541699244467
40   45   0.07758200477814266
40   47   0.04051994828995399
40   48   0.026538846367525678
40   53   0.012044358907874652
40   54   0.03099193470127338
40   56   0.05475301524509529
40   58   0.05834165216387744
40   59   0.06945306306761244
40   61   0.006013578322141396
40   64   0.05984071889492844
40   69   0.0785874339821359
40   73   0.03260523506284151
40   76   0.05639803154602639
40   77   0.025885416911669634
40   78   0.05076697941006409
40   84   0.09421964088982727
41   42   0.08490420710068242
41   43   0.1057792254053881
41   45   0.19139372582901368
41   46   0.11516813537256687
41   47   0.08263270135772936
41   48   0.09603118841839682
41   49   0.05169027876223999
41   57   0.12218663308307967
41   73   0.1263085292985729
41   77   0.016380475859378754
41   83   0.059242066784907496
41   84   0.042925911199710697
42   44   0.1576319365279196
42   45   0.054135877954574946
42   46   0.1627067193199221
42   48   0.052632907449468996
42   49   0.14098623254836187
42   51   0.03168132180222428
42   60   0.025634043610770665
42   62   0.04789065014846624
42   74   0.06994482756874741
42   75   0.021745430328686643
42   76   0.14484231766595831
42   80   0.013277590585313094
42   83   0.14598815566805923
43   44   0.08870206904263093
43   45   0.0969160736330792
43   46   0.06791421204248115
43   47   0.05761945482134718
43   48   0.0058746927202519535
43   49   0.08036152534763752
43   50   0.18591721670812997
43   51   0.07214744025396673
43   52   0.04446732623844091
43   53   0.04959453268098839
43   54   0.022779352784136675
43   55   0.07424031707976836
43   56   0.07630150604686296
43   57   0.017634836397309103
43   58   0.007691646378599707
43   59   0.013387528015399434
43   60   0.03336051275009252
43   61   0.03717747833460516
43   62   0.16372785449078778
43   63   0.0013154775416074345
43   64   0.11881129144071259
43   65   0.06209705385047559
43   66   0.024133905404308487
43   67   0.08498437390500377
43   68   0.07160162372709107
43   69   0.045577819814680766
43   70   0.1497521541142244
43   71   0.04983568150898511
43   72   0.1172627762284927
43   73   0.03911719345160291
43   74   0.11421364024413916
43   75   0.022004471972970518
43   76   0.06085089457862607
43   77   0.05157127553884163
43   78   0.0294473755731329
43   79   0.12044734833419211
43   80   0.0649915393182959
43   81   0.06996384313283774
43   82   0.007310298901999656
43   83   0.01453850019872795
43   84   0.07764380189504794
44   45   0.03661611166905969
44   46   0.10535804476300274
44   47   0.009531144305690827
44   48   0.018212039434292296
44   49   0.08516661909308154
44   51   0.08130668889336941
44   52   0.0776828822062059
44   56   0.09229083485094802
44   60   0.10360129337740333
44   62   0.08567017130014384
44   63   0.09165578734573322
44   65   0.07370592101989304
44   66   0.06718744448326908
44   67   0.07981429029435208
44   68   0.09944299477945005
44   70   0.13790164071183342
44   71   0.05828214200396263
44   72   0.0757926905088972
44   73   0.04836409173712435
44   74   0.05056500639604285
44   75   0.05971500454272067
44   76   0.10267671853511662
44   77   0.1091692823382717
44   79   0.15847749304576955
44   80   0.06407374363471874
44   83   0.07796220870918169
44   84   0.027594899812910353
45   46   0.11066778854008663
45   47   0.08438276828666197
45   48   0.12943767900369466
45   49   0.0801110992837637
45   50   0.08005851069818504
45   51   0.13547373392647905
45   52   0.02449234621747477
45   53   0.0028922113981589767
45   55   0.06453557499021005
45   56   0.038651538707199076
45   57   0.023491408748012952
45   58   0.028215697361864384
45   59   0.03299106474438854
45   60   0.11498943735055304
45   61   0.036420443545725274
45   62   0.0823972637431899
45   63   0.012656194521461871
45   64   0.0072542152966134695
45   65   0.07342523658175609
45   66   0.020350343043697507
45   67   0.16184375372543675
45   68   0.1024301521636273
45   69   0.031452669083304005
45   70   0.008103284063822368
45   71   0.007037951187846031
45   72   0.009271371575304797
45   73   0.02713031543744399
45   74   0.056321304346727954
45   75   0.09342582930126025
45   76   0.019816890089935233
45   77   0.042701453108335057
45   78   0.017721813708171958
45   79   0.029618437272419338
45   80   0.08415931230961488
45   81   0.0603543933604565
45   82   0.06520694564109392
45   83   0.03983322892328975
45   84   0.06429479252993671
46   47   0.002146661014244105
46   48   0.13865785865810873
46   49   0.04581044969433009
46   51   0.004225302724038134
46   52   0.014536688739178029
46   55   0.13903682692094158
46   56   0.017939700763458626
46   57   0.044489380846568435
46   58   0.1040757112116162
46   59   0.11818642864609617
46   60   0.1430873761697603
46   63   0.07298044617786802
46   64   0.013205023264077393
46   65   0.03109659725120656
46   66   0.03517412574058086
46   67   0.03460482806135309
46   68   0.13516413896371934
46   70   0.02133155533750637
46   71   0.005960527715594846
46   72   0.037215346325337045
46   73   0.0051830571440621975
46   75   0.04134165347841967
46   76   0.011539876821873725
46   77   0.04838099448521335
46   78   0.000357819657756275
46   79   0.05725249462868264
46   80   0.11394313528255694
46   81   0.15856582334782723
46   83   0.019624650228488794
46   84   0.02124476966189059
47   48   0.19150340803090565
47   49   0.06413867858975816
47   51   0.10326683554604005
47   52   0.010966933065136426
47   53   0.019302361465729983
47   54   0.019735080788365052
47   55   0.007675369269860373
47   56   0.05582984434061567
47   57   0.015366096768150617
47   58   0.03750982378950284
47   59   0.0311860993673559
47   61   0.031083697226286643
47   63   0.0037988203936554993
47   64   0.05165336189097571
47   65   0.09754765196524459
47   69   0.049860690492498694
47   70   0.11144259957299367
47   71   9.854459637201848e-05
47   72   0.05871027582173702
47   73   0.011807669605713236
47   75   0.02046471941566809
47   76   0.022844906525723373
47   77   0.027350267027710474
47   78   0.05051505316481268
47   79   0.08091022591388423
47   81   0.06293860168903305
47   83   0.06306358940917452
47   84   0.0454161941848503
48   49   0.05349111757817166
48   53   0.12890208739515016
48   54   0.05000546658128721
48   55   0.09676255292539901
48   56   0.022362293742527854
48   57   0.016530340990242157
48   58   0.16311958236232466
48   59   0.10775977235875758
48   60   0.042919478266287475
48   61   0.11692318404608205
48   62   0.2676019213792516
48   63   0.046101706781732726
48   64   0.13976042710726155
48   69   0.08380694340176913
48   70   0.13619306659833716
48   72   0.00623420912724628
48   73   0.07964297538988997
48   75   0.07801993240070405
48   76   0.08138636691281534
48   77   0.13807433827395807
48   78   0.01835674425161315
48   79   0.03827388020279902
48   81   0.06570710247030881
48   83   0.022688628496624015
48   84   0.09339296709398238
49   51   0.05979969276945435
49   57   0.0031898742511246195
49   58   0.017718022142281162
49   60   0.020957475695246676
49   62   0.09503906885017044
49   63   0.05758207514560761
49   67   0.05821606563219724
49   71   0.044619702175671294
49   73   0.025201695065999678
49   74   0.0013259419429590752
49   75   0.058492029868025784
49   76   0.11805098068674506
49   80   0.010593674069988264
49   83   0.03688121371601245
49   84   0.10982734706567855
50   52   0.08403321559280075
50   56   0.09475353780666272
50   57   0.027535889291232754
50   58   0.00022438649219667245
50   59   0.03999871730410339
50   63   0.06119742470282788
50   66   0.07929789216873581
50   68   0.04662158960731675
50   70   0.04634254207128645
50   72   0.09672953388519553
50   73   0.009670903426550005
50   75   0.03480844954229779
50   76   0.040787860153280425
50   77   0.03828850261525821
50   78   0.04447032401820794
50   79   0.09218362520431272
50   82   0.015286058743803035
50   83   0.025078609777518548
51   52   0.06448082427948626
51   54   0.056049143212645605
51   58   0.06532056804263159
51   60   0.015211979092189657
51   62   0.09551215331384959
51   64   0.08717189967001562
51   65   0.04864839689784837
51   66   0.16005666578428335
51   68   0.04467508866531121
51   71   0.0014391713618654546
51   72   0.13521111741692
51   73   0.004827938005664243
51   74   0.16149083874600662
51   75   0.09023663416946388
51   76   0.09816290516433678
51   77   0.03900005573671293
51   80   0.04843613829632199
51   83   0.002079564501499795
52   55   0.07329320691765287
52   56   0.13631968032954536
52   57   0.0014416284015011452
52   59   0.12587681063420397
52   63   0.0665703630895858
52   66   0.03278562290095278
52   67   0.0509274057399722
52   68   0.07695284533666837
52   70   0.14234083393971306
52   71   0.013182083812451213
52   72   0.021966929080884857
52   73   0.011886694065278702
52   75   0.09112825538975208
52   76   0.009307961577443923
52   77   0.09253871663016851
52   78   0.04493372017747784
52   79   0.063674716001426
52   83   0.05157393919300052
53   54   0.060631593948306056
53   55   0.004991895774495492
53   56   0.012753237590245069
53   57   0.011758072114135732
53   58   0.0434314268532951
53   59   0.004532301217892658
53   61   0.006915764566199934
53   63   0.03091956765102433
53   64   0.10173334384603454
53   69   0.08762905238423767
53   73   0.0242183448652932
53   77   0.07369967583788495
53   78   0.04181910036674202
53   83   0.06477853927794816
54   55   0.05118920376393771
54   56   0.07145236586408352
54   57   0.029396955437075382
54   58   0.07147973419978505
54   59   0.013074763519788089
54   61   0.13482463372092787
54   64   0.09920031336013074
54   69   0.09397685410991595
54   71   0.03319383106735813
54   73   0.04202895448227869
54   76   0.09783088276123796
54   77   0.00916703109321694
54   78   0.016594637076989226
54   81   0.17508527635325744
54   83   0.025466649977702493
54   84   0.08037849535149548
55   56   0.004706915954555026
55   57   0.0668725080593989
55   58   0.06844678838438761
55   59   0.09663585801041966
55   61   0.009733357144148474
55   63   0.10560166073931573
55   64   0.04696060419950442
55   69   0.0014509056446789584
55   72   0.020690933497379584
55   73   0.11883533694375786
55   77   0.014959872734089939
55   78   0.06924600470658195
55   81   0.06787686735082518
55   83   0.015926412458146105
56   57   0.012001001427215515
56   58   0.0284545406569471
56   59   0.05190611431309135
56   60   0.050826723115661054
56   61   0.0070667277801643455
56   63   0.030059658772848007
56   64   0.11911942811151252
56   66   0.03141180472322743
56   67   0.003203739704318129
56   68   0.04206569771304615
56   69   0.03811444927449154
56   70   0.028539554269252414
56   72   0.0649592149639731
56   73   0.06781865542597765
56   75   0.0886921424040606
56   76   0.036699749716498725
56   77   0.046157543550445435
56   78   0.01550065972939237
56   79   0.04936747967856343
56   81   0.12975518478351392
56   82   0.096564200664415
56   83   0.033747516499951474
57   58   0.015054257981019508
57   59   0.007614234625229902
57   60   0.006927304480812611
57   61   0.03210075868432367
57   63   0.06862383420559791
57   64   0.07561862940025145
57   66   0.023950943962738898
57   67   0.02895132527608962
57   68   0.10557542383895532
57   69   0.017345218703895486
57   70   0.01481775334876411
57   72   0.044473796370041056
57   73   0.07070077767475955
57   75   0.05280043494247556
57   76   0.07532435395403735
57   77   0.011637425405241783
57   78   0.10527410091165147
57   79   0.06569230830098506
57   81   0.08947355061603546
57   83   0.004203419271025195
58   59   0.04631164936392266
58   61   0.0230134835888629
58   62   0.1593217311679395
58   63   0.06737828374312595
58   64   0.07979105444228891
58   69   0.06663897943320032
58   71   0.09315560508464714
58   73   0.028322472552973217
58   74   0.11871589546905369
58   75   0.06136921279717657
58   76   0.086863534246612
58   77   0.04315525906114654
58   78   0.01235530528483116
58   79   0.015325285807632072
58   80   0.01849844417144586
58   82   0.08808063532165997
58   83   0.07628749427673322
59   60   0.034016005950190754
59   61   0.020702121550440503
59   63   0.01718048040966684
59   64   0.06727352331310348
59   69   0.05613984212957571
59   73   0.09113351862488803
59   77   0.041748550596027
59   78   0.03233187346437076
59   81   0.1322339308375937
59   82   0.12443384155895014
59   83   0.007610965074650962
60   61   0.041873740437071996
60   62   0.08030871189682728
60   63   0.08282945974860115
60   66   0.10562804733991447
60   67   0.12978100183391658
60   68   0.19862301253609418
60   70   0.039950729944347195
60   72   0.01887710831370861
60   74   0.001112822134762439
60   75   0.027303643820869812
60   76   0.1641688228953156
60   78   0.1387648630975633
60   79   0.13517960460317718
60   80   0.08184073425356429
60   81   0.013886282244114482
60   83   0.09217095378668873
61   63   0.0033710321306538982
61   64   0.01665231951579068
61   69   0.0717151928632897
61   73   0.010594519162518022
61   77   0.016992307376939502
61   78   0.0017334529764146721
61   81   0.21492165080085393
61   83   0.031894267298001946
62   67   0.07269926657146854
62   71   0.09273770686347159
62   73   0.06160520770172029
62   74   0.026582281331277654
62   75   0.02651925898102276
62   76   0.10986392618450676
62   78   0.14128791434508145
62   80   0.10249496704192397
62   81   0.12767369120010108
62   83   0.06868662949939093
63   64   0.09845919212593669
63   66   0.03396935439103032
63   67   0.07477110850444971
63   68   0.05079280709745344
63   69   0.042961058149950444
63   70   0.02439399231745854
63   72   0.032201896456695155
63   73   0.036962400347160924
63   75   0.04858977076016554
63   76   0.035469948470714205
63   77   0.02601108371588102
63   78   0.1026933027058035
63   79   0.06731172097700744
63   80   0.15934900157933873
63   81   0.03975892382726812
63   82   0.08638312999801899
63   83   0.00448383528173944
64   69   0.023186238747389086
64   70   0.03929254703418599
64   71   0.0810962105541869
64   72   0.03185739095513859
64   73   0.05970984542553571
64   74   0.04446290215482783
64   76   0.11443462235955079
64   77   0.07365885909977304
64   78   0.038312204277937585
64   79   0.12071424314101405
64   81   0.025823980388814477
64   83   0.08079789606818684
64   84   0.06549427706721145
65   70   0.1729335823294343
65   71   0.010957512986892341
65   72   0.03370979107302662
65   73   0.058548387467855165
65   76   0.07762920270481018
65   77   0.12042945068252646
65   79   0.11252444400261129
65   82   0.0720225470263394
65   83   0.016589510467162522
65   84   0.05070161564384338
66   67   0.07980934162354013
66   68   0.006063862311888951
66   70   0.024250962539797923
66   71   0.01767134448809528
66   72   0.04802345273202036
66   73   0.038300785260183864
66   75   0.11727187943142914
66   76   0.018661333935661936
66   77   0.007426997038987224
66   78   0.001478777201243768
66   79   0.028469587708646993
66   82   0.008795303801810313
66   83   0.05306992067928532
67   68   0.06392783615403666
67   70   0.1424865020137133
67   72   0.04441569541538396
67   74   0.04355305827956765
67   75   0.029046706921543135
67   76   0.11960002451696708
67   77   0.16603301797572853
67   78   0.08506121374294713
67   79   0.04420818044239083
67   80   0.16634195223461987
67   83   0.07094073263823808
68   70   0.06669456835630755
68   72   0.06117682866483454
68   74   0.04132676346762868
68   75   0.062418874018115064
68   76   0.08292705069538875
68   77   0.03629375043505655
68   78   0.08647727337889853
68   79   0.04141214497291948
68   80   0.031007679711882938
68   82   0.07961344351103164
68   83   0.04725728058166329
69   73   0.0757207915829641
69   77   0.04122038639546896
69   78   0.013785989748090303
69   83   0.035602060695666154
70   71   0.022786215545522723
70   72   0.009890045479458176
70   73   0.12473502678823048
70   75   0.06640292136444355
70   76   0.015014039590802782
70   77   0.0426002413805056
70   78   0.03236370141270189
70   79   0.020447440186982423
70   82   0.056968647420801925
70   83   0.059229846736806174
70   84   0.06823357132056253
71   72   0.0175431824221999
71   73   0.008617927304609375
71   74   0.08479325753919668
71   75   0.060349996220362905
71   76   0.0229582506274156
71   77   0.04663215119530909
71   78   0.03273091114141241
71   79   0.1220219201286086
71   80   0.08924740641350552
71   83   0.13488476958036916
72   73   0.009093804964507691
72   75   0.029916508014381872
72   76   0.05229007447972285
72   77   0.02619453467806592
72   78   0.038857842696940835
72   79   0.01770849047168366
72   82   0.15456411928256308
72   83   0.040596666789318316
72   84   0.05362679775846483
73   74   0.09568131506992009
73   75   0.09613808089501621
73   76   0.008094092220911621
73   77   0.059327689612756924
73   78   0.01528387362993573
73   79   0.06220590167898458
73   80   0.012682812478805002
73   81   0.15142630444112143
73   82   0.04936115924543091
73   83   0.07473316806151045
74   75   0.0606690230777191
74   76   0.01316581722938436
74   80   0.15487822401881748
74   83   0.09455447518520015
75   76   0.003334162655979735
75   77   0.07857335560096171
75   78   0.04054726706031731
75   79   0.06203011147832421
75   80   0.008095819121885305
75   82   0.12201804681018003
75   83   0.037338438572781685
76   77   0.01729864785898536
76   78   0.044186222919890765
76   79   0.041668978750851085
76   80   0.1090161755426071
76   82   0.22135183948862117
76   83   0.007910693675592247
76   84   0.05921379976765758
77   78   0.015587543062739352
77   79   0.014803433455894282
77   81   0.00012615247566117896
77   82   0.02332510886255666
77   83   0.01479188751592771
77   84   0.06306265846891816
78   79   0.10608371149502811
78   80   0.05468412615947784
78   81   0.07288091694205938
78   82   0.014435293939985648
78   83   0.006540382351959474
79   82   0.06390020674666651
79   83   0.0651972349766444
80   83   0.0659773161838967
81   83   0.047861151482680435
82   83   0.08409932494152474
