1   7   0.10424355794644667
1   8   0.036842924205321655
1   14   0.0007845014670739184
1   23   0.136083039336984
1   29   0.07057439379709302
1   30   0.2252510697470886
2   9   0.062404038993763254
2   13   0.07729510864791321
2   22   0.009295317643467707
2   24   0.06261795195143507
2   25   0.027355556516550913
2   26   0.047801316364609756
2   27   0.034160865523624094
2   31   0.02656817444774356
2   36   0.05258034565464541
2   37   0.08630719173772954
2   38   0.03268046799446369
2   42   0.024517245569818578
2   51   0.11011639745285048
2   76   0.06079845749798748
3   7   0.05967155239878406
3   8   0.00015965026016215726
3   17   0.15011707622690157
3   21   0.18920320029667362
3   23   0.10386397757706556
3   26   0.05256284945802628
3   27   0.11607600928561956
3   36   0.22499606961027363
3   37   0.12457307213214001
3   38   0.19648342410909436
3   39   0.03010765471338127
3   52   0.13678727277871974
3   76   0.09716733398318024
4   9   0.14389340144675858
4   10   0.03926818895782354
4   12   0.07747099378046907
4   15   0.143983257202893
4   20   0.1313156299632825
4   24   0.18110572322799395
4   28   0.0638408750977581
5   6   0.11006515078350966
5   12   0.0028852548744866457
5   15   0.013983864215890696
5   24   0.1429434381553204
5   32   0.03710055056630356
5   34   0.042765067622190796
5   40   0.002964061892166565
5   41   0.015076635258716345
6   7   0.07061124327879333
6   8   0.11510958642806882
6   10   0.08495330763572541
6   12   0.19723282259421152
6   15   0.01407424909813335
6   28   0.08109364371668729
6   32   0.1004142588508804
6   40   0.06867471800775275
6   41   0.036151613443951146
7   8   0.0021132545837315997
7   10   0.042793595288920655
7   14   0.03854134459956936
7   23   0.11333665853086743
7   24   0.14164663534342953
7   28   0.058026178742713735
7   29   0.013724395872097525
7   30   0.013478923044298919
7   33   0.13826683610109702
7   36   0.03342948248129088
7   38   0.017027491064942786
8   10   0.011956712802406188
8   12   0.12688889658593067
8   14   0.14531460851010464
8   17   0.11321163697748217
8   23   0.006384714768166398
8   28   0.034448312222132696
8   30   0.03120916638035404
8   32   0.08518366083639092
8   40   0.03798668926272476
8   41   0.11012367952057095
9   10   0.10852491236574233
9   12   0.011495064114451652
9   15   0.11726013508753086
9   20   0.1280655578029786
9   22   0.03793221286423182
9   24   0.05614717264228468
9   27   0.01848344284484959
9   28   0.0033861559988922992
9   36   0.13213109439136023
9   40   0.07196500815206207
9   58   0.07298978100541684
9   73   0.1112691087295821
9   77   0.11082435859394102
10   12   0.06387681900017575
10   14   0.08156731770974228
10   15   0.07272382276979568
10   20   0.102531424831439
10   28   0.009566049960375389
10   29   0.018949595482459072
10   34   0.04797810791473131
10   36   0.1254089503963526
10   40   0.060372162715956766
10   41   0.02246194988921102
11   13   0.033095816315317925
11   17   0.06743773615561471
11   18   0.02727357741986542
11   19   0.12385540807744609
11   25   0.10661399778052377
11   26   0.005136231203817225
11   27   0.08274224868154535
11   31   0.07000427660974447
11   34   0.026990070135003444
11   37   0.04248459548844948
11   38   0.08946034521092568
11   42   0.046806602308290854
11   49   0.010060279252504486
11   62   0.13134119573620023
11   80   0.22613631915270227
12   15   0.022638553152113265
12   20   0.269018145068343
12   24   0.056792182552064904
12   28   0.04266963981210004
12   40   0.03517654642331171
13   25   0.07396131280800317
13   26   0.11163318503112105
13   27   0.012959171632540574
13   31   0.10694580411020721
13   34   0.08219117560718706
13   36   0.0022013827757179165
13   37   0.01885515524293914
13   38   0.04049881260733254
13   41   0.028490558788860747
13   42   0.002283456894968105
13   44   0.10461004663337718
13   49   0.08546968528025568
13   62   0.05531547758138959
13   74   0.018629823630459515
13   75   0.02385821194825027
13   76   0.038738751068583016
13   80   0.03341859870817323
14   17   0.10922532662890844
14   23   0.014243619173716634
14   28   0.0062341822879646526
14   29   0.031342784908320896
14   30   0.16788733906219844
14   32   0.13817682308094376
14   34   0.006621189913276602
14   41   0.16163081106830726
15   20   0.129029298692647
15   24   0.09863487368243959
15   28   0.13198815285985677
15   36   0.010591843775792796
15   40   0.08559407325166411
16   21   0.12043709634506118
16   22   0.009658974545274835
16   23   0.08982571495365536
16   24   0.28048880897453904
16   27   0.012119519913991626
16   28   0.007856224210537907
16   36   0.1709094739832545
16   38   0.1649899060997802
16   39   0.16044140390739792
16   65   0.22584175955654295
16   71   0.07922291152692608
16   72   0.18962218452542687
16   76   0.007982830471672048
17   18   0.022618741016601596
17   19   0.008771371532586513
17   21   0.0266248850788521
17   23   0.10884141904587147
17   26   0.05931340960631917
17   27   0.1850972701504146
17   29   0.02857847146908039
17   30   0.12165440289689483
17   34   0.060829252120276275
17   36   0.058651610666599324
17   37   0.01668535077960317
17   38   0.003982093262272179
17   76   0.10892495626709595
18   19   0.12191343727028901
18   26   0.09063568626416423
18   27   0.04358909741128777
18   31   0.02943407618755327
18   34   0.052047108379841736
18   36   0.05766363926824484
18   37   0.05205155735543884
18   38   0.006740178490982513
18   75   0.2402018061624279
18   76   0.21846916002706535
19   26   0.0639916365836573
19   27   0.030044692166681555
19   34   0.06193835457749424
19   36   0.08293100590325866
19   37   0.04938926137437021
19   38   0.01315193827231556
19   76   0.15239263948852266
20   24   0.026291788065063444
20   28   0.05388452281313702
21   23   0.11325903681808645
21   28   0.16720573498424643
21   30   0.05343135424299111
21   33   0.028509676327918308
21   34   0.08910512222126199
21   36   0.1436693540889793
21   37   0.08967435601490145
21   38   0.029386389541083992
21   39   0.00718978829393285
21   40   0.06541321000042147
22   23   0.055848996832238665
22   24   0.10414044047052815
22   25   0.09625844207865591
22   27   0.0782172398310384
22   28   0.10315453976909268
22   65   0.16401404535458058
22   71   0.14147185863319267
22   72   0.10528196828969962
22   76   0.03044138300063085
23   27   0.11036143655203202
23   28   0.11577449326830364
23   29   0.008822533321851097
23   30   0.023217018774649472
23   34   0.03034683840546128
23   36   0.057927552197992546
23   37   0.08247284815233649
23   38   0.06923634603955008
23   39   0.12324719712340138
23   40   0.06504465943754359
23   65   0.08016487951456953
23   71   0.029964955736224735
23   72   0.14051626510532905
23   76   0.029825151499592466
24   27   0.08172890789418834
24   28   0.04062552188358553
24   33   0.03384198770465013
24   36   0.09098026319416547
24   40   0.012020731883118519
24   58   0.17868877379607953
24   71   0.006117309298288466
24   73   0.18395208147413547
24   77   0.1548349983479135
25   26   0.003814443696281974
25   27   0.007991200345923663
25   31   0.04231872977715628
25   42   0.06733437217703567
25   49   0.1737702776653264
25   62   0.15256775551068397
25   74   0.14660639996585959
25   75   0.004955673226348043
25   76   0.033833284662541346
25   80   0.1420626220094325
26   27   0.003919888912470889
26   31   0.0015416479907305808
26   34   0.101752528686989
26   36   0.01311714966009855
26   37   0.11160201843024954
26   38   0.012893201515622548
26   39   0.12157488544347742
26   42   0.13963461828412
26   51   0.0972752996459985
26   62   0.0407374535393977
26   67   0.021318064249415156
26   74   0.15780937880702525
26   75   0.11725149628182434
26   76   0.1110751410817711
26   80   0.07008529257513123
27   28   0.05191205983901324
27   31   0.09748718540120144
27   34   0.1269937428742594
27   36   0.09324358809314244
27   37   0.09200174991694107
27   38   0.14830260893505484
27   39   0.31549516252047627
27   43   0.019216368055177367
27   44   0.025164080342065888
27   45   0.015668756492539203
27   46   0.019432426233092805
27   51   0.11007667905272055
27   52   0.1890101160832676
27   62   0.0719555549348866
27   65   0.06600682134478929
27   66   0.10117662783179684
27   67   0.1006105606318742
27   68   0.024835919254617225
27   71   0.005222615685029705
27   72   0.15971408492194966
27   74   0.10205024138181377
27   75   0.02935451406986744
27   76   0.022146794214497043
27   80   0.05611891801033128
28   29   0.01109964236588146
28   30   0.05742458835694555
28   33   0.007465003718214475
28   34   0.09613909924261321
28   36   0.028760192804935383
28   38   0.1363891357413924
28   39   0.03694702529041393
28   40   0.06013720275477247
28   58   0.07383113098120248
28   73   0.09273214864116006
28   77   0.14623124645064484
29   30   0.07473308230541885
29   32   0.034015181986925935
29   33   0.06912460032268408
29   34   0.040719484919533415
29   41   0.066299901661603
30   33   0.09459834681981263
30   34   0.012306263033739348
30   36   0.031149446861205583
30   38   0.029021708979405782
31   34   0.12322285284796813
31   37   0.06038488838039166
31   38   0.03464547574797673
31   62   0.13042668629213586
31   74   0.06910227639386729
31   75   0.11061003962060473
31   76   0.13470200318005865
31   80   0.03299447208918472
32   34   0.00476408428965303
32   36   0.11558658953396772
32   40   0.09055009753394852
32   41   0.08200330894974713
33   34   0.040550253997344146
33   38   0.02868429199535028
34   36   0.12438736583379754
34   38   0.03705217668531221
34   41   0.0028855723426581916
34   42   0.11450963307513773
35   36   0.019345829874252773
35   39   0.1107841006246452
35   46   0.01370426456952413
35   84   0.024630572801981773
36   37   0.012629402526823586
36   38   0.10537235901065381
36   39   0.07829204763895094
36   40   0.08595024558637651
36   41   0.03199574692951714
36   42   0.050485060005531164
36   76   0.056216930462383116
36   84   0.08614198861087058
37   38   0.10818827523969102
37   39   0.02336875916702993
37   42   0.03876414984517349
37   76   0.0688904661318909
38   39   0.052699616559019585
38   41   0.0031742785301844805
38   42   0.07872369395412296
38   76   0.057865000365936746
39   40   0.08267875396231142
39   41   0.06721868430421689
39   76   0.11324797822334062
39   84   0.09759930273738517
40   41   0.060979126348388916
42   44   0.15059668441790247
42   49   0.0033235682114258597
42   62   0.022061149860188013
43   44   0.01735483650655964
43   45   0.10818729289261177
43   46   0.12623216700239473
43   47   0.14411976650738847
43   48   0.12613662398857245
43   49   0.025133181833950444
43   51   0.0196602376059552
43   52   0.0397520238245627
43   56   0.002185388608811594
43   58   0.05274429711285943
43   59   0.09325339268594401
43   64   0.10803642539787223
43   65   0.09227327309071373
43   67   0.05256621181621316
43   68   0.032311567377754584
43   70   0.12314321870272887
43   71   0.1599128376088593
43   72   0.0287591207349255
43   73   0.05506679706249971
43   75   0.0745109085965517
43   76   0.11142135554413629
43   77   0.12889325201097307
43   81   0.12428011027205614
43   83   0.14269873220580828
43   84   0.005494236486943164
44   45   0.05648667759397936
44   46   0.039875822417242135
44   49   0.062496197956213986
44   51   0.06175113836107683
44   52   0.04334599611997276
44   60   0.047849583430097126
44   62   0.04654502328050939
44   66   0.06242828579923611
44   67   0.014182046918418472
44   68   0.025906720555110507
44   70   0.0020856463385603478
44   72   0.03342987382254866
44   75   0.03933101141317065
44   76   0.03674904247304618
44   80   0.051983113297858576
45   46   0.01449168356921466
45   48   0.0823160815254755
45   49   0.0028994162801669336
45   51   0.025210255482624584
45   52   0.028171527740757756
45   56   0.019260784876601055
45   59   0.06641903812081108
45   60   0.0172404964960899
45   62   0.0007300948412656067
45   66   0.015005513460160045
45   67   0.07471114877516606
45   68   0.020219153732457255
45   70   0.06522529382927442
45   72   0.11907598000423758
45   73   0.05239405339676119
45   75   0.11845625314313407
45   76   0.11069157179830845
45   77   0.157204768483917
45   78   0.014486154117452821
45   79   0.02916807014072561
45   80   0.06063615375562922
45   82   0.1746057770606955
45   83   0.05483520794732768
46   47   0.02076001459143292
46   48   0.09672542584550534
46   52   0.06795627410643099
46   65   0.10497643494737267
46   70   0.04179912014972226
46   72   0.07428770863605103
46   75   0.18067570768546767
46   76   0.16010559428336188
46   77   0.02260485656268515
46   84   0.12072041565743094
47   48   0.05251332833500256
47   54   0.045405445169995354
47   55   0.008537046574619518
47   56   0.01978905550452251
47   57   0.026062224375136712
47   58   0.15154229778889877
47   59   0.004951484769242671
47   61   0.11805718348672313
47   63   0.01899773859421381
47   64   0.08167832907135118
47   72   0.13425546518609338
47   73   0.06505425957056249
47   77   0.06937092481206103
47   81   0.003562349200264278
48   54   0.10535121525439192
48   55   0.0469340897113551
48   57   0.00603334503312455
48   59   0.012383747142095874
48   63   0.055930242754851006
48   77   0.1022595274645829
48   78   0.08069988335649085
48   81   0.06655224368242586
48   83   0.07086952766116397
49   51   0.017924354978222742
49   60   0.03626638578886316
49   62   0.028208749817519
49   74   0.1251759076366686
49   80   0.1320978874799977
49   83   0.08492019891221465
50   56   0.15015939105564563
50   57   0.18634043711552511
50   63   0.0808703437886174
50   77   0.052156993900593286
50   78   0.2805215044158203
50   79   0.118102087787795
51   58   0.07747205415548185
51   62   0.036270684909897245
51   71   0.0776480022693109
51   73   0.01069246519287897
51   74   0.03531732814519898
51   75   0.08908805997451315
51   76   0.01383295231598553
52   56   0.019294898510105393
52   57   0.1427564166085734
52   66   0.12981908948784238
52   68   0.050577775513149806
52   72   0.07431609358792833
52   75   0.04682279324247278
52   76   0.13164232063895104
52   77   0.02677932769714758
53   58   0.09757625196216836
53   59   0.0485173124884689
53   61   0.04131346982763909
53   69   0.1206075939485481
53   73   0.09385215544871162
53   77   0.012169231723204218
54   55   0.19141154854582212
54   64   0.16224561803465185
54   73   0.030069336853046396
54   81   0.07346592488301434
54   83   0.1915421804430495
55   56   0.12008812146356082
55   57   0.06465200689302905
55   59   0.057934939732376636
55   61   0.029791263750978996
55   64   0.27960187977834927
55   77   0.07504983809872454
55   81   0.1547602646737851
56   57   0.17563390588003114
56   59   0.042688935931347934
56   63   0.08374169149863593
56   66   0.058169518047273466
56   70   0.10569587519337065
56   72   0.011958712414325738
56   73   0.06095255783534656
56   77   0.06519059653832482
56   78   0.06355283268759748
56   79   0.04014273464979598
56   82   0.20651698395028795
56   83   0.01540895899207529
57   59   0.016191878443822035
57   61   0.15586850151224815
57   63   0.14311234165848635
57   64   0.006465768546986426
57   77   0.1989760622282407
57   79   0.09959161415976284
57   81   0.1486964743172155
58   59   0.03171101739941077
58   61   0.04153198815612228
58   64   0.003404235095447059
58   71   0.08921269489377763
58   73   0.10189125441452802
58   76   0.08211563298319556
58   77   0.003472796822350298
59   61   0.00048245757340095746
59   63   0.07454662729487443
59   64   0.019161721608681997
59   69   0.0016736250720541742
59   77   0.05238903391157433
59   78   0.012533762466949623
59   83   0.11718620517330386
60   62   0.007955520525040035
60   67   0.06734378401455314
60   68   0.002236449238278374
60   74   0.08316680410695129
60   75   0.07305014455546155
60   80   0.05470097313908604
60   83   0.16399798839597862
61   64   0.03593361062538031
61   69   0.08801754973497382
61   73   0.02791713673581408
61   77   0.016704195891157885
62   74   0.19638709044622052
62   75   0.005274053900703143
62   76   0.01062448653487496
62   80   0.03723516364194137
62   83   0.022325585360576605
63   75   0.05054786784124961
63   77   0.13284245413668935
63   78   0.020393873178712798
63   79   0.17086786678274196
63   81   0.20706961140348215
63   83   0.07217526933216487
64   69   0.07467727746448459
64   73   0.055477220178054315
64   77   0.0933491408948593
65   70   0.019463446674832394
65   71   0.07977053075496054
65   72   0.11600221894159342
65   73   0.1958258329782139
65   76   0.08373965976969774
65   77   0.15522995566704778
66   67   0.021168393600679025
66   68   0.06491783278070487
66   70   0.04277064716916353
66   72   0.00401937004549051
66   75   0.02375736324967114
66   76   0.08684958846885718
66   79   0.012595890969985733
66   83   0.03753619607309605
67   68   0.0411747792401329
67   75   0.0969145641531463
67   76   0.04224128070138032
67   80   0.0513390960088123
67   83   0.021868478673077653
68   72   0.054766691221927094
68   75   0.1244404517496805
68   76   0.10009112520901732
68   79   0.06481390532420937
68   83   0.015086227667019439
69   73   0.0516205627276874
69   77   0.09622959846930794
70   72   0.022997077391514513
70   77   0.08240087048828469
70   79   0.07326965861314712
70   82   0.14357336437842905
70   83   0.0868261908375233
71   72   0.12351561030234515
71   73   0.07123835641415836
71   74   0.13298420289016952
71   76   0.09442461860946526
71   77   0.016797670520853535
72   75   0.05934237569423949
72   76   0.01716410977929543
72   77   0.11811592649674119
72   79   0.07448500115099087
72   83   0.06210657352641983
73   76   0.015915812339320275
73   77   0.13666879153259884
73   78   0.11831114256049156
73   82   0.03613291752856217
74   75   0.10687448023361776
74   76   0.04256529718598009
74   80   0.02220916053714313
75   76   0.028795161499883242
75   80   0.029976274812851023
75   83   0.045263236842697646
76   80   0.019233942917953245
76   83   0.018867952827949362
77   78   0.18870255216370146
77   79   0.15188124216946344
77   82   0.053252344960951936
77   83   0.14027812048516283
78   79   0.21041391893691555
78   81   0.07728784666807646
78   82   0.002767270143036982
78   83   0.0006279448052533261
79   82   0.129762675320576
79   83   0.0003124834738228441
80   83   0.019458684651017525
81   83   0.008366472500092738
82   83   0.012042751220171382
