1   3   0.066
1   6   0.104
1   7   0.072
1   8   0.153
1   10   0.068
1   14   0.05
1   17   0.121
1   19   0.034
1   21   0.038
1   23   0.129
1   24   0.04
1   26   0.119
1   27   0.054
1   28   0.025
1   29   0.032
1   30   0.164
1   33   0.022
1   34   0.009
1   36   0.028
1   38   0.08
1   73   0.081
1   77   0.025
2   3   0.018
2   9   0.009
2   11   0.006
2   13   0.094
2   15   0.049
2   16   0.038
2   17   0.006
2   18   0.03
2   19   0.039
2   22   0.06
2   23   0.009
2   24   0.07
2   25   0.181
2   26   0.011
2   27   0.11
2   28   0.162
2   31   0.052
2   34   0.057
2   36   0.082
2   37   0.035
2   38   0.09
2   39   0.107
2   42   0.104
2   43   0.012
2   44   0.072
2   45   0.177
2   49   0.054
2   51   0.126
2   52   0.075
2   60   0.023
2   62   0.09
2   66   0.023
2   68   0.011
2   71   0.118
2   72   0.024
2   74   0.001
2   75   0.001
2   76   0.089
2   80   0.081
3   6   0.06
3   7   0.047
3   8   0.004
3   10   0.1
3   14   0.009
3   17   0.039
3   18   0.045
3   21   0.118
3   22   0.018
3   23   0.138
3   24   0.02
3   26   0.049
3   27   0.052
3   28   0.069
3   29   0.028
3   30   0.023
3   33   0.035
3   34   0.054
3   36   0.121
3   37   0.101
3   38   0.003
3   39   0.019
3   40   0.051
3   43   0.04
3   44   0.05
3   45   0.135
3   46   0.046
3   51   0.014
3   52   0.013
3   65   0.089
3   66   0.035
3   68   0.217
3   71   0.026
3   72   0.224
3   75   0.121
3   76   0.001
4   5   0.063
4   6   0.11
4   7   0.015
4   8   0.153
4   9   0.132
4   10   0.139
4   12   0.07
4   14   0.166
4   15   0.007
4   20   0.051
4   24   0.104
4   28   0.044
4   29   0.159
4   34   0.195
4   36   0.202
4   38   0.2
4   40   0.015
4   41   0.088
4   47   0.056
4   53   0.05
4   58   0.065
4   59   0.027
4   61   0.071
4   64   0.131
4   69   0.003
4   73   0.01
4   77   0.093
5   6   0.112
5   7   0.026
5   8   0.138
5   9   0.03
5   10   0.001
5   12   0.039
5   15   0.016
5   20   0.039
5   24   0.001
5   27   0.14
5   28   0.036
5   29   0.125
5   32   0.103
5   34   0.026
5   35   0.098
5   36   0.047
5   40   0.004
5   41   0.085
5   47   0.012
5   84   0.161
6   7   0.044
6   8   0.034
6   9   0.035
6   10   0.103
6   12   0.039
6   13   0.094
6   14   0.031
6   15   0.02
6   17   0.026
6   20   0.036
6   23   0.118
6   24   0.049
6   26   0.091
6   28   0.051
6   29   0.092
6   30   0.092
6   32   0.102
6   34   0.046
6   36   0.049
6   38   0.088
6   39   0.148
6   40   0.025
6   41   0.078
6   42   0.188
6   47   0.013
6   58   0.016
6   59   0.083
6   73   0.059
6   77   0.041
7   8   0.023
7   9   0.049
7   10   0.083
7   12   0.026
7   14   0.127
7   15   0.09
7   17   0.02
7   19   0.049
7   20   0.04
7   21   0.023
7   23   0.066
7   24   0.067
7   26   0.104
7   27   0.009
7   28   0.039
7   29   0.106
7   30   0.036
7   32   0.011
7   33   0.144
7   34   0.141
7   36   0.041
7   37   0.011
7   38   0.006
7   39   0.078
7   40   0.019
7   41   0.025
7   43   0.051
7   45   0.114
7   47   0.135
7   58   0.029
7   73   0.047
7   77   0.034
8   9   0.041
8   10   0.024
8   12   0.049
8   13   0.023
8   14   0.184
8   15   0.04
8   17   0.061
8   19   0.01
8   20   0.13
8   21   0.07
8   23   0.004
8   24   0.055
8   26   0.068
8   27   0.019
8   28   0.026
8   29   0.027
8   30   0.053
8   32   0.034
8   33   0.02
8   34   0.065
8   36   0.037
8   38   0.003
8   39   0.08
8   40   0.076
8   41   0.012
8   42   0.006
8   43   0.024
8   56   0.049
8   58   0.062
8   73   0.021
8   77   0.052
9   10   0.13
9   12   0.148
9   13   0.037
9   14   0.034
9   15   0.039
9   16   0.033
9   17   0.046
9   20   0.082
9   22   0.113
9   23   0.117
9   24   0.028
9   25   0.008
9   26   0.106
9   27   0.055
9   28   0.059
9   29   0.057
9   30   0.073
9   31   0.113
9   33   0.028
9   34   0.067
9   36   0.093
9   37   0.16
9   38   0.102
9   39   0.187
9   40   0.012
9   41   0.008
9   42   0.031
9   43   0.025
9   45   0.05
9   47   0.016
9   49   0.076
9   53   0.216
9   56   0.036
9   58   0.072
9   59   0.042
9   61   0.042
9   62   0.085
9   64   0.011
9   65   0.129
9   69   0.003
9   71   0.104
9   72   0.127
9   73   0.079
9   75   0.075
9   76   0.095
9   77   0.133
9   78   0.101
9   79   0.019
9   80   0.071
9   83   0.049
10   12   0.158
10   13   0.014
10   14   0.063
10   15   0.064
10   20   0.001
10   24   0.07
10   28   0.129
10   29   0.026
10   30   0.139
10   32   0.01
10   33   0.087
10   34   0.021
10   36   0.001
10   38   0.082
10   39   0.14
10   40   0.143
10   41   0.134
10   43   0.094
10   47   0.002
10   53   0.01
10   55   0.087
10   57   0.007
10   58   0.012
10   59   0.067
10   61   0.057
10   64   0.09
10   69   0.121
10   73   0.128
10   77   0.024
11   13   0.02
11   14   0.164
11   17   0.141
11   18   0.035
11   19   0.11
11   23   0.261
11   25   0.024
11   26   0.036
11   27   0.023
11   29   0.157
11   31   0.111
11   32   0.094
11   34   0.114
11   36   0.034
11   37   0.058
11   38   0.172
11   39   0.085
11   41   0.06
11   42   0.027
11   44   0.027
11   49   0.051
11   51   0.092
11   60   0.146
11   62   0.012
11   67   0.064
11   74   0.052
11   75   0.063
11   76   0.137
11   80   0.021
12   13   0.02
12   14   0.097
12   15   0.022
12   20   0.149
12   24   0.127
12   28   0.019
12   29   0.063
12   32   0.063
12   34   0.164
12   36   0.165
12   38   0.009
12   40   0.091
12   41   0.057
12   42   0.251
12   47   0.06
12   53   0.111
12   54   0.044
12   58   0.092
12   59   0.008
12   61   0.097
12   64   0.029
12   69   0.021
12   73   0.007
12   77   0.123
13   14   0.157
13   18   0.016
13   22   0.046
13   24   0.044
13   25   0.043
13   26   0.068
13   27   0.084
13   29   0.105
13   31   0.046
13   32   0.032
13   34   0.14
13   36   0.086
13   37   0.031
13   38   0.088
13   39   0.214
13   40   0.05
13   41   0.049
13   42   0.039
13   43   0.045
13   44   0.124
13   45   0.082
13   46   0.095
13   48   0.118
13   49   0.044
13   51   0.021
13   60   0.202
13   62   0.013
13   67   0.039
13   71   0.052
13   74   0.035
13   75   0.012
13   76   0.085
13   80   0.046
13   83   0.029
14   15   0.038
14   17   0.085
14   18   0.119
14   19   0.065
14   20   0.112
14   21   0.019
14   23   0.024
14   24   0.033
14   26   0.11
14   27   0.043
14   28   0.001
14   29   0.014
14   30   0.028
14   32   0.018
14   33   0.025
14   34   0.102
14   36   0.048
14   38   0.059
14   39   0.019
14   40   0.023
14   41   0.063
14   42   0.024
14   73   0.019
14   77   0.066
15   20   0.003
15   21   0.13
15   22   0.19
15   23   0.116
15   24   0.093
15   27   0.138
15   28   0.046
15   29   0.085
15   30   0.214
15   32   0.097
15   34   0.024
15   35   0.053
15   36   0.016
15   37   0.099
15   38   0.183
15   39   0.053
15   40   0.019
15   41   0.078
15   43   0.09
15   47   0.052
15   53   0.107
15   58   0.078
15   59   0.032
15   61   0.025
15   64   0.101
15   69   0.086
15   73   0.079
15   77   0.189
15   84   0.026
16   17   0.11
16   21   0.023
16   22   0.008
16   23   0.032
16   24   0.146
16   26   0.037
16   27   0.056
16   28   0.017
16   30   0.07
16   34   0.015
16   36   0.082
16   37   0.04
16   38   0.061
16   39   0.098
16   40   0.033
16   43   0.076
16   45   0.034
16   46   0.099
16   52   0.026
16   65   0.016
16   70   0.063
16   71   0.045
16   72   0.058
16   73   0.048
16   76   0.008
16   77   0.127
16   79   0.017
17   18   0.147
17   19   0.053
17   21   0.138
17   22   0.035
17   23   0.201
17   24   0.086
17   26   0.003
17   27   0.098
17   28   0.168
17   29   0.079
17   30   0.099
17   33   0.162
17   34   0.027
17   36   0.018
17   37   0.042
17   38   0.131
17   39   0.068
17   43   0.007
17   44   0.087
17   51   0.143
17   52   0.056
17   66   0.045
17   72   0.16
17   75   0.084
17   76   0.069
18   19   0.046
18   21   0.031
18   23   0.058
18   25   0.083
18   26   0.104
18   27   0.05
18   29   0.165
18   30   0.07
18   31   0.132
18   34   0.115
18   36   0.015
18   37   0.031
18   38   0.036
18   39   0.016
18   42   0.151
18   44   0.088
18   62   0.037
18   67   0.084
18   74   0.103
18   75   0.006
18   76   0.051
18   80   0.013
19   21   0.055
19   23   0.089
19   25   0.115
19   26   0.001
19   27   0.159
19   28   0.068
19   29   0.034
19   30   0.018
19   31   0.242
19   33   0.075
19   34   0.016
19   36   0.094
19   37   0.086
19   38   0.173
19   39   0.121
19   44   0.14
19   51   0.068
19   68   0.032
19   74   0.164
19   75   0.03
19   76   0.073
19   80   0.169
20   24   0.054
20   28   0.027
20   29   0.105
20   32   0.16
20   34   0.184
20   36   0.138
20   38   0.098
20   40   0.159
20   41   0.1
20   47   0.008
20   53   0.011
20   58   0.052
20   59   0.041
20   61   0.072
20   64   0.006
20   69   0.064
20   73   0.1
20   77   0.039
21   22   0.085
21   23   0.148
21   24   0.03
21   26   0.117
21   27   0.066
21   28   0.194
21   29   0.08
21   30   0.114
21   33   0.091
21   34   0.036
21   35   0.089
21   36   0.038
21   37   0.019
21   38   0.053
21   39   0.102
21   40   0.044
21   41   0.058
21   43   0.009
21   65   0.062
21   70   0.033
21   71   0.07
21   72   0.081
21   73   0.038
21   76   0.087
21   77   0.156
21   78   0.081
21   79   0.087
21   82   0.058
22   23   0.037
22   24   0.024
22   25   0.04
22   26   0.06
22   27   0.118
22   28   0.164
22   29   0.069
22   30   0.061
22   31   0.103
22   34   0.136
22   36   0.094
22   37   0.19
22   38   0.161
22   39   0.059
22   40   0.056
22   42   0.005
22   43   0.17
22   44   0.101
22   45   0.059
22   46   0.169
22   51   0.186
22   52   0.017
22   58   0.064
22   62   0.046
22   65   0.167
22   70   0.197
22   71   0.228
22   72   0.205
22   73   0.23
22   75   0.026
22   76   0.121
22   77   0.179
22   79   0.016
22   80   0.031
23   24   0.145
23   26   0.076
23   27   0.043
23   28   0.154
23   29   0.005
23   30   0.048
23   33   0.083
23   34   0.016
23   35   0.095
23   36   0.017
23   37   0.064
23   38   0.162
23   39   0.204
23   40   0.069
23   41   0.004
23   43   0.032
23   44   0.069
23   45   0.144
23   46   0.085
23   51   0.034
23   52   0.072
23   65   0.051
23   66   0.067
23   70   0.076
23   71   0.028
23   72   0.141
23   73   0.038
23   76   0.043
23   77   0.02
23   79   0.088
23   84   0.045
24   25   0.022
24   26   0.028
24   27   0.086
24   28   0.063
24   29   0.009
24   30   0.06
24   31   0.122
24   32   0.019
24   33   0.109
24   34   0.033
24   36   0.061
24   37   0.041
24   38   0.099
24   39   0.08
24   40   0.03
24   41   0.073
24   42   0.012
24   43   0.084
24   45   0.024
24   46   0.005
24   47   0.034
24   48   0.005
24   50   0.031
24   51   0.023
24   52   0.264
24   53   0.102
24   55   0.145
24   56   0.105
24   57   0.031
24   58   0.013
24   59   0.041
24   61   0.002
24   62   0.002
24   63   0.033
24   64   0.143
24   65   0.103
24   69   0.048
24   70   0.111
24   71   0.096
24   72   0.133
24   73   0.069
24   76   0.133
24   77   0.141
24   78   0.051
24   79   0.096
24   80   0.002
24   82   0.088
24   83   0.119
25   26   0.073
25   27   0.043
25   31   0.06
25   34   0.13
25   36   0.039
25   37   0.006
25   38   0.053
25   42   0.117
25   43   0.027
25   44   0.104
25   45   0.096
25   49   0.079
25   51   0.167
25   60   0.035
25   62   0.055
25   67   0.064
25   74   0.09
25   75   0.159
25   76   0.053
25   80   0.1
26   27   0.081
26   28   0.07
26   29   0.151
26   30   0.102
26   31   0.014
26   33   0.023
26   34   0.108
26   36   0.116
26   37   0.085
26   38   0.074
26   39   0.046
26   42   0.006
26   43   0.079
26   44   0.042
26   45   0.116
26   46   0.033
26   49   0.056
26   51   0.007
26   52   0.196
26   60   0.193
26   62   0.01
26   66   0.111
26   67   0.078
26   68   0.008
26   71   0.028
26   74   0.115
26   75   0.033
26   76   0.082
26   80   0.13
26   83   0.134
27   28   0.173
27   29   0.018
27   30   0.086
27   31   0.133
27   33   0.045
27   34   0.073
27   35   0.095
27   36   0.084
27   37   0.069
27   38   0.077
27   39   0.07
27   40   0.061
27   41   0.004
27   42   0.025
27   43   0.018
27   44   0.055
27   45   0.115
27   46   0.072
27   47   0.013
27   49   0.06
27   51   0.099
27   52   0.002
27   58   0.14
27   60   0.195
27   62   0.022
27   65   0.05
27   66   0.004
27   67   0.061
27   68   0.095
27   70   0.057
27   71   0.197
27   72   0.005
27   73   0.114
27   74   0.113
27   75   0.009
27   76   0.123
27   77   0.07
27   80   0.084
27   83   0.096
27   84   0.028
28   29   0.084
28   30   0.095
28   32   0.08
28   33   0.049
28   34   0.005
28   35   0.078
28   36   0.042
28   37   0.101
28   38   0.05
28   39   0.065
28   40   0.009
28   41   0.081
28   43   0.106
28   45   0.049
28   46   0.136
28   47   0.053
28   48   0.079
28   50   0.1
28   53   0.078
28   55   0.062
28   56   0.08
28   57   0.045
28   58   0.013
28   59   0.03
28   61   0.017
28   63   0.008
28   64   0.191
28   65   0.009
28   69   0.141
28   70   0.012
28   71   0.016
28   72   0.021
28   73   0.006
28   76   0.079
28   77   0.102
28   78   0.028
28   79   0.065
28   82   0.16
28   83   0.149
29   30   0.109
29   32   0.004
29   33   0.004
29   34   0.125
29   36   0.09
29   38   0.1
29   39   0.023
29   40   0.044
29   41   0.047
29   42   0.006
29   43   0.091
29   58   0.016
29   73   0.084
29   77   0.115
30   33   0.04
30   34   0.094
30   36   0.098
30   37   0.018
30   38   0.143
30   39   0.07
30   40   0.012
30   41   0.198
30   43   0.009
30   45   0.132
30   58   0.032
30   65   0.113
30   70   0.1
30   71   0.025
30   73   0.019
30   77   0.042
30   78   0.127
30   79   0.128
31   34   0.011
31   36   0.051
31   37   0.057
31   38   0.082
31   42   0.017
31   43   0.003
31   44   0.142
31   45   0.044
31   49   0.081
31   51   0.075
31   60   0.167
31   62   0.017
31   67   0.079
31   68   0.063
31   71   0.129
31   74   0.018
31   75   0.071
31   76   0.074
31   80   0.074
32   34   0.021
32   36   0.131
32   38   0.161
32   39   0.089
32   40   0.051
32   41   0.1
32   42   0.035
33   34   0.033
33   36   0.064
33   38   0.135
33   43   0.005
33   73   0.037
33   77   0.015
34   36   0.042
34   37   0.095
34   38   0.114
34   39   0.074
34   40   0.059
34   41   0.089
34   42   0.056
34   43   0.108
34   49   0.051
34   51   0.07
34   58   0.069
34   62   0.06
34   73   0.072
34   74   0.03
34   75   0.095
34   76   0.146
34   77   0.05
34   80   0.04
35   36   0.079
35   37   0.024
35   38   0.044
35   39   0.026
35   40   0.041
35   41   0.01
35   42   0.075
35   43   0.141
35   44   0.053
35   45   0.019
35   46   0.01
35   47   0.068
35   48   0.083
35   54   0.113
35   64   0.142
35   72   0.007
35   84   0.129
36   37   0.072
36   38   0.031
36   39   0.043
36   40   0.13
36   41   0.023
36   42   0.1
36   43   0.093
36   44   0.039
36   45   0.123
36   46   0.141
36   47   0.005
36   48   0.049
36   51   0.052
36   52   0.108
36   56   0.021
36   58   0.045
36   64   0.111
36   65   0.052
36   66   0.122
36   68   0.015
36   70   0.079
36   71   0.058
36   72   0.2
36   73   0.099
36   74   0.003
36   75   0.068
36   76   0.181
36   77   0.035
36   78   0.076
36   79   0.043
36   80   0.058
36   82   0.087
36   83   0.083
36   84   0.049
37   38   0.079
37   39   0.061
37   40   0.022
37   41   0.017
37   42   0.005
37   43   0.058
37   44   0.037
37   45   0.226
37   46   0.026
37   49   0.091
37   51   0.018
37   52   0.05
37   60   0.014
37   62   0.119
37   65   0.069
37   67   0.03
37   68   0.023
37   71   0.149
37   72   0.123
37   74   0.022
37   75   0.08
37   76   0.039
37   80   0.035
37   84   0.028
38   39   0.081
38   40   0.005
38   41   0.082
38   42   0.016
38   43   0.065
38   44   0.009
38   45   0.042
38   46   0.107
38   48   0.085
38   49   0.039
38   51   0.039
38   52   0.026
38   56   0.083
38   58   0.03
38   62   0.036
38   65   0.115
38   66   0.015
38   67   0.011
38   68   0.033
38   71   0.008
38   72   0.183
38   73   0.053
38   74   0.027
38   75   0.127
38   76   0.148
38   77   0.027
38   80   0.062
38   84   0.04
39   40   0.119
39   41   0.064
39   42   0.024
39   43   0.18
39   44   0.058
39   45   0.006
39   46   0.035
39   48   0.121
39   51   0.022
39   52   0.134
39   65   0.082
39   71   0.108
39   72   0.1
39   73   0.211
39   75   0.06
39   76   0.05
39   77   0.093
39   84   0.001
40   41   0.168
40   42   0.128
40   43   0.045
40   45   0.044
40   47   0.008
40   48   0.056
40   54   0.031
40   56   0.013
40   58   0.076
40   59   0.036
40   61   0.069
40   64   0.115
40   73   0.049
40   76   0.035
40   77   0.013
40   78   0.001
40   84   0.024
41   42   0.053
41   43   0.043
41   45   0.262
41   46   0.062
41   47   0.084
41   48   0.171
41   49   0.114
41   56   0.051
41   57   0.077
41   73   0.062
41   77   0.094
41   83   0.123
41   84   0.116
42   44   0.044
42   45   0.166
42   46   0.028
42   48   0.046
42   49   0.029
42   51   0.157
42   60   0.176
42   62   0.093
42   74   0.053
42   75   0.033
42   76   0.038
42   80   0.011
42   83   0.037
43   44   0.006
43   45   0.073
43   46   0.053
43   47   0.026
43   48   0.083
43   49   0.005
43   50   0.019
43   51   0.04
43   52   0.085
43   53   0.211
43   54   0.043
43   55   0.073
43   56   0.036
43   57   0.055
43   58   0.01
43   59   0.166
43   60   0.042
43   61   0.076
43   62   0.102
43   63   0.079
43   64   0.102
43   65   0.061
43   66   0.014
43   67   0.078
43   68   0.105
43   69   0.009
43   70   0.017
43   71   0.047
43   72   0.024
43   73   0.062
43   74   0.035
43   75   0.004
43   76   0.007
43   77   0.092
43   78   0.084
43   79   0.215
43   80   0.078
43   81   0.149
43   82   0.105
43   83   0.089
43   84   0.028
44   45   0.147
44   46   0.041
44   47   0.062
44   48   0.018
44   49   0.118
44   51   0.072
44   52   0.056
44   56   0.021
44   60   0.059
44   62   0.006
44   63   0.009
44   65   0.038
44   66   0.015
44   67   0.049
44   68   0.099
44   70   0.091
44   71   0.033
44   72   0.052
44   73   0.088
44   74   0.004
44   75   0.017
44   76   0.098
44   77   0.175
44   79   0.017
44   80   0.074
44   83   0.061
44   84   0.057
45   46   0.176
45   47   0.127
45   48   0.028
45   49   0.006
45   50   0.057
45   51   0.002
45   52   0.062
45   53   0.204
45   55   0.056
45   56   0.005
45   57   0.053
45   58   0.046
45   59   0.078
45   60   0.017
45   61   0.039
45   62   0.024
45   63   0.042
45   64   0.146
45   65   0.008
45   66   0.093
45   67   0.027
45   68   0.074
45   69   0.038
45   70   0.008
45   71   0.02
45   72   0.093
45   73   0.056
45   74   0.165
45   75   0.169
45   76   0.005
45   77   0.029
45   78   0.029
45   79   0.097
45   80   0.007
45   81   0.035
45   82   0.038
45   83   0.048
45   84   0.007
46   47   0.052
46   48   0.002
46   49   0.13
46   51   0.037
46   52   0.089
46   55   0.066
46   56   0.04
46   57   0.05
46   58   0.095
46   59   0.1
46   60   0.149
46   63   0.105
46   64   0.095
46   65   0.119
46   66   0.118
46   67   0.011
46   68   0.137
46   70   0.069
46   71   0.003
46   72   0.147
46   73   0.105
46   75   0.066
46   76   0.084
46   77   0.065
46   78   0.127
46   79   0.124
46   80   0.141
46   81   0.082
46   83   0.074
46   84   0.044
47   48   0.206
47   49   0.058
47   51   0.179
47   52   0.064
47   53   0.209
47   54   0.024
47   55   0.056
47   56   0.043
47   57   0.061
47   58   0.009
47   59   0.152
47   61   0.124
47   63   0.147
47   64   0.095
47   65   0.046
47   69   0.084
47   70   0.051
47   71   0.118
47   72   0.07
47   73   0.011
47   75   0.068
47   76   0.041
47   77   0.063
47   78   0.087
47   79   0.043
47   81   0.037
47   83   0.027
47   84   0.192
48   49   0.107
48   53   0.163
48   54   0.064
48   55   0.024
48   56   0.021
48   57   0.107
48   58   0.022
48   59   0.153
48   60   0.149
48   61   0.092
48   62   0.065
48   63   0.061
48   64   0.072
48   69   0.066
48   70   0.075
48   72   0.167
48   73   0.043
48   75   0.061
48   76   0.028
48   77   0.139
48   78   0.045
48   79   0.053
48   81   0.038
48   83   0.176
48   84   0.049
49   51   0.182
49   57   0.081
49   58   0.251
49   60   0.046
49   62   0.015
49   63   0.106
49   67   0.203
49   71   0.22
49   73   0.157
49   74   0.068
49   75   0.204
49   76   0.074
49   80   0.117
49   83   0.008
49   84   0.023
50   52   0.017
50   55   0.083
50   56   0.051
50   57   0.034
50   58   0.101
50   59   0.01
50   63   0.086
50   66   0.106
50   68   0.006
50   70   0.014
50   72   0.039
50   73   0.043
50   75   0.137
50   76   0.008
50   77   0.025
50   78   0.011
50   79   0.158
50   82   0.093
50   83   0.001
51   52   0.116
51   58   0.098
51   60   0.009
51   62   0.008
51   64   0.225
51   65   0.144
51   66   0.009
51   67   0.079
51   68   0.134
51   71   0.084
51   72   0.003
51   73   0.068
51   74   0.048
51   75   0.049
51   76   0.032
51   77   0.037
51   80   0.084
51   83   0.041
52   55   0.103
52   56   0.071
52   57   0.097
52   59   0.072
52   63   0.098
52   66   0.048
52   67   0.008
52   68   0.023
52   70   0.052
52   71   0.066
52   72   0.066
52   73   0.037
52   75   0.078
52   76   0.03
52   77   0.068
52   78   0.09
52   79   0.05
52   83   0.063
53   54   0.089
53   55   0.037
53   56   0.047
53   57   0.026
53   58   0.112
53   59   0.142
53   61   0.165
53   63   0.089
53   64   0.131
53   69   0.048
53   73   0.061
53   77   0.097
53   78   0.106
53   83   0.297
54   56   0.043
54   57   0.052
54   58   0.074
54   59   0.066
54   61   0.011
54   64   0.203
54   69   0.041
54   71   0.121
54   73   0.087
54   76   0.167
54   77   0.147
54   78   0.061
54   81   0.005
54   83   0.014
54   84   0.053
55   56   0.171
55   57   0.078
55   58   0.094
55   59   0.103
55   61   0.005
55   63   0.166
55   64   0.05
55   69   0.046
55   72   0.16
55   73   0.021
55   77   0.086
55   78   0.146
55   81   0.118
55   83   0.011
56   57   0.128
56   58   0.088
56   59   0.093
56   60   0.107
56   61   0.029
56   63   0.047
56   64   0.131
56   66   0.075
56   67   0.102
56   68   0.023
56   69   0.152
56   70   0.006
56   72   0.033
56   73   0.017
56   75   0.11
56   76   0.023
56   77   0.089
56   78   0.042
56   79   0.111
56   81   0.009
56   82   0.03
56   83   0.104
57   58   0.089
57   59   0.041
57   60   0.202
57   61   0.012
57   63   0.024
57   64   0.058
57   66   0.051
57   67   0.077
57   68   0.024
57   69   0.014
57   70   0.079
57   72   0.005
57   73   0.01
57   75   0.129
57   76   0.194
57   77   0.155
57   78   0.07
57   79   0.02
57   81   0.053
57   82   0.136
57   83   0.006
58   59   0.076
58   61   0.05
58   62   0.094
58   63   0.003
58   64   0.056
58   69   0.017
58   71   0.001
58   73   0.079
58   74   0.085
58   75   0.052
58   76   0.085
58   77   0.078
58   78   0.011
58   79   0.007
58   82   0.015
58   83   0.081
59   60   0.054
59   61   0.009
59   63   0.077
59   64   0.042
59   69   0.039
59   73   0.03
59   77   0.079
59   78   0.021
59   81   0.194
59   82   0.098
59   83   0.302
60   62   0.058
60   63   0.171
60   66   0.058
60   67   0.03
60   68   0.001
60   70   0.049
60   72   0.037
60   74   0.044
60   75   0.055
60   76   0.106
60   78   0.106
60   79   0.058
60   80   0.111
60   81   0.018
60   83   0.016
61   63   0.004
61   64   0.072
61   69   0.013
61   73   0.015
61   77   0.045
61   78   0.022
61   81   0.177
61   83   0.207
62   67   0.06
62   71   0.071
62   73   0.013
62   74   0.111
62   75   0.058
62   76   0.036
62   78   0.023
62   80   0.106
62   81   0.101
62   83   0.018
63   64   0.11
63   66   0.14
63   67   0.014
63   68   0.019
63   69   0.012
63   70   0.046
63   72   0.047
63   73   0.037
63   75   0.084
63   76   0.014
63   77   0.12
63   78   0.121
63   79   0.082
63   80   0.11
63   81   0.034
63   82   0.059
63   83   0.008
64   69   0.041
64   70   0.217
64   71   0.178
64   72   0.249
64   73   0.095
64   76   0.273
64   77   0.118
64   78   0.118
64   79   0.19
64   81   0.002
64   83   0.004
64   84   0.157
65   70   0.029
65   71   0.135
65   72   0.057
65   73   0.079
65   76   0.001
65   77   0.094
65   79   0.085
65   82   0.134
65   83   0.133
65   84   0.115
66   67   0.017
66   68   0.006
66   70   0.156
66   71   0.124
66   72   0.054
66   73   0.029
66   75   0.259
66   76   0.101
66   77   0.153
66   78   0.141
66   79   0.129
66   82   0.057
66   83   0.193
67   68   0.004
67   70   0.066
67   72   0.052
67   74   0.013
67   75   0.112
67   76   0.099
67   77   0.145
67   78   0.01
67   79   0.006
67   80   0.135
67   83   0.044
68   70   0.01
68   72   0.026
68   74   0.015
68   75   0.054
68   76   0.146
68   77   0.127
68   78   0.044
68   79   0.032
68   80   0.036
68   82   0.106
68   83   0.003
69   73   0.005
69   77   0.159
69   78   0.016
69   83   0.209
70   71   0.009
70   72   0.125
70   73   0.034
70   75   0.064
70   76   0.082
70   77   0.006
70   78   0.057
70   79   0.218
70   82   0.01
70   83   0.063
70   84   0.07
71   72   0.009
71   73   0.075
71   74   0.092
71   75   0.068
71   76   0.047
71   77   0.032
71   78   0.044
71   79   0.1
71   80   0.041
71   83   0.04
72   73   0.004
72   75   0.071
72   76   0.017
72   77   0.007
72   78   0.122
72   79   0.056
72   82   0.035
72   83   0.083
72   84   0.017
73   74   0.046
73   75   0.139
73   76   0.03
73   77   0.019
73   78   0.126
73   79   0.087
73   80   0.005
73   82   0.116
73   83   0.136
74   75   0.094
74   76   0.001
74   80   0.017
74   83   0.136
75   76   0.105
75   77   0.048
75   78   0.135
75   79   0.115
75   80   0.067
75   82   0.017
75   83   0.066
76   77   0.071
76   78   0.045
76   79   0.037
76   80   0.002
76   82   0.067
76   83   0.029
76   84   0.133
77   78   0.101
77   79   0.054
77   81   0.134
77   82   0.055
77   83   0.146
77   84   0.047
78   79   0.172
78   80   0.035
78   81   0.107
78   82   0.177
78   83   0.037
79   82   0.048
79   83   0.095
80   83   0.047
81   83   0.042
82   83   0.014
