1   7   0.04523113651571734
1   8   0.16510925055283948
1   10   0.07219490726342682
1   14   0.04423579702770556
1   17   0.07152693899041505
1   21   0.053217081686012656
1   23   0.06433923964269049
1   29   0.08035959501903053
1   30   0.11337352480867241
1   34   0.0032028955650727896
2   9   0.04443316061140855
2   13   0.07117721747423433
2   17   0.03207366945640128
2   22   0.08833572832618718
2   24   0.04289793121723952
2   25   0.1938095927413511
2   26   0.06542245304107715
2   27   0.013690480237711125
2   36   0.014385133612119051
2   37   0.015221480241416785
2   38   0.021889623293620063
2   44   0.05959445536768642
2   51   0.0823564852473327
2   52   0.07082145693372827
2   62   0.06327954965239094
2   74   0.002191428641986358
2   75   0.0026368910494786756
2   76   0.05548076318793861
3   6   0.0750463382657103
3   7   0.04192196434602847
3   8   0.042457104909484594
3   14   0.09072727912731451
3   17   0.01582774350554935
3   19   0.030559579234815774
3   21   0.05451788036586865
3   23   0.06859038029160228
3   24   0.06562509133594309
3   26   0.10922969020403965
3   27   0.05968060786223972
3   28   0.11471018831497247
3   29   0.012453724988739262
3   30   0.020484327656572716
3   34   0.055329099516938866
3   36   0.10416160103972162
3   37   0.05663580228343078
3   38   0.004193267132411924
3   39   0.02256510341854841
3   40   0.06948213908888327
3   43   0.029807107444675858
3   44   0.026565936933137014
3   45   0.09021576724770296
3   51   0.06088988277215667
3   52   0.040746044976525835
3   65   0.0011485041117016038
3   66   0.054566255906599956
3   72   0.1504403238814849
3   73   0.022156067186561997
3   75   0.09017307978647937
3   76   0.02034043455558934
3   77   0.0907855764215619
4   6   0.09761670213672305
4   7   0.018117262668976827
4   8   0.22364947155356052
4   9   0.10752073296061979
4   10   0.11390378255727633
4   12   0.10179034300473969
4   14   0.20176745523784484
4   15   0.02126286970919156
4   20   0.026086457970460712
4   24   0.08198698849670782
4   28   0.05763051786663039
4   34   0.1268275055688121
4   36   0.1997405976529875
4   38   0.1573833826014163
4   40   0.034486408618682685
4   47   0.038998879842470933
4   53   0.030123819115749198
4   58   0.0020161532310071324
4   61   0.02013391435322318
4   73   0.059464264418258014
4   77   0.0578141599342564
5   6   0.12433745588731711
5   15   0.06908702447036777
5   32   0.11418508741039622
5   40   0.04897221776156703
5   41   0.15519009820519214
6   7   0.07333959073988774
6   8   0.06877177636504064
6   9   0.07093607586253776
6   10   0.056026032638591676
6   12   0.07988610382473271
6   14   0.0845684054597487
6   15   0.0340767668571795
6   20   0.04018060954987759
6   23   0.09450893604971378
6   24   0.041723071840467904
6   28   0.10051759622710954
6   29   0.10437054320300124
6   30   0.06600714714518177
6   32   0.0937646837814089
6   34   0.16311335232247065
6   36   0.0199978396357334
6   38   0.1203716379311903
6   40   0.02079981575781837
6   41   0.05778173095186429
6   73   0.09378935451777058
6   77   0.07452152451923225
7   8   0.03588517719636406
7   9   0.07512214806863296
7   10   0.08564079500588363
7   12   0.05605428211477315
7   14   0.15127605485980575
7   15   0.06140083750811691
7   17   0.07036985828840538
7   20   0.0008825252713665045
7   21   0.015255248318827184
7   23   0.0598798976850152
7   24   0.06293825723430856
7   26   0.07079705332443964
7   27   0.07090257282345214
7   28   0.041501263804150576
7   29   0.11354398029802776
7   30   0.019780594010600255
7   33   0.23056209139964903
7   34   0.15000211808186728
7   35   0.12970975651240998
7   36   0.014758850442292753
7   38   0.0002766192569939186
7   39   0.09003678517034099
7   40   0.030079911486899865
7   43   0.015161109597727842
7   58   0.040742588145774944
7   59   0.03818331899993094
7   73   0.008846503046643523
7   76   0.06460541773792981
7   77   0.05481582643287163
8   10   0.07767952103429536
8   12   0.19260867388956768
8   14   0.20123292871197246
8   15   0.029853611366068525
8   17   0.0499121826889686
8   19   0.004457377072855777
8   20   0.21293892393923824
8   21   0.07033630885315989
8   23   0.0010073343558643156
8   24   0.007519638728858425
8   26   0.03834282760943121
8   27   0.030863306807553288
8   28   0.0760222255155464
8   29   0.043423497244171674
8   30   0.005387430452122016
8   34   0.07132283494174413
8   36   0.0070748676929695865
8   38   0.014421354938498802
8   40   0.019863934946616615
8   41   0.060852012693688964
8   73   0.026485594705653398
8   77   0.09839436589566938
9   10   0.18645779682403477
9   12   0.13767664505866917
9   14   0.043639647954115075
9   15   0.013695495088679687
9   20   0.13797602212716192
9   22   0.0899409052463309
9   24   0.007391174460516249
9   25   0.05324244003226706
9   26   0.0510130977234255
9   27   0.05982906403925063
9   28   0.01653730097521027
9   29   0.026010530550508938
9   34   0.07409255844658685
9   36   0.07954529076551299
9   37   0.11834686429572722
9   38   0.10912888497746152
9   40   0.03694702443118073
9   43   0.002016807999813541
9   45   0.04407357902262987
9   47   0.06480973460560852
9   53   0.1773649299311081
9   56   0.07469036324093385
9   58   0.07117580462540446
9   59   0.08536241227910187
9   61   0.006841468961816758
9   69   0.023458211305219683
9   73   0.041975078082165454
9   76   0.08159663810160667
9   77   0.12125772014125978
9   78   0.1540535254879758
10   12   0.11512780723841043
10   14   0.04237164694255995
10   15   0.08819127546525975
10   20   0.04803715843171935
10   23   0.14862378270385174
10   24   0.00803199033374443
10   28   0.0204469715760645
10   29   0.02870027430339277
10   30   0.1548113834409238
10   34   0.06770658790776295
10   35   0.014559984052022636
10   36   0.007821837612313363
10   38   0.05668638788358348
10   40   0.11078874141383359
10   41   0.20064518713556256
10   43   0.09262515114621953
10   53   0.019564243651745652
10   56   0.04558468778979982
10   58   0.008427821400006395
10   73   0.12724800768545683
10   77   0.029343067588807753
11   13   0.06110404495731916
11   17   0.07434319546609264
11   18   0.03975198899887126
11   19   0.05579138426160147
11   25   0.012707851854034455
11   26   0.0150760440843189
11   27   0.06067019753702339
11   34   0.05922961878555891
11   36   0.04813420839003754
11   37   0.039390246328837336
11   38   0.1923007324754165
11   62   0.0368529766720652
11   75   0.05419734586186175
11   76   0.14454836489292613
12   14   0.08713151736591207
12   15   0.054544257813298434
12   20   0.11422692498186582
12   24   0.1747209300187053
12   28   0.03394302692230917
12   29   0.06234687183365169
12   34   0.05990693045089144
12   36   0.10555062651789443
12   38   0.03193965174741152
12   40   0.03555228007612527
12   41   0.04230594862790685
12   47   0.03357109380808398
12   53   0.12016231048983562
12   59   0.05661003779753127
12   73   0.017504366968836855
12   77   0.12817419421359416
13   22   0.10957296156396049
13   25   0.005820990029085281
13   26   0.042792452364605854
13   27   0.06003187041055739
13   31   0.07107180041987886
13   34   0.20647162273591033
13   37   0.020900592074303833
13   38   0.05155696313584225
13   44   0.089478516688134
13   62   0.00973777942167433
13   74   0.004048627212067673
13   75   0.03311170599584972
13   76   0.08495617958006416
14   17   0.02022631798924064
14   19   0.008271545971933586
14   20   0.14946874949498004
14   21   0.0786409374190139
14   23   0.024442699290795844
14   24   0.020697057330616903
14   26   0.11846130125812443
14   27   0.033235832585257745
14   28   0.006360604112070345
14   29   0.03621963017836597
14   30   0.011650860608814336
14   33   0.05625981148238461
14   34   0.13911240982713632
14   36   0.09957784280103973
14   38   0.09268012469059778
14   40   0.005266795572660771
14   41   0.12779323159705433
14   43   0.06645012053439708
14   73   0.011192039729761976
14   77   0.05442251185216021
15   20   0.051653099170386456
15   22   0.20820667061654588
15   24   0.14913535187071672
15   27   0.14379634517621545
15   28   0.04205299810326632
15   36   0.02621889895479575
15   40   0.008330027567762905
15   73   0.12537244673724815
15   77   0.2026046177174675
16   17   0.12284443499199839
16   21   0.029849474846396145
16   22   0.0384314646265438
16   23   0.008944742875128642
16   24   0.0718811772522539
16   27   0.12169130502112796
16   28   0.015362322196258464
16   34   0.02222978558915981
16   36   0.03927997470222259
16   37   0.039946108534946054
16   38   0.03737614008356622
16   39   0.02826373184242866
16   40   0.04531118313116688
16   45   0.033753122850409004
16   52   0.06452945077129647
16   65   0.023201044935459315
16   70   0.09791537180539339
16   71   0.029034426155532443
16   72   0.05150708874177904
16   73   0.042417088509129404
16   76   0.02622780163930262
16   77   0.15485132753428385
17   18   0.10642725634548741
17   19   0.1008594546571254
17   21   0.1887210447172361
17   23   0.21694205419436027
17   24   0.10337222517836457
17   26   0.03310725968372608
17   27   0.02676090496003548
17   28   0.16316292245976355
17   29   0.06044193261413969
17   30   0.09584205838967219
17   33   0.0964910590741064
17   34   0.026956993798325963
17   36   0.030056665218568493
17   37   0.004079029070913015
17   38   0.12178166111842581
17   39   0.09807205634507157
17   51   0.08077494913760387
17   52   0.09062278469606631
17   72   0.10560561538773963
17   75   0.060770282844089
17   76   0.06110509480287545
18   19   0.034449351187087474
18   23   0.10461307643877096
18   26   0.14054285030974595
18   27   0.1082588919181769
18   34   0.14376749097104252
18   36   0.0049455157402274975
18   37   0.008114272248981291
18   38   0.04967836298793216
18   75   0.010443829914076354
18   76   0.06548613564447724
19   23   0.1319706756712475
19   26   0.04488708847885024
19   27   0.12832141755744436
19   29   0.018789149380799054
19   30   0.023842321600859605
19   34   0.023136705762575763
19   36   0.10244472379981404
19   37   0.10232481582609378
19   38   0.1878706868896643
19   39   0.16504068621181722
19   51   0.10867203539405851
19   75   0.06366006308674697
19   76   0.07713978458829875
20   24   0.005972525186124514
20   28   0.0013655512957088864
20   29   0.1053432757113761
20   34   0.1613707704734642
20   36   0.09579498508315339
20   38   0.0724079879396747
20   40   0.07610183437875442
20   53   0.008434692945155624
20   58   0.08145784108257177
20   59   0.051462954413349686
20   61   0.028840965432650013
20   73   0.10956425842938004
20   77   0.024764481606728332
21   22   0.060248255982928656
21   23   0.05145834551265955
21   24   0.008264710106578829
21   26   0.010285493848537846
21   27   0.01754518506362116
21   28   0.15797889280347452
21   29   0.12257456286224971
21   30   0.11841466496622075
21   33   0.19321781049594924
21   34   0.023741380108837338
21   35   0.07833544629011518
21   36   0.10732278615997227
21   37   0.0935605418808396
21   38   0.037655704759827865
21   39   0.11655075557459414
21   40   0.08423470545376342
21   43   0.024730683952032477
21   45   0.18305750514715483
21   65   0.03547004082747897
21   70   0.09733531428651086
21   71   0.032579605791746125
21   72   0.01810193072888724
21   73   0.10321433339221338
21   76   0.01835310806421293
21   77   0.2648555668944115
21   78   0.036965459086000955
21   79   0.004585890304196847
21   84   0.010724664813345322
22   23   0.004085284533783114
22   24   0.01830155088373567
22   25   0.10803747643421112
22   26   0.015305639201470695
22   27   0.09536832523619887
22   28   0.08651955167593035
22   36   0.054992876671573966
22   37   0.13337240860008778
22   38   0.12318451687162901
22   40   0.032313314842891676
22   43   0.1688475820050724
22   52   0.08261630426960323
22   65   0.13536658788642242
22   70   0.19939061221532983
22   71   0.15276909955547885
22   72   0.18006216535488745
22   73   0.2520346605330911
22   75   0.046267924298871665
22   76   0.020251795200569463
22   77   0.214890840507472
23   24   0.09212234086438259
23   26   0.1419779514584083
23   27   0.006178999240464452
23   28   0.08961399139931701
23   29   0.010561919654476313
23   30   0.031492091294524294
23   33   0.03660559732886999
23   34   0.04112997774396697
23   35   0.07388224799890206
23   36   0.03263419004794319
23   37   0.0008495405020940259
23   38   0.1998370787923108
23   39   0.20400023805505266
23   40   0.1058716052488402
23   43   0.017305333343131786
23   45   0.09950972153863788
23   46   0.003961165810983152
23   52   0.0031617346986155814
23   65   0.005250460686417144
23   70   0.01855589530744005
23   71   0.0034482384873217287
23   72   0.0261269612891509
23   73   0.08121255309255754
23   76   0.013125291186648543
23   77   0.10481432797673577
23   79   0.041007879154175454
23   84   0.0048499117429461
24   25   0.06376532408276038
24   26   0.02815434094170225
24   27   0.07584599626277186
24   28   0.006226120040259125
24   29   0.03863567280280508
24   30   0.04071094664129892
24   33   0.05501329233529977
24   34   0.01951232740369727
24   35   0.04409688861977284
24   36   0.10874366295393552
24   37   0.0812786938658824
24   38   0.09898581093039581
24   39   0.09659216566566534
24   40   0.042322965568801184
24   41   0.11662607932577904
24   43   0.09538764818499496
24   45   0.04200190645748916
24   47   0.03320826824321986
24   51   0.013330274453629288
24   52   0.2507821803168157
24   53   0.08623300292377332
24   55   0.07763250470302979
24   56   0.1772290511516776
24   58   0.01669466701073217
24   59   0.03465960290659535
24   61   0.0410393319772667
24   63   0.1272233612104934
24   65   0.10196180134932928
24   70   0.11488154259413985
24   71   0.13857412655844653
24   72   0.14826254042135703
24   73   0.08012773358478735
24   75   0.0778777738587169
24   76   0.09806912597786663
24   77   0.16830500976783278
24   78   0.09486121760381645
24   79   0.14016343045570676
24   83   0.12359725364049533
24   84   0.047677392029035835
25   26   0.11773188111329179
25   27   0.004087079083539333
25   31   0.026393720028515835
25   37   0.03804206496294744
25   38   0.07252584658875763
25   45   0.07136048265323815
25   51   0.1791180277680718
25   62   0.04914141095166371
25   74   0.04547797544934495
25   75   0.2232649478504353
25   76   0.08210075108377994
26   27   0.0042607996781414545
26   28   0.018964115012065914
26   29   0.1419998618003129
26   30   0.05641837517339421
26   31   0.021595027696364424
26   34   0.13417604753091594
26   35   0.0982614821626087
26   36   0.005662352282780522
26   37   0.020612994873171454
26   38   0.022142953298734322
26   39   0.03617490721405506
26   43   0.0031504007173080648
26   44   0.03273750499230655
26   45   0.022817039534613184
26   46   0.08746332116310282
26   51   0.10040898664737781
26   52   0.1822132564083618
26   60   0.2179204155196837
26   62   0.014523091929758057
26   66   0.06716849861097904
26   67   0.07862178450980443
26   68   0.03544165532031004
26   71   0.09164134509986606
26   72   8.328481786336727e-05
26   73   0.04637714257503319
26   74   0.1725280513262065
26   75   0.02226305590624858
26   76   0.14099738009953242
26   80   0.11000162638452803
26   83   0.035454842949849644
26   84   0.060109416157156835
27   28   0.14783521972714642
27   29   0.041661135851415766
27   30   0.049995478253263836
27   31   0.06520250945552006
27   34   0.12947001614399056
27   35   0.05715066464838689
27   36   0.05921759389067157
27   37   0.025624416422759255
27   38   0.06359386882018685
27   39   0.055690556811200005
27   40   0.007717368811359685
27   43   0.01677878308305123
27   44   0.018074956212151057
27   45   0.06578518470038236
27   46   0.17078106919908032
27   51   0.12865128893413327
27   52   0.05149830271963029
27   56   0.014266846908190012
27   58   0.1513531346264736
27   60   0.2117748129319408
27   62   0.016249117944492564
27   65   0.06729231906760312
27   66   0.011632843859763693
27   67   0.014871720177942723
27   68   0.07961090201815714
27   70   0.13060880479699918
27   71   0.17658156388173324
27   72   0.07574144332364303
27   73   0.0658894018626357
27   74   0.1082784789704721
27   75   0.01794904577176657
27   76   0.07003706048184992
27   77   0.04751471149903536
27   79   0.060342722747528325
27   80   0.008015273110061753
27   83   0.051120243813477344
27   84   0.002418663863998441
28   29   0.047956788775069016
28   30   0.04061134395231197
28   33   0.11750229151420752
28   34   0.02081312883691296
28   35   0.09214028950423774
28   36   0.09635720510666207
28   37   0.18338166144069953
28   38   0.04160686007389899
28   39   0.05935577099672907
28   40   0.017714327829461616
28   41   0.13135412184926762
28   43   0.14955890478890418
28   45   0.014759246310281896
28   47   0.09413682406563803
28   52   0.1313040052896496
28   53   0.01732364124106953
28   55   0.00532846895229356
28   56   0.15326841220088644
28   57   0.07153896557125299
28   58   0.009372647209610566
28   59   0.002260002309724824
28   61   0.06395252842860362
28   63   0.11221168121391006
28   65   0.10101071309641853
28   69   0.16874281472615266
28   70   0.09955974651964071
28   71   0.050670965823361405
28   72   0.05751348530409684
28   73   0.03220557416738826
28   76   0.15900927894032724
28   77   0.12845102291708765
28   78   0.10891841975521997
28   79   0.10016960888559835
28   83   0.18090769871116175
28   84   0.0459394275063512
29   30   0.07182205827533444
29   32   0.05778821413682907
29   33   0.019981733963386455
29   34   0.2254931677547492
29   36   0.0957308733947633
29   38   0.1040618513596067
29   40   0.025592170848804455
29   43   0.05706597782447284
29   73   0.07984227963007744
29   77   0.12682096488663028
30   33   0.015292906368849333
30   34   0.11107166904205257
30   36   0.16682687660319204
30   38   0.1645216201423688
30   39   0.06754029267617379
30   40   0.03483326712298338
30   65   0.05118957079381149
30   70   0.041788031187017925
30   76   0.051224702714419826
31   37   0.11739942098057604
31   38   0.027595636145173404
31   62   0.007723413615147271
31   75   0.05358389073854784
31   76   0.06059790108832521
31   80   0.0796332881543674
32   34   0.011997581306822483
32   36   0.08723390747453327
32   40   0.018974535929746718
32   41   0.21104932531648113
33   34   0.021713939341251584
33   38   0.11955231256671753
34   36   0.008138790715854233
34   37   0.12699360010037983
34   38   0.03368152561790619
34   39   0.07852094829383244
34   40   0.010057416739660503
34   41   0.05369667236186555
34   73   0.08673984184663609
34   75   0.12659063730902664
34   76   0.20516822874856783
34   77   0.04810047812449793
35   36   0.024622890940484667
35   37   0.04647183411144502
35   38   0.06153666382751828
35   39   0.060841805209716986
35   41   0.0027884662152840765
35   43   0.14303801410235975
35   44   0.08701128582809438
35   45   0.006447884529699606
35   46   0.09346579643103728
35   72   0.03545664585960711
35   76   0.09981693739681409
35   77   0.04461757594582923
35   84   0.15927189159137564
36   37   0.09706380206296743
36   38   0.03516748018409746
36   39   0.011447316916596428
36   40   0.11134462202042264
36   41   0.09799009774297911
36   43   0.038157072260663824
36   44   0.026994601037954362
36   45   0.07337789977640823
36   46   0.04981793466828769
36   47   0.02080117859137718
36   51   0.011839093722757566
36   52   0.10664415977547989
36   56   0.13089591708175047
36   58   0.031910334917616974
36   65   0.04329390844439551
36   70   0.08671190150134485
36   71   0.08475798860447663
36   72   0.158559887133854
36   73   0.05423074044711366
36   75   0.0400805566343597
36   76   0.18556561407240904
36   77   0.04427794447087588
36   83   0.06486549292348079
36   84   0.003447634096590021
37   38   0.03819389629510637
37   39   0.001555818190703561
37   40   0.012940202222409415
37   43   0.021066513106603277
37   44   0.00066568881769269
37   45   0.15296083977585115
37   51   0.07286685252789189
37   52   0.06770319646274238
37   62   0.17825876978540725
37   74   0.04160324129950444
37   75   0.01188030046495583
37   76   0.005815301525973635
37   80   0.023678447883151772
37   84   0.05343453973364354
38   39   0.012114887775786797
38   40   0.04452783989395281
38   41   0.08405169923740251
38   43   0.06987041750002583
38   44   0.05334800883206695
38   45   0.0055821335679721975
38   46   0.09526670818324458
38   51   0.02190155815825317
38   52   0.028614417630381434
38   56   0.14248142731483968
38   62   0.06873968895792085
38   65   0.0898129309413928
38   71   0.06279399429256996
38   72   0.1305410135438463
38   73   0.03369072672884242
38   75   0.10937110777611671
38   76   0.1548871950581406
38   77   0.0792198360888386
38   83   0.005815620263839277
38   84   0.11372200787598956
39   40   0.07963231545009594
39   43   0.1368630419951443
39   72   0.0658847439943642
39   73   0.16077635698586146
39   75   0.05195165454046945
39   76   0.027840589422964704
39   77   0.032351608941511366
39   84   0.06746961433568947
40   41   0.20400919936737216
40   43   0.008527309117078162
40   47   0.05381850832147569
40   58   0.07111466161950158
40   59   0.02380143177911724
40   61   0.09409253390999556
40   73   0.045084745092255074
40   77   0.02162928565454484
43   44   0.007951140557285451
43   45   0.054999375083605175
43   46   0.03695905242599483
43   47   0.01870464149475275
43   48   0.11532444185431603
43   51   0.05540612078068249
43   52   0.08211920448706365
43   53   0.18217431509531426
43   55   0.04971037726107215
43   56   0.029726453421982216
43   57   0.05035631490185718
43   58   0.03552923940190891
43   59   0.14213592956094617
43   61   0.02095068836874469
43   63   0.09418699366269039
43   64   0.0714632839712229
43   65   0.07062432505573209
43   66   0.04438229381397594
43   67   0.0538194527577501
43   68   0.045433125621936084
43   69   0.018584112567551537
43   70   0.016184808387777035
43   71   0.058741826141535794
43   72   0.028337624493405742
43   73   0.04734705442763563
43   75   0.07216493971943667
43   76   0.04803525827893292
43   77   0.10077107281267574
43   78   0.07852004337506857
43   79   0.24854960348815577
43   83   0.052922000887892624
43   84   0.023597703912970384
44   45   0.06423502709816814
44   46   0.021445936980079204
44   47   0.015063133536094737
44   49   0.15401555927600494
44   51   0.07304184824340129
44   52   0.02993161597564811
44   56   0.010324786278681077
44   60   0.029774595638514874
44   62   0.02547638722852387
44   65   0.0604916006206285
44   66   0.01805385224430556
44   67   0.003242825713531252
44   68   0.03210453291636175
44   70   0.1345670712261777
44   71   0.055548645401994466
44   72   0.04349484116244216
44   73   0.10776251683645591
44   75   0.01691798220137603
44   76   0.10411389907569225
44   77   0.20985593775047356
44   80   0.10765009448525412
44   83   0.051382126535345074
44   84   0.10818055953443088
45   46   0.0730668447428635
45   47   0.1602167153104457
45   48   0.013137795574355567
45   49   0.007320140588329174
45   50   0.03421016071436968
45   51   0.03852943269432433
45   52   0.05849332912190773
45   53   0.09215096900139383
45   55   0.10762224924641116
45   56   0.07671372830588366
45   57   0.06855307361166245
45   58   0.007280512774816924
45   59   0.035200588027905
45   60   0.008884681324774851
45   61   0.11606796902241774
45   62   0.06222842223659671
45   63   0.01978595272679089
45   65   0.0201543804567647
45   66   0.037150648569201646
45   67   0.012094024263330517
45   68   0.003357229804357145
45   69   0.028955519953324075
45   70   0.00699135235827414
45   71   0.004357043981888732
45   72   0.08643081908861762
45   73   0.0724314940671661
45   74   0.1275438383774302
45   75   0.08465087060016217
45   76   0.009289346636248148
45   77   0.03015481812491541
45   78   0.06388453087277766
45   79   0.11436429708906642
45   80   0.027033961558333163
45   82   0.03752411116598963
45   83   0.12517432176990287
45   84   0.0011353661111715464
46   47   0.1203313300790996
46   48   0.031307578011628256
46   52   0.12408211148844817
46   56   0.05212569100578793
46   63   0.10947296181295048
46   65   0.09528525692202175
46   66   0.09944954496901162
46   67   0.004920014968049167
46   68   0.1186750356760498
46   70   0.07681644934691068
46   72   0.15484854509832646
46   73   0.11306022867569494
46   75   0.1553625155075235
46   76   0.12818962080827365
46   77   0.047549990145089066
46   79   0.12233588757676432
46   83   0.11989960203809039
46   84   0.11507632368360779
47   48   0.19450542319487515
47   52   0.06457572338132343
47   53   0.19074763933372824
47   54   0.040393849125849396
47   55   0.02682275086260907
47   56   0.042044835852369615
47   57   0.07297029653121072
47   58   0.004810445758076544
47   59   0.18982145018562405
47   61   0.03399831441379529
47   63   0.1366476977098694
47   64   0.061778067335999
47   69   0.062076041581409475
47   71   0.026646691205983845
47   72   0.028973875700106625
47   73   0.02621589428814639
47   76   0.03140745590617191
47   77   0.0791591038712129
47   78   0.10598705769323832
47   79   0.047060544760080245
47   81   0.07793648075557637
47   83   0.08992948544355436
47   84   0.11514247329322791
48   54   0.10162147758180638
48   55   0.05693957130072225
48   57   0.035418488714223366
48   59   0.18899561223987263
48   61   0.12066233457706754
48   63   0.003185015482460505
48   73   0.13587710731000424
48   77   0.20256492803571946
48   81   0.14108642926400866
48   83   0.11285070715716204
49   60   0.0077520252494921935
50   56   0.09584948741065184
50   57   0.04227241585343349
50   59   0.06687102690934248
50   63   0.1004777045798087
50   75   0.1597963085100607
50   77   0.019579689219180307
50   78   0.09488167285354052
50   79   0.07408860446470625
50   83   0.013143585636926825
51   58   0.06400812100817876
51   62   0.010026250562073251
51   68   0.1753496262468106
51   71   0.1325329315547019
51   73   0.09300089591854059
51   74   0.05065037234961488
51   75   0.03722406110682037
51   76   0.005906151696768925
52   56   0.0032327627248220727
52   59   0.12353237728957084
52   66   0.005535597402695234
52   68   0.017894999706635144
52   70   0.11933523032308216
52   72   0.14732839445485663
52   73   0.09308514486050916
52   75   0.11003474201971139
52   76   0.051038841072504074
52   77   0.14003502759968917
52   79   0.03964730828106551
52   83   0.05289228923204198
52   84   0.06779508430884626
53   55   0.050079723568910606
53   56   0.019098312065069307
53   57   0.022411985347250217
53   58   0.06545002453935907
53   59   0.08092411873246483
53   61   0.1128173367129753
53   63   0.09504030650985462
53   69   0.005595043482400688
53   73   0.004180991290036653
53   77   0.06743769029042751
53   78   0.08226036633219373
53   83   0.24010833619533506
54   55   0.02220025051858483
54   64   0.19720447057691398
55   56   0.1965415286175524
55   57   0.058493865687024395
55   58   0.01484367446214349
55   59   0.007728739943979736
55   61   0.00692319484957624
55   63   0.15466915805482087
55   64   0.05354750230468001
55   69   0.04917613507222081
55   73   0.021766904378888226
55   77   0.07618006048490601
55   78   0.1167084434968445
55   83   0.07030115861149205
56   57   0.1269647732152633
56   58   0.1291602827435417
56   59   0.16735080871066693
56   61   0.0692412175648934
56   63   0.06918467200941754
56   64   0.1648683199185988
56   66   0.11911275013643552
56   68   0.07467823615814966
56   69   0.1011918552103343
56   70   0.0011167236856836295
56   72   0.1212291885621132
56   73   0.050702319745767215
56   75   0.006051283715992258
56   76   0.011098569369051436
56   77   0.008228552015386309
56   78   0.014523523731839398
56   79   0.09486720801021073
56   82   0.035124650482641157
56   83   0.14797706731762325
57   59   0.08347681842163208
57   61   0.06322965284853994
57   63   0.11879733584573555
57   64   0.04077727541008674
57   66   0.011243384258286295
57   69   0.027281650671682
57   70   0.05764674622813806
57   72   0.10236700063838347
57   73   0.016757458784232085
57   75   0.13601263836895716
57   76   0.14685028863615288
57   77   0.1622104858816444
57   78   0.052818571595157966
57   79   0.015654072203550983
57   83   0.02696101843989051
58   59   0.1176273731610511
58   61   0.052099399819037405
58   63   0.07478552947554536
58   64   0.09684886313317578
58   69   0.010967581490240193
58   71   0.06169978734266873
58   73   0.03418655527404338
58   74   0.06906547207032956
58   76   0.08609028206165927
58   77   0.0837455417236483
58   78   0.0008995807505900744
58   83   0.01715360021619287
59   61   0.06460841237628223
59   63   0.021836549305668303
59   64   0.025545310797227546
59   69   0.061910431259460316
59   73   0.05895403119391919
59   77   0.04390589582978652
59   78   0.025196846818674835
59   83   0.2359389863456559
60   62   0.07290273671251311
60   66   0.06933809866524974
60   67   0.04108954581040236
60   68   0.05492033294417813
60   75   0.0810339457896024
60   76   0.1455601208643963
60   83   0.06547112750332994
61   63   0.002186013754016887
61   64   0.006087956389664102
61   69   0.05617059008277503
61   73   0.023446518297782076
61   77   0.007167562235423276
61   78   0.07043190255888636
61   83   0.11124924269794072
62   74   0.14261239250587276
62   75   0.0622902997291828
62   76   0.05171575147305126
62   83   0.05054293880522986
63   66   0.08139041714958767
63   68   0.018890086761954857
63   69   0.004054722527500313
63   70   0.020279934733344235
63   72   0.021143200246363073
63   73   0.0002680882280205384
63   75   0.07264934791343619
63   76   0.012957893901778048
63   77   0.16053861615633844
63   78   0.11509712503691838
63   79   0.0669624572701658
63   83   0.0022094035343971858
64   69   0.05136897676128948
64   71   0.20940405171593218
64   73   0.13495233207420002
64   76   0.2685698211578487
64   77   0.1392549681454185
65   70   0.13766246395646461
65   71   0.0683018938445331
65   72   0.005098740438026683
65   73   0.12623782475788742
65   76   0.06268469633145983
65   77   0.08736282250321199
65   79   0.10793840392709131
65   83   0.15873849502478776
65   84   0.16581821841861183
66   67   0.012649601815966954
66   68   0.012929351236185611
66   70   0.1841479142121992
66   72   0.010259540882043039
66   73   0.04342133226232363
66   75   0.13169210097094072
66   76   0.09263778173901716
66   77   0.22616992983816134
66   78   0.05949634392942898
66   79   0.13337068421716175
66   83   0.1856277995862413
67   68   0.04326938696478856
67   70   0.046982264929631784
67   72   0.020018962425662184
67   75   0.10093280519588277
67   76   0.10815878662687284
67   83   0.06494276729221515
68   70   0.010180199662656472
68   72   0.020701944344284236
68   75   0.01213635473943584
68   76   0.13277624925566264
68   77   0.12293902862776457
68   79   0.011575479198000676
68   83   0.023708491972135547
69   73   0.08651183975581746
69   77   0.08181231640638933
69   78   0.0416790234343808
69   83   0.1261241873907044
70   71   0.01605982489393727
70   72   0.05402058009694686
70   73   0.07253275304966464
70   75   0.09280301278168715
70   76   0.07626161890557959
70   77   0.028787630207185298
70   78   0.11479127440439496
70   79   0.2601552158514717
70   82   0.013408909707806631
70   83   0.07848965337738462
70   84   0.06371334277271402
71   72   0.007741892567782696
71   73   0.04325978647160361
71   74   0.1029573492184188
71   76   0.03324112248445609
71   77   0.0595237001383703
72   73   0.07569434884760863
72   75   0.015281106376166122
72   76   0.031609123060288014
72   77   0.008443449523220202
72   78   0.03431769039114454
72   79   0.01987568509264013
72   83   0.09573675029780247
72   84   0.012552409644721152
73   74   0.033404157030114574
73   76   0.024490516682605216
73   77   0.018779812239650095
73   78   0.1198422928857551
73   79   0.045476884265933715
73   83   0.14017272334257247
73   84   0.09471966149371501
74   76   0.02847261283752708
75   76   0.11627233415487276
75   77   0.051269473716245295
75   78   0.1573446109376833
75   79   0.05287730490759302
75   80   0.07103592090200996
75   83   0.032295113042772064
75   84   0.12652305607348022
76   77   0.0903373020795617
76   78   0.06502055343808238
76   79   0.046392835649227276
76   80   0.05029691274743712
76   83   0.03094833877690869
76   84   0.1410316558271064
77   78   0.09088978737093592
77   79   0.07246363639859407
77   82   0.029236709959293627
77   83   0.10618504390425804
77   84   0.015317110393290501
78   79   0.060367258982494634
78   81   0.10700524569004013
78   82   0.14307030605878154
78   83   0.0221482205356113
79   82   0.07397316849732018
79   83   0.1406564747185596
81   83   0.06549280533944327
82   83   0.01703924484985583
