1   7   0.072
1   8   0.153
1   14   0.05
1   23   0.129
1   29   0.032
1   30   0.164
2   9   0.009
2   13   0.094
2   22   0.06
2   24   0.07
2   25   0.181
2   26   0.011
2   27   0.11
2   31   0.052
2   36   0.082
2   37   0.035
2   38   0.09
2   42   0.104
2   51   0.126
2   76   0.089
3   7   0.047
3   8   0.004
3   17   0.039
3   21   0.118
3   23   0.138
3   26   0.049
3   27   0.052
3   36   0.121
3   37   0.101
3   38   0.003
3   39   0.019
3   76   0.001
4   9   0.132
4   10   0.139
4   12   0.07
4   15   0.007
4   20   0.051
4   24   0.104
4   28   0.044
5   6   0.112
5   12   0.039
5   15   0.016
5   24   0.001
5   32   0.103
5   34   0.026
5   40   0.004
5   41   0.085
6   7   0.044
6   8   0.034
6   10   0.103
6   12   0.039
6   15   0.02
6   28   0.051
6   32   0.102
6   40   0.025
6   41   0.078
7   8   0.023
7   10   0.083
7   14   0.127
7   23   0.066
7   24   0.067
7   28   0.039
7   29   0.106
7   30   0.036
7   33   0.144
7   36   0.041
7   38   0.006
8   10   0.024
8   12   0.049
8   14   0.184
8   17   0.061
8   23   0.004
8   28   0.026
8   30   0.053
8   32   0.034
8   40   0.076
8   41   0.012
9   10   0.13
9   12   0.148
9   15   0.039
9   20   0.082
9   22   0.113
9   24   0.028
9   27   0.055
9   28   0.059
9   36   0.093
9   40   0.012
9   58   0.072
9   73   0.079
9   77   0.133
10   12   0.158
10   14   0.063
10   15   0.064
10   20   0.001
10   28   0.129
10   29   0.026
10   34   0.021
10   36   0.001
10   40   0.143
10   41   0.134
11   13   0.02
11   17   0.141
11   18   0.035
11   19   0.11
11   25   0.024
11   26   0.036
11   27   0.023
11   31   0.111
11   34   0.114
11   37   0.058
11   38   0.172
11   42   0.027
11   49   0.051
11   62   0.012
11   80   0.021
12   15   0.022
12   20   0.149
12   24   0.127
12   28   0.019
12   40   0.091
13   25   0.043
13   26   0.068
13   27   0.084
13   31   0.046
13   34   0.14
13   36   0.086
13   37   0.031
13   38   0.088
13   41   0.049
13   42   0.039
13   44   0.124
13   49   0.044
13   62   0.013
13   74   0.035
13   75   0.012
13   76   0.085
13   80   0.046
14   17   0.085
14   23   0.024
14   28   0.001
14   29   0.014
14   30   0.028
14   32   0.018
14   34   0.102
14   41   0.063
15   20   0.003
15   24   0.093
15   28   0.046
15   36   0.016
15   40   0.019
16   21   0.023
16   22   0.008
16   23   0.032
16   24   0.146
16   27   0.056
16   28   0.017
16   36   0.082
16   38   0.061
16   39   0.098
16   65   0.016
16   71   0.045
16   72   0.058
16   76   0.008
17   18   0.147
17   19   0.053
17   21   0.138
17   23   0.201
17   26   0.003
17   27   0.098
17   29   0.079
17   30   0.099
17   34   0.027
17   36   0.018
17   37   0.042
17   38   0.131
17   76   0.069
18   19   0.046
18   26   0.104
18   27   0.05
18   31   0.132
18   34   0.115
18   36   0.015
18   37   0.031
18   38   0.036
18   76   0.051
19   26   0.001
19   27   0.159
19   34   0.016
19   36   0.094
19   37   0.086
19   38   0.173
19   76   0.073
20   24   0.054
20   28   0.027
21   23   0.148
21   28   0.194
21   30   0.114
21   33   0.091
21   34   0.036
21   36   0.038
21   37   0.019
21   38   0.053
21   39   0.102
21   40   0.044
22   23   0.037
22   24   0.024
22   25   0.04
22   27   0.118
22   28   0.164
22   36   0.094
22   65   0.167
22   71   0.228
22   72   0.205
22   76   0.121
23   27   0.043
23   28   0.154
23   29   0.005
23   30   0.048
23   34   0.016
23   36   0.017
23   37   0.064
23   38   0.162
23   39   0.204
23   40   0.069
23   65   0.051
23   71   0.028
23   72   0.141
23   76   0.043
24   27   0.086
24   28   0.063
24   33   0.109
24   36   0.061
24   40   0.03
24   58   0.013
24   71   0.096
24   73   0.069
24   77   0.141
25   26   0.073
25   27   0.043
25   31   0.06
25   42   0.117
25   49   0.079
25   62   0.055
25   74   0.09
25   75   0.159
25   76   0.053
25   80   0.1
26   27   0.081
26   31   0.014
26   34   0.108
26   36   0.116
26   37   0.085
26   38   0.074
26   39   0.046
26   42   0.006
26   51   0.007
26   62   0.01
26   67   0.078
26   74   0.115
26   75   0.033
26   76   0.082
26   80   0.13
27   28   0.173
27   31   0.133
27   34   0.073
27   36   0.084
27   37   0.069
27   38   0.077
27   39   0.07
27   42   0.025
27   43   0.018
27   44   0.055
27   45   0.115
27   46   0.072
27   51   0.099
27   52   0.002
27   62   0.022
27   65   0.05
27   66   0.004
27   68   0.095
27   71   0.197
27   72   0.005
27   74   0.113
27   75   0.009
27   76   0.123
27   80   0.084
28   29   0.084
28   30   0.095
28   33   0.049
28   34   0.005
28   36   0.042
28   38   0.05
28   39   0.065
28   40   0.009
28   58   0.013
28   73   0.006
28   77   0.102
29   30   0.109
29   32   0.004
29   33   0.004
29   34   0.125
29   41   0.047
30   33   0.04
30   34   0.094
30   36   0.098
30   38   0.143
31   34   0.011
31   37   0.057
31   38   0.082
31   62   0.017
31   74   0.018
31   75   0.071
31   76   0.074
31   80   0.074
32   34   0.021
32   36   0.131
32   40   0.051
32   41   0.1
33   34   0.033
33   38   0.135
34   36   0.042
34   38   0.114
34   41   0.089
34   42   0.056
35   36   0.079
35   39   0.026
35   46   0.01
35   84   0.129
36   37   0.072
36   38   0.031
36   39   0.043
36   40   0.13
36   41   0.023
36   42   0.1
36   76   0.181
36   84   0.049
37   38   0.079
37   39   0.061
37   42   0.005
37   62   0.119
37   76   0.039
38   39   0.081
38   41   0.082
38   42   0.016
38   76   0.148
39   40   0.119
39   41   0.064
39   76   0.05
39   84   0.001
40   41   0.168
42   44   0.044
42   49   0.029
42   62   0.093
43   44   0.006
43   45   0.073
43   46   0.053
43   47   0.026
43   48   0.083
43   49   0.005
43   51   0.04
43   52   0.085
43   56   0.036
43   58   0.01
43   59   0.166
43   64   0.102
43   65   0.061
43   67   0.078
43   68   0.105
43   70   0.017
43   71   0.047
43   72   0.024
43   73   0.062
43   75   0.004
43   76   0.007
43   77   0.092
43   81   0.149
43   83   0.089
43   84   0.028
44   45   0.147
44   46   0.041
44   49   0.118
44   51   0.072
44   52   0.056
44   60   0.059
44   62   0.006
44   66   0.015
44   67   0.049
44   68   0.099
44   70   0.091
44   72   0.052
44   75   0.017
44   76   0.098
44   80   0.074
45   46   0.176
45   48   0.028
45   49   0.006
45   51   0.002
45   52   0.062
45   56   0.005
45   59   0.078
45   60   0.017
45   62   0.024
45   66   0.093
45   67   0.027
45   68   0.074
45   70   0.008
45   72   0.093
45   75   0.169
45   76   0.005
45   77   0.029
45   78   0.029
45   79   0.097
45   80   0.007
45   82   0.038
45   83   0.048
46   47   0.052
46   48   0.002
46   52   0.089
46   65   0.119
46   70   0.069
46   72   0.147
46   75   0.066
46   76   0.084
46   77   0.065
46   84   0.044
47   48   0.206
47   54   0.024
47   55   0.056
47   56   0.043
47   57   0.061
47   58   0.009
47   59   0.152
47   61   0.124
47   63   0.147
47   64   0.095
47   72   0.07
47   73   0.011
47   77   0.063
47   81   0.037
48   54   0.064
48   55   0.024
48   57   0.107
48   59   0.153
48   63   0.061
48   77   0.139
48   78   0.045
48   81   0.038
48   83   0.176
49   51   0.182
49   60   0.046
49   62   0.015
49   74   0.068
49   80   0.117
49   83   0.008
50   56   0.051
50   57   0.034
50   63   0.086
50   78   0.011
50   79   0.158
51   58   0.098
51   62   0.008
51   71   0.084
51   73   0.068
51   74   0.048
51   75   0.049
51   76   0.032
52   56   0.071
52   57   0.097
52   66   0.048
52   68   0.023
52   72   0.066
52   75   0.078
52   76   0.03
52   77   0.068
53   58   0.112
53   59   0.142
53   61   0.165
53   64   0.131
53   69   0.048
53   73   0.061
53   77   0.097
54   64   0.203
54   73   0.087
54   81   0.005
54   83   0.014
55   56   0.171
55   57   0.078
55   59   0.103
55   61   0.005
55   64   0.05
55   77   0.086
55   81   0.118
56   57   0.128
56   59   0.093
56   63   0.047
56   66   0.075
56   70   0.006
56   72   0.033
56   73   0.017
56   77   0.089
56   78   0.042
56   79   0.111
56   83   0.104
57   59   0.041
57   61   0.012
57   63   0.024
57   64   0.058
57   77   0.155
57   79   0.02
57   81   0.053
58   59   0.076
58   61   0.05
58   64   0.056
58   71   0.001
58   73   0.079
58   76   0.085
58   77   0.078
59   61   0.009
59   63   0.077
59   64   0.042
59   69   0.039
59   77   0.079
59   78   0.021
59   83   0.302
60   62   0.058
60   67   0.03
60   68   0.001
60   74   0.044
60   75   0.055
60   80   0.111
60   83   0.016
61   64   0.072
61   69   0.013
61   73   0.015
61   77   0.045
62   74   0.111
62   75   0.058
62   76   0.036
62   80   0.106
62   83   0.018
63   75   0.084
63   77   0.12
63   78   0.121
63   79   0.082
63   81   0.034
63   83   0.008
64   69   0.041
64   73   0.095
64   77   0.118
65   70   0.029
65   71   0.135
65   72   0.057
65   73   0.079
65   76   0.001
65   77   0.094
66   67   0.017
66   68   0.006
66   70   0.156
66   72   0.054
66   75   0.259
66   76   0.101
66   79   0.129
66   83   0.193
67   68   0.004
67   75   0.112
67   76   0.099
67   80   0.135
67   83   0.044
68   72   0.026
68   75   0.054
68   76   0.146
68   79   0.032
68   83   0.003
69   73   0.005
69   77   0.159
70   72   0.125
70   77   0.006
70   79   0.218
70   82   0.01
70   83   0.063
71   72   0.009
71   73   0.075
71   74   0.092
71   76   0.047
71   77   0.032
72   75   0.071
72   76   0.017
72   77   0.007
72   79   0.056
72   83   0.083
73   76   0.03
73   77   0.019
73   78   0.126
74   75   0.094
74   76   0.001
74   80   0.017
75   76   0.105
75   80   0.067
75   83   0.066
76   80   0.002
76   83   0.029
77   78   0.101
77   79   0.054
77   82   0.055
77   83   0.146
78   79   0.172
78   81   0.107
78   82   0.177
78   83   0.037
79   82   0.048
79   83   0.095
80   83   0.047
81   83   0.042
82   83   0.014
