1   3   0.126
1   6   0.055
1   7   0.037
1   8   0.159
1   10   0.072
1   14   0.022
1   17   0.017
1   19   0.002
1   21   0.016
1   23   0.034
1   24   0.152
1   26   0.05
1   27   0.162
1   28   0.038
1   29   0.162
1   30   0.022
1   33   0.008
1   34   0.073
1   36   0.025
1   38   0.089
1   73   0.049
1   77   0.041
2   3   0.096
2   9   0.021
2   11   0.096
2   13   0.103
2   15   0.096
2   16   0.043
2   17   0.091
2   18   0.009
2   19   0.113
2   22   0.143
2   23   0.018
2   24   0.138
2   25   0.027
2   26   0.118
2   27   0.139
2   28   0.121
2   31   0.043
2   34   0.233
2   36   0.068
2   37   0.02
2   38   0.015
2   39   0.061
2   42   0.13
2   43   0.019
2   44   0.042
2   45   0.058
2   49   0.048
2   51   0.05
2   52   0.3
2   60   0.16
2   62   0.021
2   66   0.089
2   68   0.056
2   71   0.135
2   72   0.083
2   74   0.037
2   75   0.081
2   76   0.128
2   80   0.119
3   6   0.037
3   7   0.049
3   8   0.023
3   10   0.086
3   14   0.1
3   17   0.04
3   19   0.091
3   21   0.052
3   22   0.165
3   23   0.007
3   24   0.034
3   26   0.035
3   27   0.073
3   28   0.001
3   29   0.007
3   30   0.025
3   33   0.097
3   34   0.01
3   36   0.085
3   37   0.042
3   38   0.059
3   39   0.056
3   40   0.097
3   43   0.025
3   44   0.045
3   45   0.07
3   46   0.127
3   51   0.083
3   52   0.135
3   65   0.036
3   66   0.047
3   68   0.069
3   71   0.011
3   72   0.074
3   75   0.115
3   76   0.133
4   5   0.099
4   6   0.093
4   7   0.034
4   8   0.106
4   9   0.008
4   10   0.15
4   12   0.084
4   14   0.077
4   15   0.024
4   20   0.027
4   24   0.07
4   28   0.068
4   29   0.161
4   34   0.082
4   36   0.129
4   38   0.087
4   40   0.152
4   41   0.014
4   47   0.002
4   53   0.091
4   58   0.006
4   59   0.115
4   61   0.084
4   64   0.077
4   69   0.018
4   73   0.032
4   77   0.016
5   6   0.015
5   7   0.052
5   8   0.008
5   9   0.133
5   10   0.023
5   12   0.004
5   15   0.015
5   20   0.024
5   24   0.066
5   27   0.161
5   28   0.075
5   29   0.064
5   32   0.009
5   34   0.042
5   35   0.038
5   36   0.112
5   40   0.001
5   41   0.125
5   47   0.204
5   84   0.047
6   7   0.043
6   8   0.071
6   9   0.18
6   10   0.076
6   12   0.037
6   13   0.055
6   14   0.067
6   15   0.028
6   17   0.031
6   20   0.079
6   23   0.071
6   24   0.019
6   26   0.045
6   28   0.068
6   29   0.028
6   30   0.023
6   32   0.022
6   36   0.105
6   38   0.05
6   39   0.031
6   40   0.059
6   41   0.121
6   42   0.049
6   47   0.019
6   58   0.077
6   59   0.142
6   73   0.072
6   77   0.062
7   8   0.074
7   9   0.051
7   10   0.035
7   12   0.008
7   14   0.099
7   15   0.056
7   17   0.035
7   19   0.196
7   20   0.078
7   21   0.066
7   23   0.029
7   24   0.016
7   26   0.004
7   27   0.059
7   28   0.07
7   29   0.08
7   30   0.085
7   32   0.15
7   33   0.064
7   34   0.048
7   36   0.044
7   37   0.172
7   38   0.01
7   39   0.002
7   40   0.008
7   41   0.14
7   43   0.047
7   45   0.138
7   47   0.001
7   58   0.031
7   73   0.011
7   77   0.059
8   9   0.053
8   10   0.018
8   12   0.098
8   13   0.041
8   14   0.063
8   15   0.068
8   17   0.062
8   19   0.041
8   20   0.048
8   21   0.137
8   23   0.071
8   24   0.034
8   26   0.047
8   27   0.047
8   28   0.1
8   29   0.015
8   30   0.127
8   32   0.082
8   33   0.137
8   34   0.057
8   36   0.026
8   38   0.142
8   39   0.083
8   40   0.018
8   41   0.142
8   42   0.049
8   43   0.113
8   56   0.023
8   58   0.071
8   73   0.056
8   77   0.089
9   10   0.081
9   12   0.019
9   13   0.004
9   14   0.042
9   15   0.002
9   16   0.119
9   17   0.043
9   20   0.035
9   22   0.015
9   23   0.097
9   24   0.07
9   25   0.009
9   26   0.084
9   27   0.068
9   28   0.01
9   29   0.01
9   30   0.031
9   31   0.049
9   33   0.033
9   34   0.104
9   37   0.048
9   38   0.007
9   39   0.177
9   40   0.129
9   41   0.104
9   42   0.025
9   43   0.038
9   45   0.017
9   47   0.097
9   49   0.161
9   53   0.108
9   56   0.116
9   58   0.011
9   59   0.109
9   61   0.144
9   62   0.08
9   64   0.01
9   65   0.009
9   69   0.094
9   71   0.073
9   72   0.041
9   73   0.079
9   75   0.138
9   76   0.044
9   77   0.065
9   78   0.047
9   79   0.084
9   80   0.087
9   83   0.055
10   12   0.066
10   13   0.181
10   14   0.086
10   15   0.042
10   20   0.134
10   24   0.012
10   28   0.072
10   29   0.017
10   30   0.008
10   32   0.051
10   33   0.023
10   34   0.074
10   36   0.082
10   38   0.073
10   39   0.005
10   40   0.135
10   41   0.022
10   43   0.027
10   47   0.073
10   53   0.048
10   55   0.068
10   57   0.036
10   58   0.021
10   59   0.138
10   61   0.056
10   64   0.008
10   69   0.148
10   73   0.026
10   77   0.027
11   13   0.171
11   14   0.058
11   17   0.048
11   18   0.108
11   19   0.036
11   23   0.016
11   25   0.044
11   26   0.159
11   27   0.021
11   29   0.069
11   31   0.015
11   32   0.132
11   34   0.041
11   36   0.137
11   37   0.108
11   38   0.196
11   39   0.106
11   41   0.113
11   42   0.216
11   44   0.021
11   49   0.059
11   51   0.036
11   60   0.04
11   62   0.095
11   67   0.099
11   74   0.01
11   75   0.103
11   76   0.106
11   80   0.063
12   13   0.211
12   14   0.134
12   15   0.03
12   20   0.031
12   24   0.013
12   28   0.089
12   29   0.032
12   32   0.082
12   34   0.109
12   36   0.141
12   38   0.066
12   40   0.028
12   41   0.12
12   42   0.191
12   47   0.021
12   53   0.096
12   54   0.004
12   58   0.067
12   59   0.028
12   61   0.179
12   64   0.114
12   69   0.003
12   73   0.136
12   77   0.003
13   14   0.061
13   18   0.02
13   22   0.027
13   24   0.078
13   25   0.067
13   26   0.176
13   27   0.009
13   29   0.088
13   31   0.084
13   32   0.033
13   34   0.187
13   36   0.138
13   37   0.024
13   38   0.121
13   39   0.093
13   40   0.105
13   41   0.048
13   42   0.026
13   43   0.003
13   44   0.021
13   45   0.012
13   46   0.001
13   48   0.112
13   49   0.059
13   51   0.055
13   60   0.062
13   62   0.064
13   67   0.104
13   71   0.051
13   74   0.003
13   75   0.056
13   76   0.026
13   80   0.096
13   83   0.066
14   15   0.157
14   17   0.119
14   18   0.065
14   19   0.01
14   20   0.087
14   21   0.206
14   23   0.133
14   24   0.049
14   26   0.04
14   27   0.065
14   28   0.089
14   29   0.061
14   30   0.129
14   32   0.069
14   33   0.038
14   34   0.065
14   36   0.101
14   38   0.133
14   39   0.065
14   40   0.096
14   41   0.007
14   42   0.054
14   73   0.045
14   77   0.005
15   20   0.1
15   21   0.05
15   22   0.021
15   23   0.012
15   24   0.01
15   27   0.085
15   28   0.038
15   29   0.002
15   30   0.058
15   32   0.244
15   34   0.165
15   35   0.141
15   36   0.121
15   37   0.006
15   38   0.124
15   39   0.152
15   40   0.084
15   41   0.004
15   43   0.041
15   47   0.019
15   53   0.008
15   58   0.071
15   59   0.041
15   61   0.121
15   64   0.08
15   69   0.161
15   73   0.172
15   77   0.056
15   84   0.145
16   17   0.091
16   21   0.085
16   22   0.052
16   23   0.146
16   24   0.043
16   26   0.079
16   27   0.055
16   28   0.008
16   30   0.147
16   34   0.018
16   36   0.048
16   37   0.045
16   38   0.065
16   39   0.072
16   40   0.016
16   43   0.03
16   45   0.03
16   46   0.104
16   52   0.033
16   65   0.018
16   70   0.053
16   71   0.022
16   72   0.009
16   73   0.122
16   76   0.03
16   77   0.005
16   79   0.043
17   18   0.185
17   19   0.153
17   21   0.076
17   22   0.084
17   23   0.121
17   24   0.071
17   26   0.084
17   27   0.084
17   28   0.121
17   29   0.028
17   30   0.1
17   33   0.057
17   34   0.114
17   36   0.116
17   37   0.102
17   38   0.024
17   39   0.041
17   43   0.095
17   44   0.066
17   51   0.02
17   52   0.009
17   66   0.02
17   72   0.069
17   75   0.009
17   76   0.047
18   19   0.045
18   21   0.103
18   23   0.108
18   25   0.067
18   26   0.004
18   27   0.009
18   29   0.002
18   30   0.006
18   31   0.14
18   34   0.052
18   36   0.013
18   37   0.113
18   38   0.18
18   39   0.01
18   42   0.096
18   44   0.065
18   62   0.127
18   67   0.132
18   74   0.281
18   75   0.085
18   76   0.03
18   80   0.032
19   21   0.168
19   23   0.093
19   25   0.097
19   26   0.035
19   27   0.093
19   28   0.118
19   29   0.033
19   30   0.068
19   31   0.093
19   33   0.095
19   34   0.06
19   36   0.077
19   37   0.029
19   38   0.112
19   39   0.06
19   44   0.044
19   51   0.151
19   68   0.026
19   74   0.089
19   75   0.051
19   76   0.067
19   80   0.26
20   24   0.037
20   28   0.066
20   29   0.009
20   32   0.096
20   34   0.122
20   36   0.05
20   38   0.083
20   40   0.127
20   41   0.061
20   47   0.057
20   53   0.003
20   58   0.081
20   59   0.004
20   61   0.241
20   64   0.004
20   69   0.022
20   73   0.11
20   77   0.069
21   22   0.034
21   23   0.155
21   24   0.015
21   26   0.062
21   27   0.051
21   28   0.034
21   30   0.092
21   33   0.013
21   34   0.1
21   35   0.01
21   36   0.054
21   37   0.086
21   38   0.008
21   39   0.008
21   40   0.021
21   41   0.03
21   43   0.065
21   65   0.061
21   70   0.11
21   71   0.045
21   72   0.043
21   73   0.017
21   76   0.02
21   77   0.159
21   78   0.035
21   79   0.078
21   82   0.198
22   23   0.028
22   24   0.063
22   25   0.034
22   26   0.113
22   27   0.087
22   28   0.058
22   29   0.006
22   30   0.097
22   31   0.104
22   34   0.029
22   36   0.091
22   37   0.119
22   38   0.129
22   39   0.046
22   40   0.101
22   42   0.114
22   43   0.026
22   44   0.032
22   45   0.07
22   46   0.102
22   52   0.053
22   58   0.142
22   62   0.034
22   65   0.006
22   70   0.06
22   71   0.057
22   72   0.022
22   73   0.112
22   75   0.028
22   76   0.024
22   77   0.082
22   79   0.007
22   80   0.055
23   24   0.055
23   26   0.11
23   27   0.053
23   28   0.045
23   29   0.002
23   30   0.13
23   33   0.021
23   34   0.107
23   35   0.086
23   36   0.018
23   37   0.024
23   38   0.026
23   39   0.042
23   40   0.061
23   41   0.111
23   43   0.058
23   44   0.041
23   45   0.028
23   46   0.049
23   51   0.024
23   52   0.019
23   65   0.079
23   66   0.009
23   70   0.08
23   71   0.053
23   72   0.055
23   73   0.057
23   76   0.094
23   77   0.166
23   79   0.021
23   84   0.034
24   25   0.062
24   26   0.022
24   27   0.018
24   28   0.041
24   29   0.022
24   30   0.061
24   31   0.036
24   32   0.005
24   33   0.093
24   34   0.001
24   36   0.048
24   37   0.238
24   38   0.076
24   39   0.027
24   40   0.018
24   41   0.105
24   42   0.037
24   43   0.039
24   45   0.052
24   46   0.049
24   47   0.024
24   48   0.065
24   50   0.111
24   51   0.084
24   52   0.22
24   53   0.015
24   55   0.104
24   56   0.066
24   57   0.054
24   58   0.026
24   59   0.024
24   61   0.01
24   62   0.068
24   63   0.08
24   64   0.107
24   65   0.001
24   69   0.142
24   70   0.105
24   71   0.041
24   72   0.034
24   73   0.017
24   76   0.165
24   77   0.056
24   78   0.029
24   79   0.133
24   80   0.037
24   82   0.093
24   83   0.033
25   26   0.053
25   27   0.002
25   31   0.067
25   34   0.068
25   36   0.122
25   37   0.061
25   38   0.015
25   42   0.036
25   43   0.062
25   44   0.033
25   45   0.061
25   49   0.009
25   51   0.223
25   60   0.111
25   62   0.024
25   67   0.123
25   74   0.063
25   75   0.054
25   76   0.045
25   80   0.04
26   27   0.09
26   28   0.01
26   29   0.084
26   30   0.016
26   31   0.026
26   33   0.127
26   34   0.08
26   36   0.062
26   37   0.015
26   38   0.058
26   39   0.033
26   42   0.093
26   43   0.029
26   44   0.083
26   45   0.051
26   46   0.094
26   49   0.182
26   51   0.15
26   52   0.036
26   60   0.012
26   62   0.046
26   66   0.085
26   67   0.019
26   68   0.013
26   71   0.175
26   74   0.024
26   75   0.123
26   76   0.123
26   80   0.108
26   83   0.102
27   28   0.033
27   29   0.037
27   30   0.11
27   31   0.126
27   33   0.135
27   34   0.026
27   35   0.042
27   36   0.047
27   37   0.043
27   38   0.01
27   39   0.062
27   40   0.044
27   41   0.117
27   42   0.037
27   43   0.035
27   44   0.066
27   45   0.017
27   46   0.091
27   47   0.03
27   49   0.037
27   51   0.162
27   52   0.172
27   58   0.15
27   60   0.1
27   65   0.124
27   66   0.014
27   67   0.051
27   68   0.022
27   70   0.113
27   71   0.06
27   72   0.18
27   73   0.099
27   74   0.059
27   75   0.087
27   76   0.082
27   77   0.183
27   80   0.054
27   83   0.078
27   84   0.007
28   29   0.004
28   30   0.008
28   32   0.085
28   33   0.059
28   34   0.073
28   35   0.093
28   36   0.112
28   37   0.169
28   38   0.054
28   39   0.04
28   40   0.057
28   41   0.075
28   43   0.084
28   45   0.068
28   46   0.058
28   47   0.08
28   48   0.049
28   50   0.04
28   53   0.118
28   55   0.003
28   56   0.142
28   57   0.067
28   58   0.017
28   59   0.028
28   61   0.06
28   63   0.03
28   64   0.181
28   65   0.138
28   69   0.103
28   70   0.125
28   71   0.001
28   72   0.028
28   73   0.066
28   76   0.004
28   77   0.111
28   78   0.031
28   79   0.019
28   82   0.038
28   83   0.138
29   30   0.061
29   32   0.09
29   33   0.175
29   34   0.121
29   36   0.031
29   38   0.025
29   39   0.073
29   40   0.163
29   41   0.014
29   42   0.147
29   43   0.063
29   58   0.079
29   73   0.068
29   77   0.021
30   33   0.043
30   34   0.001
30   36   0.049
30   37   0.065
30   38   0.101
30   39   0.069
30   40   0.044
30   41   0.072
30   43   0.011
30   45   0.076
30   58   0.181
30   65   0.073
30   70   0.049
30   71   0.045
30   73   0.067
30   77   0.021
30   78   0.011
30   79   0.183
31   34   0.069
31   36   0.054
31   37   0.13
31   38   0.001
31   42   0.092
31   43   0.153
31   44   0.155
31   45   0.152
31   49   0.167
31   51   0.162
31   60   0.188
31   62   0.015
31   67   0.066
31   68   0.079
31   71   0.059
31   74   0.152
31   75   0.053
31   76   0.007
31   80   0.073
32   34   0.02
32   36   0.032
32   38   0.036
32   39   0.158
32   40   0.088
32   41   0.029
32   42   0.114
33   34   0.067
33   36   0.102
33   38   0.083
33   43   0.027
33   73   0.087
33   77   0.078
34   36   0.01
34   37   0.029
34   38   0.129
34   39   0.069
34   40   0.026
34   41   0.05
34   42   0.113
34   43   0.038
34   49   0.015
34   51   0.104
34   58   0.085
34   73   0.031
34   74   0.065
34   75   0.019
34   76   0.027
34   77   0.006
34   80   0.087
35   36   0.184
35   37   0.089
35   38   0.173
35   39   0.001
35   40   0.051
35   41   0.147
35   42   0.007
35   43   0.128
35   44   0.084
35   45   0.059
35   46   0.049
35   47   0.003
35   48   0.122
35   54   0.062
35   64   0.018
35   72   0.067
35   84   0.004
36   37   0.169
36   38   0.176
36   39   0.128
36   40   0.017
36   41   0.081
36   42   0.019
36   43   0.033
36   44   0.081
36   45   0.069
36   46   0.099
36   47   0.106
36   48   0.071
36   51   0.087
36   52   0.003
36   56   0.167
36   58   0.021
36   64   0.025
36   65   0.148
36   66   0.057
36   68   0.017
36   70   0.049
36   71   0.067
36   72   0.163
36   73   0.047
36   74   0.002
36   75   0.028
36   76   0.04
36   77   0.074
36   78   0.009
36   79   0.139
36   80   0.004
36   82   0.127
36   83   0.064
36   84   0.1
37   38   0.056
37   39   0.121
37   40   0.005
37   41   0.094
37   42   0.113
37   43   0.062
37   44   0.012
37   45   0.031
37   46   0.043
37   49   0.07
37   51   0.022
37   52   0.009
37   60   0.012
37   62   0.006
37   65   0.002
37   67   0.119
37   68   0.021
37   71   0.005
37   72   0.029
37   74   0.043
37   75   0.075
37   76   0.022
37   80   0.045
37   84   0.126
38   39   0.059
38   40   0.113
38   41   0.142
38   42   0.18
38   43   0.043
38   44   0.072
38   45   0.095
38   46   0.03
38   48   0.046
38   49   0.122
38   51   0.039
38   52   0.012
38   56   0.086
38   58   0.061
38   62   0.067
38   65   0.116
38   66   0.06
38   67   0.188
38   68   0.02
38   71   0.156
38   72   0.258
38   73   0.009
38   74   0.106
38   75   0.015
38   76   0.071
38   80   0.016
38   84   0.1
39   40   0.087
39   41   0.098
39   42   0.025
39   43   0.019
39   44   0.126
39   45   0.006
39   46   0.026
39   48   0.168
39   51   0.008
39   52   0.041
39   65   0.087
39   71   0.034
39   72   0.021
39   73   0.04
39   75   0.033
39   76   0.028
39   77   0.039
39   84   0.013
40   41   0.007
40   42   0.012
40   43   0.001
40   45   0.08
40   47   0.003
40   48   0.044
40   54   0.022
40   56   0.14
40   58   0.068
40   59   0.148
40   61   0.012
40   64   0.026
40   73   0.148
40   76   0.051
40   77   0.122
40   78   0.107
40   84   0.088
41   42   0.068
41   43   0.086
41   45   0.039
41   46   0.162
41   47   0.021
41   48   0.109
41   49   0.085
41   56   0.089
41   57   0.075
41   73   0.059
41   77   0.176
41   83   0.023
41   84   0.063
42   44   0.021
42   45   0.034
42   46   0.087
42   48   0.154
42   49   0.024
42   51   0.057
42   60   0.007
42   62   0.096
42   74   0.016
42   75   0.121
42   76   0.034
42   80   0.038
42   83   0.012
43   44   0.046
43   45   0.174
43   46   0.1
43   47   0.005
43   48   0.034
43   49   0.03
43   50   0.143
43   51   0.101
43   52   0.057
43   53   0.059
43   54   0.014
43   55   0.122
43   56   0.116
43   57   0.042
43   58   0.022
43   59   0.147
43   60   0.01
43   61   0.129
43   62   0.034
43   63   0.052
43   64   0.034
43   65   0.046
43   67   0.029
43   68   0.002
43   69   0.079
43   70   0.051
43   71   0.093
43   72   0.038
43   73   0.001
43   74   0.147
43   75   0.025
43   76   0.021
43   77   0.077
43   78   0.029
43   79   0.015
43   80   0.001
43   81   0.064
43   82   0.074
43   83   0.149
43   84   0.166
44   45   0.144
44   46   0.102
44   47   0.042
44   48   0.125
44   49   0.119
44   51   0.08
44   52   0.095
44   56   0.027
44   60   0.069
44   62   0.021
44   63   0.11
44   65   0.052
44   66   0.197
44   67   0.119
44   68   0.005
44   70   0.078
44   71   0.068
44   72   0.07
44   73   0.186
44   74   0.026
44   75   0.049
44   76   0.051
44   77   0.166
44   79   0.065
44   80   0.04
44   83   0.076
44   84   0.065
45   46   0.162
45   47   0.138
45   48   0.194
45   49   0.123
45   50   0.187
45   51   0.017
45   52   0.031
45   53   0.057
45   55   0.057
45   56   0.123
45   57   0.166
45   58   0.011
45   59   0.155
45   60   0.082
45   61   0.068
45   62   0.163
45   63   0.179
45   64   0.005
45   65   0.02
45   66   0.083
45   67   0.148
45   68   0.012
45   69   0.057
45   70   0.028
45   71   0.082
45   72   0.057
45   73   0.023
45   74   0.079
45   75   0.074
45   76   0.054
45   77   0.016
45   78   0.117
45   79   0.072
45   80   0.086
45   81   0.115
45   82   0.107
45   83   0.099
45   84   0.038
46   47   0.058
46   48   0.04
46   49   0.051
46   51   0.041
46   52   0.049
46   55   0.066
46   56   0.01
46   57   0.006
46   58   0.078
46   59   0.131
46   60   0.057
46   63   0.011
46   64   0.072
46   65   0.015
46   66   0.127
46   67   0.061
46   68   0.066
46   70   0.06
46   71   0.036
46   72   0.042
46   73   0.078
46   75   0.069
46   76   0.042
46   77   0.022
46   78   0.048
46   79   0.049
46   80   0.04
46   81   0.007
46   83   0.091
46   84   0.028
47   48   0.026
47   49   0.19
47   51   0.149
47   52   0.014
47   53   0.063
47   54   0.051
47   55   0.055
47   56   0.048
47   57   0.175
47   58   0.15
47   59   0.156
47   61   0.043
47   63   0.066
47   64   0.064
47   65   0.13
47   69   0.115
47   70   0.174
47   71   0.079
47   72   0.031
47   73   0.003
47   75   0.043
47   76   0.136
47   77   0.019
47   78   0.196
47   79   0.091
47   81   0.091
47   83   0.103
47   84   0.078
48   53   0.007
48   54   0.015
48   55   0.14
48   56   0.061
48   57   0.223
48   58   0.027
48   59   0.124
48   60   0.144
48   61   0.108
48   62   0.029
48   63   0.002
48   64   0.047
48   69   0.009
48   70   0.012
48   72   0.055
48   73   0.027
48   75   0.022
48   76   0.04
48   77   0.116
48   78   0.042
48   79   0.167
48   81   0.039
48   83   0.147
48   84   0.146
49   51   0.16
49   57   0.059
49   58   0.109
49   60   0.094
49   62   0.057
49   63   0.048
49   67   0.281
49   71   0.125
49   73   0.038
49   74   0.11
49   75   0.046
49   76   0.055
49   80   0.033
49   83   0.077
49   84   0.015
50   52   0.011
50   55   0.015
50   56   0.01
50   57   0.164
50   58   0.042
50   59   0.028
50   63   0.023
50   66   0.011
50   68   0.043
50   70   0.059
50   72   0.113
50   73   0.019
50   75   0.083
50   76   0.019
50   77   0.005
50   78   0.029
50   79   0.192
50   82   0.069
50   83   0.009
51   52   0.064
51   58   0.087
51   60   0.228
51   62   0.132
51   64   0.107
51   65   0.021
51   66   0.05
51   67   0.084
51   68   0.074
51   71   0.096
51   72   0.019
51   73   0.077
51   74   0.072
51   75   0.006
51   76   0.003
51   77   0.078
51   80   0.09
51   83   0.062
52   55   0.096
52   56   0.16
52   57   0.106
52   59   0.022
52   63   0.023
52   66   0.079
52   67   0.077
52   68   0.075
52   70   0.125
52   71   0.029
52   72   0.207
52   73   0.072
52   75   0.196
52   76   0.084
52   77   0.002
52   78   0.175
52   79   0.112
52   83   0.031
53   54   0.12
53   55   0.021
53   56   0.015
53   57   0.108
53   58   0.057
53   59   0.022
53   61   0.068
53   63   0.046
53   64   0.036
53   69   0.045
53   73   0.064
53   77   0.046
53   78   0.055
53   83   0.136
54   55   0.054
54   56   0.1
54   57   0.1
54   58   0.174
54   59   0.063
54   61   0.125
54   64   0.118
54   69   0.031
54   71   0.001
54   73   0.054
54   76   0.047
54   77   0.005
54   78   0.008
54   81   0.088
54   83   0.181
54   84   0.073
55   56   0.002
55   57   0.103
55   58   0.032
55   59   0.078
55   61   0.003
55   63   0.035
55   64   0.047
55   69   0.008
55   72   0.101
55   73   0.213
55   77   0.018
55   78   0.03
55   81   0.008
55   83   0.05
56   57   0.075
56   58   0.134
56   59   0.124
56   60   0.008
56   61   0.109
56   63   0.046
56   64   0.027
56   66   0.11
56   67   0.069
56   68   0.096
56   69   0.034
56   70   0.052
56   72   0.09
56   73   0.014
56   75   0.162
56   76   0.001
56   77   0.015
56   78   0.012
56   79   0.164
56   81   0.023
56   82   0.017
56   83   0.109
57   58   0.136
57   59   0.062
57   60   0.167
57   61   0.039
57   63   0.016
57   64   0.013
57   66   0.072
57   67   0.032
57   68   0.086
57   69   0.011
57   70   0.066
57   72   0.063
57   73   0.025
57   75   0.128
57   76   0.096
57   77   0.078
57   78   0.125
57   79   0.027
57   81   0.005
57   82   0.029
57   83   0.015
58   59   0.004
58   61   0.112
58   62   0.02
58   63   0.123
58   64   0.084
58   69   0.012
58   71   0.16
58   73   0.015
58   74   0.015
58   75   0.025
58   76   0.077
58   77   0.093
58   78   0.065
58   79   0.037
58   82   0.059
58   83   0.003
59   60   0.062
59   61   0.071
59   63   0.006
59   64   0.1
59   69   0.013
59   73   0.039
59   77   0.197
59   78   0.132
59   81   0.088
59   83   0.199
60   62   0.047
60   63   0.085
60   66   0.015
60   67   0.012
60   68   0.086
60   70   0.063
60   72   0.137
60   74   0.176
60   75   0.088
60   76   0.026
60   78   0.004
60   79   0.107
60   80   0.151
60   81   0.074
60   83   0.064
61   63   0.061
61   64   0.062
61   69   0.048
61   73   0.033
61   77   0.082
61   78   0.129
61   81   0.06
61   83   0.063
62   67   0.246
62   71   0.103
62   73   0.015
62   74   0.011
62   75   0.034
62   76   0.047
62   78   0.126
62   80   0.075
62   81   0.1
62   83   0.086
63   64   0.009
63   66   0.15
63   67   0.054
63   68   0.026
63   69   0.092
63   70   0.062
63   72   0.077
63   73   0.037
63   75   0.14
63   76   0.116
63   77   0.01
63   78   0.029
63   79   0.109
63   80   0.126
63   81   0.049
63   82   0.019
63   83   0.039
64   69   0.059
64   70   0.027
64   71   0.066
64   72   0.051
64   73   0.007
64   76   0.047
64   77   0.012
64   78   0.048
64   79   0.074
64   81   0.052
64   83   0.096
64   84   0.07
65   70   0.094
65   71   0.041
65   72   0.052
65   73   0.05
65   76   0.041
65   77   0.075
65   79   0.032
65   82   0.173
65   83   0.091
65   84   0.062
66   67   0.078
66   68   0.079
66   70   0.137
66   71   0.094
66   72   0.073
66   73   0.06
66   75   0.226
66   76   0.027
66   77   0.082
66   78   0.158
66   79   0.113
66   82   0.118
66   83   0.1
67   68   0.052
67   70   0.076
67   72   0.067
67   74   0.184
67   75   0.027
67   76   0.091
67   77   0.153
67   78   0.022
67   79   0.021
67   80   0.184
67   83   0.005
68   70   0.004
68   72   0.023
68   74   0.066
68   75   0.026
68   76   0.094
68   77   0.081
68   78   0.096
68   79   0.068
68   80   0.134
68   82   0.078
68   83   0.107
69   73   0.002
69   77   0.003
69   78   0.143
69   83   0.091
70   71   0.117
70   72   0.126
70   73   0.053
70   75   0.037
70   76   0.138
70   77   0.046
70   78   0.004
70   79   0.087
70   82   0.053
70   83   0.105
70   84   0.103
71   72   0.077
71   73   0.147
71   74   0.105
71   75   0.039
71   76   0.008
71   77   0.049
71   78   0.067
71   79   0.215
71   80   0.006
71   83   0.011
72   73   0.032
72   75   0.048
72   76   0.117
72   77   0.035
72   78   0.035
72   79   0.13
72   82   0.011
72   83   0.018
72   84   0.056
73   74   0.106
73   75   0.034
73   76   0.129
73   77   0.015
73   78   0.15
73   79   0.072
73   80   0.063
73   82   0.008
73   83   0.159
74   75   0.013
74   76   0.065
74   80   0.122
74   83   0.022
75   76   0.036
75   77   0.059
75   78   0.044
75   79   0.081
75   80   0.054
75   82   0.122
75   83   0.02
76   77   0.006
76   78   0.045
76   79   0.025
76   80   0.074
76   82   0.072
76   83   0.074
76   84   0.021
77   78   0.057
77   79   0.053
77   81   0.003
77   82   0.095
77   83   0.066
77   84   0.034
78   79   0.032
78   80   0.147
78   81   0.028
78   82   0.083
78   83   0.046
79   82   0.043
79   83   0.099
80   83   0.112
81   83   0.114
82   83   0.058
