1   7   0.02209401563688419
1   8   0.04528270666821063
1   14   0.025032303914760773
1   17   0.009608919874673605
1   23   0.03194807819953543
1   28   0.09663642054176173
1   29   0.009388283945454736
1   30   0.046507887556716636
2   9   0.08085389039650209
2   13   0.1534015081612722
2   17   0.07597746693064689
2   22   0.08234820355324265
2   24   0.032799525420448915
2   25   0.15044939557992965
2   26   0.02494746708572251
2   27   0.1474775104357422
2   31   0.10724041853531173
2   36   0.09700774054808274
2   37   0.12748104612974362
2   38   0.10352051352050223
2   42   0.15631427596809935
2   51   0.06439125559193509
2   62   0.09222609074186983
2   75   0.027463880265059092
2   76   0.08920984919257699
2   80   0.02246924880372588
3   7   0.12757403117230254
3   8   0.09759405453630735
3   14   0.10014065113705017
3   17   0.019438867852167304
3   19   0.040010184960069604
3   21   0.10330132968539305
3   23   0.08924725628126183
3   26   0.09538281535267511
3   27   0.08883452230668294
3   28   0.06438798807597919
3   30   0.10419332170750265
3   34   0.027583541012250343
3   36   0.047478958331684154
3   37   0.03321588676549808
3   38   0.08245796852669308
3   39   0.05091267407540677
3   51   0.0918618157180286
3   52   0.06395733398447781
3   76   0.05464207134653324
4   9   0.050884816262395355
4   10   0.03051030061516338
4   12   0.045658628402925144
4   15   0.11397520191581972
4   20   0.0793106575640438
4   24   0.07607412155498715
4   28   0.1001410459656416
4   77   0.061444952460714915
5   6   0.11948143668120512
5   9   0.2487549304124111
5   12   0.15737274477938284
5   15   0.16319351128871173
5   24   0.13853656071940343
5   32   0.1522395804639904
5   34   0.12161130677858585
5   36   0.05617761356927081
5   40   0.05411995531265182
5   41   0.27334924348075035
6   7   0.030206158435236333
6   8   0.09022556243451621
6   9   0.01857084910582823
6   10   0.008368215392491048
6   12   0.06853252985448337
6   14   0.004215152891312938
6   15   0.18062620146256728
6   20   0.050637194235570844
6   28   0.017022549219385286
6   32   0.15430840304757956
6   36   0.07137436294207665
6   40   0.14125868125806218
6   41   0.0774283727197873
7   8   0.012725172333548253
7   9   0.03624141477459041
7   10   0.024753036871857044
7   14   0.03183125187090166
7   15   0.18237983212997
7   17   0.06124128099807135
7   21   0.01971806050780388
7   23   0.05752753577198481
7   24   0.04252886367145798
7   28   0.042141570034611574
7   29   0.04681459447178114
7   30   0.08265140594044842
7   33   0.02418065684469572
7   34   0.04234747250645858
7   36   0.03548345468834233
7   38   0.010926780342787787
7   39   0.02757938619020039
7   40   0.010524923302806228
7   41   0.14211134703464795
8   10   0.12063240804349443
8   12   0.017000933493679433
8   14   0.03653859546494726
8   15   0.1725576463684186
8   17   0.011989924304509602
8   23   0.06984487446340544
8   26   0.0013605762169103496
8   28   0.009613592820244593
8   29   0.07886565263193866
8   30   0.01723688512231779
8   32   0.06974524846191622
8   34   0.04166541000883268
8   36   0.1148446733362627
8   40   0.07117595506684017
8   41   0.14548947749379298
9   10   0.0483312098374904
9   12   0.09990433233763965
9   15   0.17070115998254923
9   20   0.04878087331287324
9   22   0.03632743231266969
9   24   0.0010566508556987227
9   25   0.10584777278415063
9   27   0.06290454500272957
9   28   0.018847875534606564
9   29   0.053094692902677106
9   36   0.08447198716314415
9   38   0.05682754331341075
9   40   0.1483077800172068
9   42   0.04818512331251034
9   58   0.02221906091207311
9   73   0.09096287534149324
9   77   0.041774531949651236
10   12   0.0416599215692347
10   14   0.048326035025356824
10   15   0.20282693982917552
10   20   0.08568394106803041
10   24   0.037181454883069696
10   28   0.012307656698512023
10   29   0.07226206385895081
10   34   0.07762235150389508
10   36   0.07700192833922188
10   38   0.0812961273776153
10   40   0.06588946526152852
10   41   0.12953078985197067
11   13   0.04622039663209877
11   17   0.018426743150608934
11   18   0.028087124494287616
11   19   0.05197182516251286
11   25   0.03029373788909769
11   26   0.034102886116599444
11   27   0.028381205690518826
11   31   0.0039045484740433335
11   34   0.021020411912197674
11   36   0.22095966231697445
11   37   0.0001992083716585
11   38   0.03848412981065319
11   42   0.03635088249291905
11   49   0.04264044531244892
11   62   0.06310696555015241
11   74   0.12092561796860576
11   76   0.07182909243798025
11   80   0.054099815496577996
12   14   0.007113847347037849
12   15   0.11577493151042786
12   20   0.07321764877209277
12   24   0.004321802533963323
12   28   0.01030633594817773
12   29   0.01761457903542694
12   32   0.12761298347429567
12   34   0.03400563494355979
12   36   0.06782028126850873
12   40   0.10433424346880323
12   41   0.031225061873074066
13   22   0.1360318583206755
13   25   0.15220987814786627
13   26   0.1278779186567723
13   27   0.033222169240394075
13   31   0.014870906729040581
13   32   0.02139720150612131
13   34   0.138684883352461
13   36   0.13047596564381206
13   37   0.004887523510749244
13   38   0.09489178799236725
13   41   0.011316387209971551
13   42   0.03186831539118301
13   44   0.025000204300232937
13   49   0.056048204242510676
13   60   0.010518510606963767
13   62   0.007884913187845646
13   74   0.017973265032504956
13   75   0.034856207609462016
13   76   0.024509917999614696
13   80   0.057794983406608186
14   17   0.016349491583159802
14   23   0.03516202574518427
14   26   0.022182571400771928
14   28   0.025734181844230798
14   29   0.07819560971304405
14   30   0.04330659871317341
14   32   0.11025811327554101
14   34   0.11317709932508707
14   36   0.15183609673019244
14   40   0.20238230711236718
14   41   0.10775269689389695
15   20   0.17502026377358507
15   22   0.14154758357810787
15   24   0.16397801886067687
15   27   0.07524193361967597
15   28   0.11546199470306023
15   32   0.07432373894500528
15   36   0.05596990297285711
15   40   0.19351723096686158
15   41   0.12687269514834398
16   21   0.08748016294020913
16   22   0.011937401134421217
16   23   0.030453086035557922
16   24   0.026987867907769757
16   27   0.031580917405007056
16   28   0.0402931145663777
16   36   0.018428243013648895
16   37   0.025352462441155365
16   38   0.016407008399295542
16   39   0.11482315590171148
16   65   0.03325433016474157
16   70   0.027801560697121325
16   71   0.011545261569863687
16   72   0.003378050871286853
16   73   0.04641009019944055
16   76   0.05465404851620852
17   18   0.028645122230014933
17   19   0.12364250478035053
17   21   0.021087339063104518
17   23   0.05437168002846349
17   26   0.01833054773141399
17   27   0.008005763949949033
17   29   0.02022095478453144
17   30   0.03329495517924896
17   33   0.06986312919042884
17   34   0.09661362096495586
17   36   0.0755568017940091
17   37   0.025452152690182646
17   38   0.09608254527458523
17   39   0.11313301496497917
17   76   0.01934439493808148
18   19   0.03236658140449894
18   26   0.017028723173193955
18   27   0.0070319478160905426
18   31   0.12073861321167696
18   34   0.06185041329347975
18   36   0.11392088439789917
18   37   0.0655992301662017
18   38   0.061629685741636686
18   75   0.02513379044330438
18   76   0.032991190358003276
18   80   0.07430091823471346
19   23   0.006469266988345461
19   26   0.042912402988821645
19   27   0.0402637062196115
19   34   0.06923983572833482
19   36   0.07967398798047287
19   37   0.05879404731371635
19   38   0.06221714493560226
19   39   0.0006922888587966294
19   75   0.012783259944172539
19   76   0.04246282782268815
20   24   0.0913699530359288
20   28   0.03519973830119975
20   36   0.019588285305866853
20   40   0.1427067657588289
20   77   0.052687433104374314
21   22   0.07543921016584548
21   23   0.02712114573740789
21   27   0.05856034886393011
21   28   0.01574537590037469
21   29   0.020639137237108043
21   30   0.00901169447346863
21   33   0.044774381673854294
21   34   0.009480053132484447
21   36   0.002191505993999078
21   37   0.07822200106849202
21   38   0.03157398049247602
21   39   0.026325863358410924
21   40   0.09621547703132692
21   65   0.014362372034831906
21   71   0.04455478154784051
22   23   0.028401867934480185
22   24   0.040280516461111096
22   25   0.10547954827495924
22   27   0.07516146998798336
22   28   0.0932355627630723
22   36   0.06302474736558993
22   38   0.08625952275329452
22   42   0.15255327653739748
22   65   0.020410553022315626
22   71   0.012163812084153219
22   72   0.05897027741815229
22   73   0.03009709643046694
22   76   0.03486129084410167
23   24   0.0244297368123679
23   26   0.003889874548157989
23   27   0.047655382374720986
23   28   0.04065704447952139
23   29   0.03670300504245002
23   30   0.06514662335101486
23   33   0.0037373404773151865
23   34   0.023600253440727085
23   36   0.010124123731426241
23   37   0.0022716257211359437
23   38   0.0010416377903891157
23   39   0.003542552392680954
23   40   0.0593937053531348
23   46   0.062351400397969346
23   65   0.000281317682233563
23   71   0.08247712953097663
23   72   0.029764952665201596
23   76   0.04740320569572547
24   25   0.0535856799444042
24   27   0.0728131442814211
24   28   0.01848289794995463
24   29   0.005470447011567576
24   30   0.06521094839186124
24   33   0.05995905141795713
24   34   0.05639458463429588
24   36   0.03895530351787651
24   38   0.012882623986853555
24   39   0.09069155403480147
24   40   0.0644690576270271
24   43   0.028863972133787375
24   45   0.04775913633424905
24   47   0.013172631694398884
24   58   0.005037630717058286
24   65   0.09615804200353052
24   71   0.026174948884297944
24   73   0.020393823246986208
24   77   0.029745231666773623
24   78   0.092459912415541
25   26   0.02196041763059486
25   27   0.01599003099367196
25   31   0.040272275767907276
25   37   0.17468471690935902
25   38   0.04206916025189245
25   42   0.12778681772610298
25   44   0.05581406916358888
25   49   0.1089950474961167
25   62   0.01049409477511551
25   74   0.08423987187846872
25   75   0.013594005117657142
25   76   0.014750437753687227
25   80   0.07624708093368367
26   27   0.030439842737187077
26   31   0.05189770882264559
26   34   0.034371807388395036
26   36   0.017419065067981368
26   37   0.04544507054753004
26   38   0.0244376664266102
26   39   0.09823093979470347
26   42   0.01583756457179771
26   44   0.004474819486988805
26   45   0.023071645049295493
26   51   0.0773435549966662
26   62   0.0025057261357825395
26   66   0.014699696916522636
26   67   0.016275896667007628
26   68   0.01633270395196433
26   74   0.004262358898195686
26   75   0.011697047923037128
26   76   0.04775616023943153
26   80   0.029801498971547043
27   28   0.0063725485186430265
27   31   0.012376513587507286
27   34   0.03758441372360592
27   36   0.04020576454133923
27   37   0.001961442459882643
27   38   0.07328219329120096
27   39   0.036533618850706225
27   40   0.08644932643574199
27   42   0.04913840848624126
27   43   0.007578707092995734
27   44   0.03843935678973734
27   45   0.011728489191961925
27   46   0.05079383956545147
27   51   0.06723935438700847
27   52   0.04663332279065298
27   62   0.026129072818012192
27   65   0.021013077208186782
27   66   0.0073728875239626145
27   67   0.0073876557963264275
27   68   0.009399780178473363
27   71   0.08283401289094838
27   72   0.01367028187576046
27   74   0.027187693084917718
27   75   0.007846402931211364
27   76   0.032930865495079745
27   80   0.048690946775450786
28   29   0.013521226108723097
28   30   0.0006988853431742353
28   33   0.019424350761318827
28   34   0.02872735689799622
28   36   0.04419392184097543
28   38   0.014863647000245356
28   39   0.027283127196973754
28   40   0.003480107245736499
28   41   0.048942223126575625
28   43   0.0017262705672635534
28   47   0.025264600114445528
28   58   0.08995645797324785
28   71   0.00784007182044316
28   73   0.06272613831513826
28   77   0.07080043174092468
29   30   0.01943562569362469
29   32   0.12890901685182518
29   33   0.027426343972312524
29   34   0.05302724578289605
29   36   0.11956888512323983
29   38   0.02445188702043338
29   40   0.17973280404919842
29   41   0.06014545653820901
30   33   0.0036405245590958903
30   34   0.009144820290363362
30   36   0.04943490025018423
30   38   0.0413434428737044
30   39   0.06978358150361115
31   34   0.14699783642042624
31   37   0.009841240126777317
31   38   0.03732139137327707
31   42   0.059596556423036864
31   44   0.03192237702624741
31   51   0.03158365267903478
31   60   0.19901722505016753
31   62   0.008704641926516689
31   67   0.06509053055942608
31   74   0.11401962507559617
31   75   0.0658275177718558
31   76   0.043506878285313064
31   80   0.03046731085141238
32   34   0.1999673651478356
32   36   0.10386246183035176
32   40   0.1930909938328105
32   41   0.26099921168933843
33   34   0.07198305725690003
33   38   0.07773986388944638
34   36   0.17751995774610327
34   37   0.12231043844515825
34   38   0.04698486410090236
34   40   0.17989043284042391
34   41   0.07947989419824382
34   42   0.10484265883142271
35   36   0.03439677907502309
35   37   0.07307125055818477
35   39   0.0982257571410172
35   41   0.034355309023942675
35   43   0.044328522306188924
35   46   0.10796291910132333
35   84   0.06699145778712895
36   37   0.09005018870825023
36   38   0.19201029146119378
36   39   0.04913170119875374
36   40   0.12988590161378807
36   41   0.09815631342688429
36   42   0.02679514944562633
36   43   0.018567133985315006
36   73   0.01846366463467727
36   76   0.010573992999683738
36   77   0.025615189610816658
36   84   0.02453044294421711
37   38   0.08396658915208957
37   39   0.036840900787336324
37   40   0.015303614039123456
37   42   0.0455188478183746
37   49   0.04885424427530075
37   62   0.03903164659544694
37   75   0.039480288662882515
37   76   0.039957081874321905
37   80   0.0038121590281855527
38   39   0.11601556969211503
38   40   0.1918618533381212
38   41   0.01394806093886967
38   42   0.06238720232076031
38   76   0.001510136557947355
39   40   0.08062422661257125
39   41   0.028093172094734716
39   72   0.12569143373218766
39   76   0.11485220483947924
39   84   0.07509195895809671
40   41   0.04852459478681457
40   73   0.0024418820013752205
40   77   0.02908089626447161
42   44   0.0662687191569073
42   45   0.11529546676353539
42   49   0.024635620075170388
42   60   0.09368448714544726
42   62   0.15471380277704466
42   74   0.15639526271365506
43   44   0.006828210809254807
43   45   0.012297627388943792
43   46   0.02937369325559783
43   47   0.025613750028788476
43   48   0.012721379581765935
43   49   0.07051904271814355
43   51   0.035687626587835704
43   52   0.04808363991424376
43   54   0.014774073668078846
43   55   0.007089767571269882
43   56   0.051721196369973244
43   57   0.10997346722446871
43   58   0.17282940544563424
43   59   0.03395160179971983
43   61   0.024340626019491343
43   63   0.1300982929076763
43   64   0.03095469284431423
43   65   0.04291207853685771
43   66   0.0916311814144889
43   67   0.06471153293568915
43   68   0.014378024142707318
43   70   0.044486349804303514
43   71   0.07311116894445491
43   72   0.03723215819678239
43   73   0.022334324792975147
43   75   0.008696773294660927
43   76   0.006941096452180257
43   77   0.07218398901403845
43   78   0.18392136011582416
43   79   0.11528572109429967
43   80   0.03929649092085836
43   81   0.10196066163228171
43   83   0.13106551571023783
43   84   0.026109461829951743
44   45   0.065227965673719
44   46   0.08634815926759598
44   47   0.07281341639476994
44   49   0.10066672998813983
44   51   0.02378791719563332
44   52   0.05051009818903298
44   60   0.167267982885754
44   62   0.07780081572415994
44   65   0.06109872595561522
44   66   0.11684965523074181
44   67   0.03386549100207607
44   68   0.0803050949176619
44   70   0.003346818737195328
44   72   0.00019374820588719243
44   74   0.09526446185489566
44   75   0.006173535084703326
44   76   0.012318198093071572
44   80   0.05537811223922232
44   84   0.014602068961713982
45   46   0.08589832505063964
45   47   0.12578933162976114
45   48   0.13462522744668118
45   49   0.10860031221001985
45   51   0.011593211505382776
45   52   0.017655049013579636
45   56   0.10393254010387333
45   57   0.15181584147077734
45   59   0.06728532219102279
45   60   0.07439466970118337
45   62   0.09120243420231952
45   63   0.13128528010968318
45   65   0.04586551116206849
45   66   0.1157483465332497
45   67   0.002470130283749518
45   68   0.00041879332455953917
45   70   0.025500052697378157
45   71   0.022310020000212923
45   72   0.03419933740239404
45   73   0.05484812777161478
45   74   0.08461792812555571
45   75   0.031088477923050216
45   76   0.028538154913907147
45   77   0.1166193391177536
45   78   0.1604290912802662
45   79   0.10341429977629052
45   80   0.020724484042686654
45   81   0.17045148550032604
45   82   0.10755787024015126
45   83   0.123768271074221
46   47   0.11572116358030445
46   48   0.01226480453418412
46   52   0.04989709669859958
46   56   0.10193893962234891
46   65   0.1025807774227414
46   66   0.19029568883378586
46   67   0.14550196884130165
46   68   0.1778411849102094
46   70   0.1546188252918239
46   72   0.1294618263985807
46   73   0.054977834392472495
46   75   0.13038516513681384
46   76   0.12006741210093698
46   77   0.11973046026312287
46   79   0.16706433510723312
46   83   0.23317858353977133
46   84   0.021766963456914954
47   48   0.023408854253323775
47   54   0.07561581707224997
47   55   0.1147509524525762
47   56   0.08035523446705406
47   57   0.20437409898037862
47   58   0.23708886656463746
47   59   0.11492982875201965
47   61   0.14309269647174214
47   63   0.12577479024181284
47   64   0.11894515218653005
47   69   0.1412685162169365
47   70   0.09297124460004737
47   72   0.0495283597452335
47   73   0.07001346334139204
47   76   0.08035240227659345
47   77   0.0581968738842995
47   78   0.2216302258521129
47   81   0.23383159727856032
47   83   0.1940799448755295
48   54   0.13131778684007364
48   55   0.13242266860101454
48   56   0.09742774432378792
48   57   0.26876457158921563
48   59   0.04692365842860537
48   60   0.010747200966549778
48   61   0.023669957656145536
48   63   0.16150810491463158
48   64   0.07273600469805287
48   77   0.07304180457650856
48   78   0.1157615523811009
48   81   0.2636490875931711
48   83   0.06252303752387224
48   84   0.16975774531416787
49   51   0.03774172908497337
49   58   0.15038193012872833
49   60   0.1288231479694384
49   62   0.001672001663098284
49   71   0.24881850520166182
49   74   0.15864674129821246
49   75   0.05624220139926211
49   76   0.034748490946819074
49   80   0.07890913624641958
49   83   0.0701878561610341
50   56   0.0657626477647013
50   57   0.025580054403826064
50   63   0.004502532451469136
50   75   0.012603387615805612
50   77   0.048084739365489355
50   78   0.11504817861525266
50   79   0.06951652738777402
50   83   0.06346198988138818
51   58   0.08887479828975868
51   62   0.005271877676304033
51   66   0.1391655208970669
51   71   0.06684512588636861
51   73   0.014345819331232528
51   74   0.14645721846870915
51   75   0.07936953884361049
51   76   0.022209724194675148
52   56   0.028875303616467285
52   57   0.10285943964307812
52   63   0.056297687410800025
52   66   0.16345421186998613
52   68   0.04099310328852536
52   70   0.14914465189817694
52   72   0.04699833407016911
52   75   0.07563014791894919
52   76   0.049620432491875685
52   77   0.08355739196337716
52   79   0.11768328592329613
52   83   0.0462225320697997
53   58   0.05929688257846207
53   59   0.027283097336384537
53   61   0.004339580126949477
53   64   0.04367064741961922
53   69   0.002439497269840083
53   73   0.07121583804459111
53   77   0.07389700364131585
54   55   0.09372393895636745
54   58   0.2007850047924975
54   61   0.017338188830795513
54   64   0.07822453852456863
54   73   0.10170997307593171
54   77   0.030833397263383917
54   81   0.029142590954423748
54   83   0.008128602896344029
55   56   0.02265862589268665
55   57   0.053339664374681336
55   58   0.09260531929622562
55   59   0.024921687782866755
55   61   0.0052647229727549975
55   63   0.020460852178014664
55   64   0.02469176667156834
55   69   0.09019727435051639
55   77   0.052929140692324794
55   81   0.02189773287349278
55   83   0.13954835648378505
56   57   0.041089031439638435
56   58   0.024942210309066817
56   59   0.02779670969216243
56   63   0.10974892699935995
56   64   0.15656188151152217
56   66   0.07391367118681007
56   68   0.009806573910766853
56   70   0.03672661169191114
56   72   0.0026193866512622347
56   73   0.0022752791744232474
56   75   0.06002467067069214
56   77   0.056932075284690895
56   78   0.04096010771037797
56   79   0.04604139942346417
56   82   0.005320648567132847
56   83   0.1384269870538243
57   59   0.024554695742991378
57   61   0.08045975422125168
57   63   0.20720890977777517
57   64   0.06301414117021034
57   66   0.02044680744001144
57   72   0.10033291113250892
57   75   0.030151133954784273
57   77   0.022483515405221675
57   78   0.13189173284662048
57   79   0.029173859061165652
57   81   0.11823696800768448
57   83   0.17947822630746268
58   59   0.0832290858383097
58   61   0.09834155170291832
58   64   0.16332389555281895
58   69   0.015992565419358482
58   71   0.14208343443686103
58   73   0.06518501908626996
58   74   0.1452285205945809
58   76   0.06743465078647869
58   77   0.03834762428165745
58   78   0.05500715377543369
59   61   0.037276451313094955
59   63   0.01032636157896532
59   64   0.09240482919862522
59   69   0.003811500679565892
59   73   0.025885782085377684
59   77   0.05533149550890951
59   78   0.00556179581476912
59   83   0.06686345169704123
60   62   0.05933593457104118
60   66   0.004271165548465084
60   67   0.005891858424334784
60   68   0.018222485709746473
60   74   0.19147180115757692
60   75   0.05606575008214409
60   76   0.1215615020475072
60   78   0.05171821793860023
60   80   0.1740625811851705
60   81   0.0707558809077909
60   83   0.018981845616773033
61   63   0.02475247362187772
61   64   0.11826938670360569
61   69   0.05358186355263353
61   73   0.043025700331475354
61   77   0.03914100948633296
61   78   0.04033426914782
61   83   0.08319511496945478
62   74   0.015106720954717361
62   75   0.03155232389189106
62   76   0.05256542866612812
62   80   0.07398163618600367
62   83   0.014813737590625976
63   66   0.030929385713284876
63   68   0.07785547312146454
63   72   0.08788479050606167
63   75   0.06483719018523913
63   77   0.008501105324808413
63   78   0.06887454559269535
63   79   0.013988323163416114
63   81   0.004091055638093946
63   83   0.10811423594525853
64   69   0.04465577046793197
64   71   0.14079447612959642
64   73   0.0805113151010277
64   76   0.06663615839650187
64   77   0.0978529260714809
64   84   0.14735955049065613
65   70   0.02271064615612144
65   71   0.09607897228150312
65   72   0.041115576452995926
65   73   0.028778113561790285
65   76   0.010885322678278844
65   77   0.006931177965302145
66   67   0.04452087617643579
66   68   0.07083857083508914
66   70   0.008702771689213774
66   72   0.048835109392771206
66   75   0.21977907056299484
66   76   0.040804816869580415
66   77   0.015925424910004277
66   79   0.04166973262875045
66   83   0.13253873744279565
67   68   0.10502960743324058
67   72   0.055187561076892086
67   75   0.028284277434104096
67   76   0.07294111703527269
67   79   0.13036731297928034
67   80   0.07227843802624871
67   83   0.12174133677872281
68   72   0.01012712099777947
68   75   0.08291568576177294
68   76   0.05594733167770321
68   79   0.07709381594544956
68   83   0.06952373061179017
69   73   0.11552743760859253
69   77   0.04457300152684296
70   71   0.06599995433131506
70   72   0.03314519409484851
70   76   0.053927683992123575
70   77   0.09081164234352204
70   78   0.0031999382759700574
70   79   0.002516786332329924
70   82   0.04645678507602069
70   83   0.07497577914862982
71   72   0.12420985989299946
71   73   0.012964676793153062
71   74   0.09450571589731126
71   76   0.012338829862946838
71   77   0.017057799038893776
72   75   0.03523407516749169
72   76   0.08522691065865126
72   77   0.06400476886758222
72   79   0.07383217674993457
72   83   0.023887863026055323
73   74   0.08213447346942004
73   76   0.027693846820258397
73   77   0.07859945379974936
73   78   0.057311885167796714
73   79   0.0182447133224468
73   82   0.11211167234979479
73   83   0.08623684446790501
74   75   0.006908293035808461
74   76   0.07188999826750919
74   80   0.09671466235129468
75   76   0.0007276878781304602
75   79   0.02760953558086666
75   80   4.939818326812795e-06
75   83   0.07121746234985442
76   77   0.022616743269421688
76   80   0.08643485898911701
76   83   0.06265855962399315
77   78   0.07064185293410272
77   79   0.01889513557102982
77   82   0.15974354157410972
77   83   0.15316778388114477
78   79   0.04721027741505766
78   81   0.01919602238183123
78   82   0.024484843731943342
78   83   0.07857779188475203
79   82   0.15001365240884826
79   83   0.105860057573935
80   83   0.051180973343710766
81   83   0.2324349485061374
82   83   0.12337107243469171
