1   3   0.19045825795637472
1   6   0.05581863698637875
1   7   0.02209401563688419
1   8   0.04528270666821063
1   10   0.02522642832690508
1   14   0.025032303914760773
1   17   0.009608919874673605
1   19   0.03548671711251541
1   21   0.023969918808998358
1   23   0.03194807819953543
1   24   0.07980302724532978
1   26   0.10587620413525892
1   27   0.13181107669764547
1   28   0.09663642054176173
1   29   0.009388283945454736
1   30   0.046507887556716636
1   33   0.028488447899444557
1   34   0.0567182274128858
1   36   0.032107827522858554
1   38   0.016319812640932598
1   73   0.1189405414154401
1   77   0.08835718045220364
2   3   0.10183325396366227
2   9   0.08085389039650209
2   11   0.11535919588254549
2   13   0.1534015081612722
2   15   0.0661968091436776
2   16   0.07815005644192084
2   17   0.07597746693064689
2   18   0.03398911038098664
2   19   0.1532251917560755
2   22   0.08234820355324265
2   23   0.02772203653760923
2   24   0.032799525420448915
2   25   0.15044939557992965
2   26   0.02494746708572251
2   27   0.1474775104357422
2   28   0.0585879850658668
2   31   0.10724041853531173
2   34   0.11973523054955167
2   36   0.09700774054808274
2   37   0.12748104612974362
2   38   0.10352051352050223
2   39   0.026897513043271953
2   42   0.15631427596809935
2   43   0.055721704856803965
2   44   0.07497376714986087
2   45   0.06944620119969358
2   49   0.07492685426371999
2   51   0.06439125559193509
2   52   0.04296197945304493
2   62   0.09222609074186983
2   66   0.07491588976537764
2   68   0.03628911369379669
2   71   0.07673244756366042
2   72   0.13154512841932292
2   74   0.12631664756493324
2   75   0.027463880265059092
2   76   0.08920984919257699
2   80   0.02246924880372588
3   6   0.052900085987425925
3   7   0.12757403117230254
3   8   0.09759405453630735
3   10   0.089291209986612
3   14   0.10014065113705017
3   17   0.019438867852167304
3   18   0.059487022322754615
3   19   0.040010184960069604
3   21   0.10330132968539305
3   22   0.11606116981845499
3   23   0.08924725628126183
3   24   0.02046406820163499
3   26   0.09538281535267511
3   27   0.08883452230668294
3   28   0.06438798807597919
3   29   0.07440610600232686
3   30   0.10419332170750265
3   33   0.06442948317971318
3   34   0.027583541012250343
3   36   0.047478958331684154
3   37   0.03321588676549808
3   38   0.08245796852669308
3   39   0.05091267407540677
3   40   0.05505864385053633
3   43   0.006264034992044986
3   44   0.07216707559110011
3   45   0.03955758256347715
3   46   0.053091341953533315
3   51   0.0918618157180286
3   52   0.06395733398447781
3   65   0.10267099089493947
3   66   0.013852745695950248
3   68   0.010270069118831448
3   71   0.09424982347193007
3   72   0.03499114134755198
3   75   0.0129170386770357
3   76   0.05464207134653324
4   5   0.07044269300434328
4   6   0.016122883848871516
4   7   0.010005980921215352
4   8   0.020624906039626942
4   9   0.050884816262395355
4   10   0.03051030061516338
4   12   0.045658628402925144
4   14   0.028505632067710347
4   15   0.11397520191581972
4   20   0.0793106575640438
4   24   0.07607412155498715
4   28   0.1001410459656416
4   29   0.08133233122996501
4   34   0.1651302664895764
4   36   0.016846461235586894
4   38   0.06732400846863291
4   40   0.06986100687145187
4   41   0.01674463464302757
4   47   0.018808775993273713
4   53   0.10952035368551462
4   58   0.0507881286423373
4   59   0.10518904665387512
4   61   0.16378179879917418
4   69   0.028608255997488462
4   73   0.060746666110391416
4   77   0.061444952460714915
5   6   0.11948143668120512
5   7   0.11259493108530727
5   8   0.09785711231205996
5   9   0.2487549304124111
5   10   0.09342297135754488
5   12   0.15737274477938284
5   15   0.16319351128871173
5   20   0.13164981855758132
5   24   0.13853656071940343
5   27   0.17499098128283758
5   28   0.1842951634948753
5   29   0.10867362134144119
5   32   0.1522395804639904
5   34   0.12161130677858585
5   35   0.06318775849419922
5   36   0.05617761356927081
5   40   0.05411995531265182
5   41   0.27334924348075035
5   47   0.16765525624083308
5   84   0.03328736546797174
6   7   0.030206158435236333
6   8   0.09022556243451621
6   9   0.01857084910582823
6   10   0.008368215392491048
6   12   0.06853252985448337
6   13   0.021948223465601675
6   14   0.004215152891312938
6   15   0.18062620146256728
6   17   0.04745629874717085
6   20   0.050637194235570844
6   23   0.06618028693795458
6   24   0.00398637166885847
6   26   0.026540601673636584
6   28   0.017022549219385286
6   29   0.03656289227806476
6   30   0.052884384762900784
6   32   0.15430840304757956
6   34   0.14791094794524212
6   36   0.07137436294207665
6   38   0.04164538467854366
6   39   0.019762175742368517
6   40   0.14125868125806218
6   41   0.0774283727197873
6   42   0.052351926152402806
6   47   0.05043217750141601
6   58   0.006227427671592684
6   59   0.16218713620146383
6   73   0.0528769200030643
6   77   0.03510828133151119
7   8   0.012725172333548253
7   9   0.03624141477459041
7   10   0.024753036871857044
7   12   0.01565686227047027
7   14   0.03183125187090166
7   15   0.18237983212997
7   17   0.06124128099807135
7   19   0.13885226700888637
7   20   0.13192114505115998
7   21   0.01971806050780388
7   23   0.05752753577198481
7   24   0.04252886367145798
7   26   0.014220088297614739
7   27   0.11511532486492781
7   28   0.042141570034611574
7   29   0.04681459447178114
7   30   0.08265140594044842
7   32   0.08184908777076835
7   33   0.02418065684469572
7   34   0.04234747250645858
7   36   0.03548345468834233
7   37   0.1320986916281462
7   38   0.010926780342787787
7   39   0.02757938619020039
7   40   0.010524923302806228
7   41   0.14211134703464795
7   43   0.054910708893064736
7   45   0.06289839838982494
7   47   0.0617260820289676
7   58   0.01697093754537988
7   73   0.010189773036132657
7   77   0.06968917208937789
8   9   0.05713505265965065
8   10   0.12063240804349443
8   12   0.017000933493679433
8   13   0.0063498861078130735
8   14   0.03653859546494726
8   15   0.1725576463684186
8   17   0.011989924304509602
8   18   0.07174483927025051
8   19   0.04960128965846859
8   20   0.05053375464698618
8   21   0.03375391159260031
8   23   0.06984487446340544
8   24   0.03653097002613638
8   26   0.0013605762169103496
8   27   0.032599410894785824
8   28   0.009613592820244593
8   29   0.07886565263193866
8   30   0.01723688512231779
8   32   0.06974524846191622
8   33   0.11826604004784666
8   34   0.04166541000883268
8   36   0.1148446733362627
8   38   0.006049841918103653
8   39   0.12498214632770377
8   40   0.07117595506684017
8   41   0.14548947749379298
8   42   0.03924310459035247
8   43   0.1027019390187189
8   56   0.08865606815783804
8   58   0.0714530735371295
8   73   0.048676301925052595
8   77   0.019250682128239882
9   10   0.0483312098374904
9   12   0.09990433233763965
9   13   0.06761747905412006
9   14   0.01646431453267446
9   15   0.17070115998254923
9   16   0.006509879810732076
9   17   0.009293208504306896
9   20   0.04878087331287324
9   21   0.12942708763798513
9   22   0.03632743231266969
9   23   0.11572807890296903
9   24   0.0010566508556987227
9   25   0.10584777278415063
9   26   0.008793440120195367
9   27   0.06290454500272957
9   28   0.018847875534606564
9   29   0.053094692902677106
9   30   0.12301042117516793
9   31   0.011698767741487233
9   33   0.07723410166021266
9   34   0.0013360892267352412
9   36   0.08447198716314415
9   37   0.006463114117401529
9   38   0.05682754331341075
9   39   0.08210788534215832
9   40   0.1483077800172068
9   41   0.18637740979912773
9   42   0.04818512331251034
9   43   0.010113603102155437
9   45   0.08868408009468927
9   47   0.014535823230482612
9   49   0.13281578768650834
9   53   0.06503787967985002
9   56   0.050396912627166356
9   58   0.02221906091207311
9   59   0.0697277655983854
9   61   0.06310941483253028
9   62   0.10644962791751697
9   63   0.15249652119267149
9   64   0.09847704907996183
9   65   0.04948566273794233
9   69   0.07648310427215926
9   70   0.12258123053536016
9   71   0.06651509892567598
9   72   0.00010037927597629825
9   73   0.09096287534149324
9   75   0.13440208627652556
9   76   0.023138065210753286
9   77   0.041774531949651236
9   78   0.04277267579197733
9   79   0.1366334886841579
9   80   0.08617409791446808
9   83   0.03383557032692972
10   12   0.0416599215692347
10   13   0.08950615376570288
10   14   0.048326035025356824
10   15   0.20282693982917552
10   20   0.08568394106803041
10   24   0.037181454883069696
10   28   0.012307656698512023
10   29   0.07226206385895081
10   30   0.017507667284976384
10   32   0.18131008049411101
10   33   0.04830387657336414
10   34   0.07762235150389508
10   36   0.07700192833922188
10   38   0.0812961273776153
10   39   0.04108372652784574
10   40   0.06588946526152852
10   41   0.12953078985197067
10   43   0.011624886587396308
10   47   0.05722312854803803
10   53   0.05072813775535831
10   55   0.029864864671395066
10   57   0.051062899163897044
10   58   0.07402103541599933
10   59   0.09318266259053441
10   61   0.11980384038105796
10   64   0.011595726973677445
10   69   0.08839145907065375
10   73   0.044379964403293434
10   77   0.03252567371434917
11   13   0.04622039663209877
11   14   0.0021687931757885656
11   17   0.018426743150608934
11   18   0.028087124494287616
11   19   0.05197182516251286
11   23   0.11441525801928268
11   25   0.03029373788909769
11   26   0.034102886116599444
11   27   0.028381205690518826
11   29   0.09487130173975085
11   31   0.0039045484740433335
11   32   0.17024009534395554
11   34   0.021020411912197674
11   36   0.22095966231697445
11   37   0.0001992083716585
11   38   0.03848412981065319
11   39   0.07359551607986359
11   41   0.08438135486210961
11   42   0.03635088249291905
11   44   0.032360083288462564
11   49   0.04264044531244892
11   51   0.08877011905305247
11   60   0.1330008627600428
11   62   0.06310696555015241
11   67   0.05372624157590254
11   74   0.12092561796860576
11   75   0.016868757713601704
11   76   0.07182909243798025
11   80   0.054099815496577996
12   13   0.20459635262361922
12   14   0.007113847347037849
12   15   0.11577493151042786
12   20   0.07321764877209277
12   24   0.004321802533963323
12   28   0.01030633594817773
12   29   0.01761457903542694
12   32   0.12761298347429567
12   34   0.03400563494355979
12   35   0.06539328036758751
12   36   0.06782028126850873
12   38   0.05826059980441882
12   40   0.10433424346880323
12   41   0.031225061873074066
12   42   0.2579607294477141
12   47   0.0281193995863249
12   53   0.06633828911108212
12   54   0.0034414902011587526
12   58   0.09708543720336041
12   59   0.049169288091604695
12   61   0.039323165234865856
12   64   0.14664635064622128
12   69   0.06318973687186684
12   73   0.00806411285037812
12   77   0.057498825177280014
13   14   0.05760540283381307
13   18   0.09082543476446657
13   22   0.1360318583206755
13   24   0.11260802042118444
13   25   0.15220987814786627
13   26   0.1278779186567723
13   27   0.033222169240394075
13   29   0.09787697003039815
13   31   0.014870906729040581
13   32   0.02139720150612131
13   34   0.138684883352461
13   36   0.13047596564381206
13   37   0.004887523510749244
13   38   0.09489178799236725
13   39   0.20906462380546378
13   40   0.02119392071082737
13   41   0.011316387209971551
13   42   0.03186831539118301
13   43   0.03570623581776715
13   44   0.025000204300232937
13   45   0.023999880551178413
13   46   0.06269595010088763
13   48   0.06991470712669408
13   49   0.056048204242510676
13   51   0.0484551188399523
13   60   0.010518510606963767
13   62   0.007884913187845646
13   67   0.0767424587470529
13   71   0.08571022684226881
13   74   0.017973265032504956
13   75   0.034856207609462016
13   76   0.024509917999614696
13   80   0.057794983406608186
13   83   0.08192399261675873
14   15   0.09117924372832371
14   17   0.016349491583159802
14   18   0.06296185746810512
14   19   0.09777598055961596
14   20   0.07478167445599171
14   21   0.0021079515169936786
14   23   0.03516202574518427
14   24   0.004524778516658649
14   26   0.022182571400771928
14   27   0.01776009610801617
14   28   0.025734181844230798
14   29   0.07819560971304405
14   30   0.04330659871317341
14   32   0.11025811327554101
14   33   0.06344588572338349
14   34   0.11317709932508707
14   36   0.15183609673019244
14   38   0.03284880429528539
14   39   0.051351980575211606
14   40   0.20238230711236718
14   41   0.10775269689389695
14   42   0.027159696439829475
14   73   0.01739191915582973
14   77   0.013292054094317234
15   20   0.17502026377358507
15   21   0.044139460142385976
15   22   0.14154758357810787
15   23   0.05549291002836144
15   24   0.16397801886067687
15   27   0.07524193361967597
15   28   0.11546199470306023
15   29   0.03176940441760114
15   30   0.07561326213893094
15   32   0.07432373894500528
15   34   0.25699923245413686
15   35   0.013605381231477264
15   36   0.05596990297285711
15   37   0.03535787684743669
15   38   0.16556075636658382
15   39   0.10481216639266669
15   40   0.19351723096686158
15   41   0.12687269514834398
15   43   0.013741765285261644
15   47   0.17932700716160882
15   53   0.042336685249147014
15   58   0.009780978005322155
15   59   0.009769030765489996
15   61   0.11581038846469072
15   69   0.13589930443423232
15   73   0.035501666690061474
15   77   0.011189205830257742
15   84   0.0834060840207098
16   17   0.10671962891850842
16   21   0.08748016294020913
16   22   0.011937401134421217
16   23   0.030453086035557922
16   24   0.026987867907769757
16   27   0.031580917405007056
16   28   0.0402931145663777
16   30   0.05043311770497943
16   34   0.018620786336255194
16   36   0.018428243013648895
16   37   0.025352462441155365
16   38   0.016407008399295542
16   39   0.11482315590171148
16   40   0.04461541574056459
16   43   0.106094242170696
16   45   0.02407357270533791
16   46   0.1281964811272376
16   52   0.09069911372861185
16   65   0.03325433016474157
16   70   0.027801560697121325
16   71   0.011545261569863687
16   72   0.003378050871286853
16   73   0.04641009019944055
16   76   0.05465404851620852
16   77   0.004349921491126577
16   79   0.08188154725436934
17   18   0.028645122230014933
17   19   0.12364250478035053
17   21   0.021087339063104518
17   22   0.04798890710352996
17   23   0.05437168002846349
17   24   0.006255498181156866
17   26   0.01833054773141399
17   27   0.008005763949949033
17   28   0.04015650700772314
17   29   0.02022095478453144
17   30   0.03329495517924896
17   33   0.06986312919042884
17   34   0.09661362096495586
17   36   0.0755568017940091
17   37   0.025452152690182646
17   38   0.09608254527458523
17   39   0.11313301496497917
17   43   0.09099777510724852
17   44   0.09237951417409747
17   51   0.019736775757522355
17   52   0.007140039594273528
17   66   0.005588167596138606
17   72   0.03409997142354514
17   75   0.017241776541471476
17   76   0.01934439493808148
18   19   0.03236658140449894
18   21   0.052415935428543836
18   23   0.03254059240512893
18   25   0.016423360462892687
18   26   0.017028723173193955
18   27   0.0070319478160905426
18   29   0.05813049141041307
18   30   0.0300233872457192
18   31   0.12073861321167696
18   34   0.06185041329347975
18   36   0.11392088439789917
18   37   0.0655992301662017
18   38   0.061629685741636686
18   39   0.07551820395805207
18   42   0.044316635389831556
18   44   0.007989085221258923
18   62   0.0353513748454138
18   67   0.08393081604286691
18   74   0.2191558933646385
18   75   0.02513379044330438
18   76   0.032991190358003276
18   80   0.07430091823471346
19   21   0.08965291463971695
19   23   0.006469266988345461
19   25   0.059354750240170444
19   26   0.042912402988821645
19   27   0.0402637062196115
19   29   0.07267621169420489
19   30   0.04444688132601114
19   31   0.10836429122576792
19   33   0.06537185733865003
19   34   0.06923983572833482
19   36   0.07967398798047287
19   37   0.05879404731371635
19   38   0.06221714493560226
19   39   0.0006922888587966294
19   44   0.06727205906434486
19   51   0.05514391683002617
19   52   0.09171808224683645
19   68   0.027561836514347522
19   74   0.08871686743627276
19   75   0.012783259944172539
19   76   0.04246282782268815
19   80   0.23590525391541267
20   24   0.0913699530359288
20   28   0.03519973830119975
20   29   0.09496287327583088
20   32   0.07330397881463055
20   34   0.11309623766477717
20   36   0.019588285305866853
20   38   0.11404073185797893
20   40   0.1427067657588289
20   41   0.03960935111592709
20   47   0.06466918423071404
20   53   0.047155227395575094
20   58   0.009605602572310787
20   59   0.017155404910942848
20   61   0.0323531305256404
20   64   0.04723660638976438
20   69   0.09996072675275171
20   73   0.0726327187579312
20   77   0.052687433104374314
21   22   0.07543921016584548
21   23   0.02712114573740789
21   24   0.023182356569994244
21   26   0.023877249351027658
21   27   0.05856034886393011
21   28   0.01574537590037469
21   29   0.020639137237108043
21   30   0.00901169447346863
21   33   0.044774381673854294
21   34   0.009480053132484447
21   35   0.12129627215480407
21   36   0.002191505993999078
21   37   0.07822200106849202
21   38   0.03157398049247602
21   39   0.026325863358410924
21   40   0.09621547703132692
21   41   0.002551391304662135
21   43   0.06714721689353403
21   65   0.014362372034831906
21   70   0.010567076932864234
21   71   0.04455478154784051
21   72   0.02671828848458735
21   73   0.017098733974404142
21   76   0.03244666389814712
21   77   0.006036092107801901
21   78   0.003569182449936404
21   79   0.051925322970904464
21   82   0.10840419177120378
22   23   0.028401867934480185
22   24   0.040280516461111096
22   25   0.10547954827495924
22   26   0.12775229643778094
22   27   0.07516146998798336
22   28   0.0932355627630723
22   29   0.0714794973406128
22   30   0.01010211793371183
22   31   0.15653130471850635
22   34   0.14010929832550859
22   36   0.06302474736558993
22   37   0.021098455993433678
22   38   0.08625952275329452
22   39   0.13030684799772144
22   40   0.03198833374194334
22   42   0.15255327653739748
22   43   0.0694710540571998
22   44   0.038736064814848
22   45   0.056316247219300536
22   46   0.018018476010576462
22   51   0.10580068037779143
22   52   0.07642815805621543
22   58   0.1342301537179515
22   62   0.03161675560669977
22   65   0.020410553022315626
22   70   0.08430036932183863
22   71   0.012163812084153219
22   72   0.05897027741815229
22   73   0.03009709643046694
22   75   0.010836586218847585
22   76   0.03486129084410167
22   77   0.08918628282080082
22   79   0.1738086577207759
22   80   0.11764423679425712
23   24   0.0244297368123679
23   26   0.003889874548157989
23   27   0.047655382374720986
23   28   0.04065704447952139
23   29   0.03670300504245002
23   30   0.06514662335101486
23   33   0.0037373404773151865
23   34   0.023600253440727085
23   35   0.10492744325719772
23   36   0.010124123731426241
23   37   0.0022716257211359437
23   38   0.0010416377903891157
23   39   0.003542552392680954
23   40   0.0593937053531348
23   41   0.1568939421821854
23   43   0.004702046163247411
23   44   0.10541596787573275
23   45   0.004125778134168012
23   46   0.062351400397969346
23   51   0.08886708110523044
23   52   0.0691352308515264
23   65   0.000281317682233563
23   66   0.022291844852667102
23   70   0.024768161067254154
23   71   0.08247712953097663
23   72   0.029764952665201596
23   73   0.024043588401479375
23   76   0.04740320569572547
23   77   0.02204244030566393
23   79   0.009158782470092518
23   84   0.0557161020928808
24   25   0.0535856799444042
24   26   0.0050225860857582
24   27   0.0728131442814211
24   28   0.01848289794995463
24   29   0.005470447011567576
24   30   0.06521094839186124
24   31   0.031903827553179095
24   32   0.11977384448321352
24   33   0.05995905141795713
24   34   0.05639458463429588
24   36   0.03895530351787651
24   37   0.008264517569420647
24   38   0.012882623986853555
24   39   0.09069155403480147
24   40   0.0644690576270271
24   41   0.07883800006132197
24   42   0.020768065867453882
24   43   0.028863972133787375
24   45   0.04775913633424905
24   46   0.003694858464651135
24   47   0.013172631694398884
24   48   0.07873466708095185
24   50   0.0591480976771417
24   51   0.054104286426777344
24   52   0.004464791889031466
24   53   0.008408736239540537
24   55   0.04605866439899446
24   56   0.06697058216319918
24   57   0.07309505153188735
24   58   0.005037630717058286
24   59   0.018855443943858637
24   61   0.014300652283180086
24   62   0.0754794202467777
24   63   0.0233186664227482
24   64   0.01977405595227382
24   65   0.09615804200353052
24   69   0.1022935841069367
24   70   0.030787450897639696
24   71   0.026174948884297944
24   72   0.04059809256568051
24   73   0.020393823246986208
24   76   0.02703794458043174
24   77   0.029745231666773623
24   78   0.092459912415541
24   79   0.03254709254628493
24   80   0.020322112253719014
24   82   0.0022687114706056327
24   83   0.10912896214324001
25   26   0.02196041763059486
25   27   0.01599003099367196
25   31   0.040272275767907276
25   34   0.055783153087685056
25   36   0.09405270602377003
25   37   0.17468471690935902
25   38   0.04206916025189245
25   42   0.12778681772610298
25   43   0.044199719642781715
25   44   0.05581406916358888
25   45   0.06721323374366917
25   49   0.1089950474961167
25   51   0.03557979258220385
25   60   0.19656153798321882
25   62   0.01049409477511551
25   67   0.0347628789277766
25   74   0.08423987187846872
25   75   0.013594005117657142
25   76   0.014750437753687227
25   80   0.07624708093368367
26   27   0.030439842737187077
26   28   0.0020824738184547697
26   29   0.05669852601326838
26   30   0.006314046311606155
26   31   0.05189770882264559
26   33   0.09083852342661881
26   34   0.034371807388395036
26   36   0.017419065067981368
26   37   0.04544507054753004
26   38   0.0244376664266102
26   39   0.09823093979470347
26   42   0.01583756457179771
26   43   0.033795509144143344
26   44   0.004474819486988805
26   45   0.023071645049295493
26   46   0.08664161011369576
26   49   0.22440697182665845
26   51   0.0773435549966662
26   52   0.06904282166379762
26   60   0.0760176482478839
26   62   0.0025057261357825395
26   66   0.014699696916522636
26   67   0.016275896667007628
26   68   0.01633270395196433
26   71   0.04268456852449209
26   74   0.004262358898195686
26   75   0.011697047923037128
26   76   0.04775616023943153
26   80   0.029801498971547043
26   83   0.0016933068802056817
27   28   0.0063725485186430265
27   29   0.07803381297878582
27   30   0.016011676935207723
27   31   0.012376513587507286
27   33   0.11708404157272394
27   34   0.03758441372360592
27   35   0.06289407155492135
27   36   0.04020576454133923
27   37   0.001961442459882643
27   38   0.07328219329120096
27   39   0.036533618850706225
27   40   0.08644932643574199
27   41   0.06828529558239854
27   42   0.04913840848624126
27   43   0.007578707092995734
27   44   0.03843935678973734
27   45   0.011728489191961925
27   46   0.05079383956545147
27   47   0.04553198249410863
27   49   0.06536960187427464
27   51   0.06723935438700847
27   52   0.04663332279065298
27   58   0.01588431178451781
27   60   0.015402285591967081
27   62   0.026129072818012192
27   65   0.021013077208186782
27   66   0.0073728875239626145
27   67   0.0073876557963264275
27   68   0.009399780178473363
27   70   0.024603094153681136
27   71   0.08283401289094838
27   72   0.01367028187576046
27   73   0.03177252429093553
27   74   0.027187693084917718
27   75   0.007846402931211364
27   76   0.032930865495079745
27   77   0.0460674908748974
27   80   0.048690946775450786
27   83   0.03474319518035018
27   84   0.05804157239625886
28   29   0.013521226108723097
28   30   0.0006988853431742353
28   32   0.06427814701623528
28   33   0.019424350761318827
28   34   0.02872735689799622
28   35   0.08259458677026021
28   36   0.04419392184097543
28   37   0.028064971771859876
28   38   0.014863647000245356
28   39   0.027283127196973754
28   40   0.003480107245736499
28   41   0.048942223126575625
28   43   0.0017262705672635534
28   45   0.06421841872275409
28   46   0.003977172596784166
28   47   0.025264600114445528
28   48   0.13498647142696732
28   50   0.017056950199259804
28   53   0.07579249583694204
28   55   0.1106913273576894
28   56   0.004223305242396152
28   57   0.06538038620995322
28   58   0.08995645797324785
28   59   0.07059345431596971
28   61   0.031874064624924064
28   63   0.032221240613726276
28   64   0.0007304983621776671
28   65   0.015115013540459537
28   69   0.05266262118478611
28   70   0.006256452293273507
28   71   0.00784007182044316
28   72   0.06257700078422794
28   73   0.06272613831513826
28   76   0.030030095573689436
28   77   0.07080043174092468
28   78   0.041198205454015875
28   79   0.04006426187615023
28   82   0.016181701120521527
28   83   0.05766427007705972
29   30   0.01943562569362469
29   32   0.12890901685182518
29   33   0.027426343972312524
29   34   0.05302724578289605
29   36   0.11956888512323983
29   38   0.02445188702043338
29   39   0.0378446399818955
29   40   0.17973280404919842
29   41   0.06014545653820901
29   42   0.03489538882656678
29   43   0.03422773247741433
29   58   0.04998057964259934
29   73   0.000797568367725719
29   77   0.03620259917894071
30   33   0.0036405245590958903
30   34   0.009144820290363362
30   36   0.04943490025018423
30   37   0.05931537525689645
30   38   0.0413434428737044
30   39   0.06978358150361115
30   40   0.056047208755000515
30   41   0.03799190949353902
30   43   0.001646900459476229
30   45   0.028664706275643607
30   58   0.08449639669143948
30   65   0.007035956530517092
30   70   0.04359577592314767
30   71   0.13600583424587523
30   73   0.07434834847205682
30   77   0.07827077685838796
30   78   0.06596537409675092
30   79   0.0515056673084266
31   34   0.14699783642042624
31   36   0.03413276023254775
31   37   0.009841240126777317
31   38   0.03732139137327707
31   42   0.059596556423036864
31   43   0.08965069035028501
31   44   0.03192237702624741
31   45   0.0710202566565371
31   49   0.13457054672165925
31   51   0.03158365267903478
31   60   0.19901722505016753
31   62   0.008704641926516689
31   67   0.06509053055942608
31   68   0.060135055970167446
31   71   0.0176562879150556
31   74   0.11401962507559617
31   75   0.0658275177718558
31   76   0.043506878285313064
31   80   0.03046731085141238
32   34   0.1999673651478356
32   36   0.10386246183035176
32   38   0.10058353078085222
32   39   0.18529393980851314
32   40   0.1930909938328105
32   41   0.26099921168933843
32   42   0.11446364788188182
33   34   0.07198305725690003
33   36   0.06993487670354678
33   38   0.07773986388944638
33   43   0.024059579750795066
33   73   0.11076608879098573
33   77   0.10357159577726271
34   36   0.17751995774610327
34   37   0.12231043844515825
34   38   0.04698486410090236
34   39   0.05411457247229479
34   40   0.17989043284042391
34   41   0.07947989419824382
34   42   0.10484265883142271
34   43   0.009147388031693515
34   49   0.06924208889814151
34   51   0.14980613004166746
34   58   0.03766008173366595
34   62   0.025082913946947397
34   73   0.017028624891813265
34   75   0.04290390747261565
34   76   0.0004790572933459271
34   77   0.02293822761122694
34   80   0.07022528099788253
35   36   0.03439677907502309
35   37   0.07307125055818477
35   38   0.05775786553850415
35   39   0.0982257571410172
35   40   0.029938183644318616
35   41   0.034355309023942675
35   42   0.05117818498631757
35   43   0.044328522306188924
35   44   0.04445964867120944
35   45   0.029614545230708916
35   46   0.10796291910132333
35   47   0.11262685270837526
35   48   0.14039960664083215
35   54   0.03916186172039847
35   64   0.051933912215720995
35   72   0.08865600289300649
35   84   0.06699145778712895
36   37   0.09005018870825023
36   38   0.19201029146119378
36   39   0.04913170119875374
36   40   0.12988590161378807
36   41   0.09815631342688429
36   42   0.02679514944562633
36   43   0.018567133985315006
36   44   0.06573332636736277
36   45   0.0536227695882371
36   46   0.030194026047750643
36   47   0.04647468840197298
36   48   0.16127295557660334
36   51   0.04862708791955644
36   52   0.002738411010789405
36   56   0.10106650435194725
36   58   0.04319301649981934
36   64   0.014457373920999958
36   65   0.05495500071647302
36   66   0.00768734669945748
36   68   0.02465536449239144
36   70   0.07303587076824639
36   71   0.02574475062895095
36   72   0.007700201569117985
36   73   0.01846366463467727
36   74   0.07162985416962647
36   75   0.05232973641182049
36   76   0.010573992999683738
36   77   0.025615189610816658
36   78   0.05775282573349548
36   79   0.09797807818171347
36   80   0.049366044480461925
36   82   0.08188986020647819
36   83   0.21556013028233237
36   84   0.02453044294421711
37   38   0.08396658915208957
37   39   0.036840900787336324
37   40   0.015303614039123456
37   41   0.0565701761038645
37   42   0.0455188478183746
37   43   0.04262045564789783
37   44   0.11577739313894811
37   45   0.06333577858799838
37   46   0.1122763786640935
37   49   0.04885424427530075
37   51   0.009967960693078011
37   52   0.1078563592221163
37   60   0.0964343222354018
37   62   0.03903164659544694
37   65   0.1285516910546127
37   67   0.08737664449601108
37   68   0.11270407497981563
37   71   0.06864062914972438
37   72   0.006545496017125284
37   74   0.009721056682631376
37   75   0.039480288662882515
37   76   0.039957081874321905
37   80   0.0038121590281855527
37   84   0.0580084318734152
38   39   0.11601556969211503
38   40   0.1918618533381212
38   41   0.01394806093886967
38   42   0.06238720232076031
38   43   0.0010327027810796664
38   44   0.03719758156060202
38   45   0.05863129702414181
38   46   0.041020606794277936
38   48   0.025165851920321274
38   49   0.17343190564490635
38   51   0.08034544913306862
38   52   0.0022453113549196083
38   56   0.10271960183374629
38   58   0.09146283551266501
38   62   0.0027595651826736105
38   65   0.0042147961211974365
38   66   0.00598644693323609
38   67   0.12367931016344973
38   68   0.06647287294518374
38   71   0.06678704038775649
38   72   0.012297485796576376
38   73   0.004598981973512093
38   74   0.12438148145180677
38   75   0.04701069836323452
38   76   0.001510136557947355
38   77   0.0011339094994122847
38   80   0.012332567554078163
38   84   0.09735294430911837
39   40   0.08062422661257125
39   41   0.028093172094734716
39   42   0.10565966486021801
39   43   0.05592524681889183
39   44   0.08389032227053615
39   45   0.08971580294490158
39   46   0.0977360686003175
39   48   0.003874094262590213
39   51   0.11782945362392969
39   52   0.1272032188138815
39   65   0.12967288820820486
39   71   0.060966576025217746
39   72   0.12569143373218766
39   73   0.07163558755818021
39   75   0.023102800124934125
39   76   0.11485220483947924
39   77   0.08067886657874848
39   84   0.07509195895809671
40   41   0.04852459478681457
40   42   0.021333887300078163
40   43   0.05423035641297766
40   45   0.0723577848369717
40   47   0.05834787120608598
40   48   0.014275413648241982
40   53   0.13187699203983339
40   54   0.04362122428039557
40   56   0.08406311293960872
40   58   0.018075342737320248
40   59   0.0747320323133026
40   61   0.04605715692474266
40   64   0.12758278592333172
40   69   0.07141818102257673
40   73   0.0024418820013752205
40   76   0.15825870103449993
40   77   0.02908089626447161
40   78   0.002428824413091231
40   84   0.057277238372755945
41   42   0.14702493642561298
41   43   0.14848536431344614
41   45   0.07184817878297993
41   46   0.0180364284071603
41   47   0.12728745317317983
41   48   0.07512249276931401
41   49   0.03338963221588511
41   57   0.026730565683546422
41   73   0.02012185651905892
41   77   0.2567126525556291
41   83   0.04765939509300811
41   84   0.057873307736946294
42   44   0.0662687191569073
42   45   0.11529546676353539
42   46   0.05883965554177925
42   48   0.18251626498975138
42   49   0.024635620075170388
42   51   0.09866317657913605
42   60   0.09368448714544726
42   62   0.15471380277704466
42   74   0.15639526271365506
42   75   0.10174487219104186
42   76   0.12295396593768211
42   80   0.031964289709709125
42   83   0.06808735480131514
43   44   0.006828210809254807
43   45   0.012297627388943792
43   46   0.02937369325559783
43   47   0.025613750028788476
43   48   0.012721379581765935
43   49   0.07051904271814355
43   50   0.13833409248708717
43   51   0.035687626587835704
43   52   0.04808363991424376
43   53   0.01381869159613666
43   54   0.014774073668078846
43   55   0.007089767571269882
43   56   0.051721196369973244
43   57   0.10997346722446871
43   58   0.17282940544563424
43   59   0.03395160179971983
43   60   0.1331909011174804
43   61   0.024340626019491343
43   62   0.04246740405666719
43   63   0.1300982929076763
43   64   0.03095469284431423
43   65   0.04291207853685771
43   66   0.0916311814144889
43   67   0.06471153293568915
43   68   0.014378024142707318
43   69   0.01685523236037618
43   70   0.044486349804303514
43   71   0.07311116894445491
43   72   0.03723215819678239
43   73   0.022334324792975147
43   74   0.14827340810630543
43   75   0.008696773294660927
43   76   0.006941096452180257
43   77   0.07218398901403845
43   78   0.18392136011582416
43   79   0.11528572109429967
43   80   0.03929649092085836
43   81   0.10196066163228171
43   82   0.23536069975990426
43   83   0.13106551571023783
43   84   0.026109461829951743
44   45   0.065227965673719
44   46   0.08634815926759598
44   47   0.07281341639476994
44   48   0.12900764886605356
44   49   0.10066672998813983
44   51   0.02378791719563332
44   52   0.05051009818903298
44   56   0.04321786738582005
44   60   0.167267982885754
44   62   0.07780081572415994
44   63   0.051495475246029945
44   65   0.06109872595561522
44   66   0.11684965523074181
44   67   0.03386549100207607
44   68   0.0803050949176619
44   70   0.003346818737195328
44   71   0.025076914097877778
44   72   0.00019374820588719243
44   73   0.03401333590214875
44   74   0.09526446185489566
44   75   0.006173535084703326
44   76   0.012318198093071572
44   77   0.0074725210261987985
44   79   0.05901374354218174
44   80   0.05537811223922232
44   83   0.090974095225039
44   84   0.014602068961713982
45   46   0.08589832505063964
45   47   0.12578933162976114
45   48   0.13462522744668118
45   49   0.10860031221001985
45   50   0.060420952311831616
45   51   0.011593211505382776
45   52   0.017655049013579636
45   53   0.09303601076354266
45   55   0.04221511301562858
45   56   0.10393254010387333
45   57   0.15181584147077734
45   58   0.12008406857912478
45   59   0.06728532219102279
45   60   0.07439466970118337
45   61   0.045776078437487516
45   62   0.09120243420231952
45   63   0.13128528010968318
45   64   0.13219876222096832
45   65   0.04586551116206849
45   66   0.1157483465332497
45   67   0.002470130283749518
45   68   0.00041879332455953917
45   69   0.06148402887204567
45   70   0.025500052697378157
45   71   0.022310020000212923
45   72   0.03419933740239404
45   73   0.05484812777161478
45   74   0.08461792812555571
45   75   0.031088477923050216
45   76   0.028538154913907147
45   77   0.1166193391177536
45   78   0.1604290912802662
45   79   0.10341429977629052
45   80   0.020724484042686654
45   81   0.17045148550032604
45   82   0.10755787024015126
45   83   0.123768271074221
45   84   0.012100831328707078
46   47   0.11572116358030445
46   48   0.01226480453418412
46   49   0.07443375828247162
46   51   0.0487326805936641
46   52   0.04989709669859958
46   55   0.08120135854887982
46   56   0.10193893962234891
46   57   0.007831861618459607
46   58   0.09582146864708047
46   59   0.09966426514632548
46   60   0.0950699572498488
46   63   0.16171028662254772
46   64   0.027218889556184716
46   65   0.1025807774227414
46   66   0.19029568883378586
46   67   0.14550196884130165
46   68   0.1778411849102094
46   70   0.1546188252918239
46   71   0.14412137523752808
46   72   0.1294618263985807
46   73   0.054977834392472495
46   75   0.13038516513681384
46   76   0.12006741210093698
46   77   0.11973046026312287
46   78   0.05463239200659714
46   79   0.16706433510723312
46   80   0.010305203479936485
46   81   0.1286056112271666
46   83   0.23317858353977133
46   84   0.021766963456914954
47   48   0.023408854253323775
47   49   0.17223792100752797
47   51   0.113207379063691
47   52   0.08395978090421327
47   53   0.13325261263576477
47   54   0.07561581707224997
47   55   0.1147509524525762
47   56   0.08035523446705406
47   57   0.20437409898037862
47   58   0.23708886656463746
47   59   0.11492982875201965
47   61   0.14309269647174214
47   63   0.12577479024181284
47   64   0.11894515218653005
47   65   0.07388905900930329
47   69   0.1412685162169365
47   70   0.09297124460004737
47   71   0.04338728873878979
47   72   0.0495283597452335
47   73   0.07001346334139204
47   75   0.01139316081050145
47   76   0.08035240227659345
47   77   0.0581968738842995
47   78   0.2216302258521129
47   79   0.07555750174026092
47   81   0.23383159727856032
47   83   0.1940799448755295
47   84   0.05421549826085274
48   49   0.06493974999506681
48   53   0.12364215338658972
48   54   0.13131778684007364
48   55   0.13242266860101454
48   56   0.09742774432378792
48   57   0.26876457158921563
48   58   0.035076339439198204
48   59   0.04692365842860537
48   60   0.010747200966549778
48   61   0.023669957656145536
48   62   0.09216865290333377
48   63   0.16150810491463158
48   64   0.07273600469805287
48   69   0.04202404353255714
48   70   0.0035730607564636134
48   72   0.038617124203872304
48   73   0.04485003912951912
48   75   0.07550349559300842
48   76   0.10575928502376086
48   77   0.07304180457650856
48   78   0.1157615523811009
48   79   0.2828565452528079
48   81   0.2636490875931711
48   83   0.06252303752387224
48   84   0.16975774531416787
49   51   0.03774172908497337
49   57   0.016408725847600322
49   58   0.15038193012872833
49   60   0.1288231479694384
49   62   0.001672001663098284
49   63   0.013922022250440313
49   67   0.2420859573347112
49   71   0.24881850520166182
49   73   0.020829144275364787
49   74   0.15864674129821246
49   75   0.05624220139926211
49   76   0.034748490946819074
49   80   0.07890913624641958
49   83   0.0701878561610341
49   84   0.0421683300471953
50   52   0.08043608337779466
50   56   0.0657626477647013
50   57   0.025580054403826064
50   58   0.07528461378502616
50   59   0.00687370921027193
50   63   0.004502532451469136
50   66   0.07115354861884456
50   68   0.016771658502415205
50   70   0.006706170022515888
50   72   0.08431119946773459
50   73   0.06294053327972826
50   75   0.012603387615805612
50   76   0.03496841880922656
50   77   0.048084739365489355
50   78   0.11504817861525266
50   79   0.06951652738777402
50   82   0.1444432320823203
50   83   0.06346198988138818
51   52   0.09219148890220961
51   54   0.28302615625296945
51   58   0.08887479828975868
51   60   0.21166000482552225
51   62   0.005271877676304033
51   64   0.11183086565993634
51   65   0.0859609287906183
51   66   0.1391655208970669
51   68   0.04239055801080264
51   71   0.06684512588636861
51   72   0.11927791328870037
51   73   0.014345819331232528
51   74   0.14645721846870915
51   75   0.07936953884361049
51   76   0.022209724194675148
51   77   0.09900491124126747
51   80   0.1723694682805014
51   83   0.031038379111116364
52   55   0.051620595607701054
52   56   0.028875303616467285
52   57   0.10285943964307812
52   59   0.019186604128914844
52   63   0.056297687410800025
52   66   0.16345421186998613
52   67   0.09246036929518277
52   68   0.04099310328852536
52   70   0.14914465189817694
52   71   0.14872434440912624
52   72   0.04699833407016911
52   73   0.06494232245933768
52   75   0.07563014791894919
52   76   0.049620432491875685
52   77   0.08355739196337716
52   78   0.06323839102449325
52   79   0.11768328592329613
52   83   0.0462225320697997
53   54   0.008494278141967555
53   55   0.03904807681094812
53   56   0.022770178917976572
53   57   0.07385755966856093
53   58   0.05929688257846207
53   59   0.027283097336384537
53   61   0.004339580126949477
53   63   0.04211827887139369
53   64   0.04367064741961922
53   69   0.002439497269840083
53   73   0.07121583804459111
53   77   0.07389700364131585
53   78   0.10828180307193182
53   83   0.10993284081383155
54   55   0.09372393895636745
54   56   0.03907216998606838
54   57   0.11440353136266948
54   58   0.2007850047924975
54   59   0.11171402145348042
54   61   0.017338188830795513
54   64   0.07822453852456863
54   69   0.0559265122051238
54   71   0.03668193937458272
54   73   0.10170997307593171
54   76   0.068406878870763
54   77   0.030833397263383917
54   78   0.0005571309413297014
54   81   0.029142590954423748
54   83   0.008128602896344029
54   84   0.023823959854314535
55   56   0.02265862589268665
55   57   0.053339664374681336
55   58   0.09260531929622562
55   59   0.024921687782866755
55   61   0.0052647229727549975
55   63   0.020460852178014664
55   64   0.02469176667156834
55   69   0.09019727435051639
55   72   0.043761786647617415
55   73   0.09034361858075234
55   77   0.052929140692324794
55   78   0.021961709789014145
55   81   0.02189773287349278
55   83   0.13954835648378505
56   57   0.041089031439638435
56   58   0.024942210309066817
56   59   0.02779670969216243
56   60   0.037496747648286755
56   61   0.050882566573621134
56   63   0.10974892699935995
56   64   0.15656188151152217
56   66   0.07391367118681007
56   67   0.08981062953513202
56   68   0.009806573910766853
56   69   0.053044394556623214
56   70   0.03672661169191114
56   72   0.0026193866512622347
56   73   0.0022752791744232474
56   75   0.06002467067069214
56   76   0.003336637660110216
56   77   0.056932075284690895
56   78   0.04096010771037797
56   79   0.04604139942346417
56   81   0.004021862102438261
56   82   0.005320648567132847
56   83   0.1384269870538243
57   58   0.0196027994134507
57   59   0.024554695742991378
57   60   0.11665021065029833
57   61   0.08045975422125168
57   63   0.20720890977777517
57   64   0.06301414117021034
57   66   0.02044680744001144
57   67   0.09913566305113923
57   68   0.09408274162579776
57   69   0.09710123809425547
57   70   0.03154038404480436
57   72   0.10033291113250892
57   73   0.009873212081130754
57   75   0.030151133954784273
57   76   0.012194939551399808
57   77   0.022483515405221675
57   78   0.13189173284662048
57   79   0.029173859061165652
57   81   0.11823696800768448
57   83   0.17947822630746268
58   59   0.0832290858383097
58   61   0.09834155170291832
58   62   0.06779597901298687
58   63   0.06237629486179116
58   64   0.16332389555281895
58   69   0.015992565419358482
58   71   0.14208343443686103
58   73   0.06518501908626996
58   74   0.1452285205945809
58   75   0.03478777415239256
58   76   0.06743465078647869
58   77   0.03834762428165745
58   78   0.05500715377543369
58   79   0.09835475391812482
58   80   0.0191897324453505
58   82   0.010302209426399762
58   83   0.1729214735588619
59   60   0.002156848227282905
59   61   0.037276451313094955
59   63   0.01032636157896532
59   64   0.09240482919862522
59   69   0.003811500679565892
59   73   0.025885782085377684
59   77   0.05533149550890951
59   78   0.00556179581476912
59   81   0.21003537021118224
59   82   0.0007989207954108799
59   83   0.06686345169704123
60   61   0.17208108666004102
60   62   0.05933593457104118
60   63   0.09380622228587628
60   66   0.004271165548465084
60   67   0.005891858424334784
60   68   0.018222485709746473
60   70   0.00391649700278848
60   72   0.1334716118070558
60   74   0.19147180115757692
60   75   0.05606575008214409
60   76   0.1215615020475072
60   78   0.05171821793860023
60   79   0.008290126448561698
60   80   0.1740625811851705
60   81   0.0707558809077909
60   83   0.018981845616773033
61   63   0.02475247362187772
61   64   0.11826938670360569
61   69   0.05358186355263353
61   73   0.043025700331475354
61   77   0.03914100948633296
61   78   0.04033426914782
61   81   0.13675797595943467
61   83   0.08319511496945478
62   67   0.0898906297328738
62   71   0.01690949240582414
62   73   0.030568678416764514
62   74   0.015106720954717361
62   75   0.03155232389189106
62   76   0.05256542866612812
62   78   0.10284722147118842
62   80   0.07398163618600367
62   81   0.11910330644580791
62   83   0.014813737590625976
63   64   0.08302550335312112
63   66   0.030929385713284876
63   67   0.15213182375931714
63   68   0.07785547312146454
63   69   0.03775510438412518
63   70   0.005603747715703766
63   72   0.08788479050606167
63   73   0.0234378875922504
63   75   0.06483719018523913
63   76   0.05461235182154672
63   77   0.008501105324808413
63   78   0.06887454559269535
63   79   0.013988323163416114
63   80   0.09154272590899877
63   81   0.004091055638093946
63   82   0.0944245110763186
63   83   0.10811423594525853
64   69   0.04465577046793197
64   70   0.025201061795138705
64   71   0.14079447612959642
64   72   0.007182237824989084
64   73   0.0805113151010277
64   74   0.03628970180818578
64   76   0.06663615839650187
64   77   0.0978529260714809
64   78   0.018683982178000335
64   79   0.15404049137001435
64   81   0.12844438424701277
64   83   0.030824279111209156
64   84   0.14735955049065613
65   70   0.02271064615612144
65   71   0.09607897228150312
65   72   0.041115576452995926
65   73   0.028778113561790285
65   76   0.010885322678278844
65   77   0.006931177965302145
65   79   0.09168108729625965
65   82   0.22316263535264563
65   83   0.15026303567883265
65   84   0.07071314461323137
66   67   0.04452087617643579
66   68   0.07083857083508914
66   70   0.008702771689213774
66   71   0.06752072602988524
66   72   0.048835109392771206
66   73   0.04804578937790019
66   75   0.21977907056299484
66   76   0.040804816869580415
66   77   0.015925424910004277
66   78   0.10869501428418178
66   79   0.04166973262875045
66   82   0.15806084792769162
66   83   0.13253873744279565
67   68   0.10502960743324058
67   70   0.002530448985589981
67   72   0.055187561076892086
67   74   0.09622032462657289
67   75   0.028284277434104096
67   76   0.07294111703527269
67   77   0.13113846165580148
67   78   0.008193089905166245
67   79   0.13036731297928034
67   80   0.07227843802624871
67   83   0.12174133677872281
68   70   0.02875515668454382
68   72   0.01012712099777947
68   74   0.15816391997498974
68   75   0.08291568576177294
68   76   0.05594733167770321
68   77   0.0014540184927923302
68   78   0.01131203369312007
68   79   0.07709381594544956
68   80   0.14251041908775272
68   82   0.09991540413417319
68   83   0.06952373061179017
69   73   0.11552743760859253
69   77   0.04457300152684296
69   78   0.018512437236441807
69   83   0.06952010483062952
70   71   0.06599995433131506
70   72   0.03314519409484851
70   73   0.006187797998920824
70   75   0.053420081488489486
70   76   0.053927683992123575
70   77   0.09081164234352204
70   78   0.0031999382759700574
70   79   0.002516786332329924
70   82   0.04645678507602069
70   83   0.07497577914862982
70   84   0.11216535634349498
71   72   0.12420985989299946
71   73   0.012964676793153062
71   74   0.09450571589731126
71   75   0.10386676211450933
71   76   0.012338829862946838
71   77   0.017057799038893776
71   78   0.09843396714403248
71   79   0.06981593220275503
71   80   0.08108177245885663
71   83   0.11812133228459398
72   73   0.004315037993507066
72   75   0.03523407516749169
72   76   0.08522691065865126
72   77   0.06400476886758222
72   78   0.014941118471328474
72   79   0.07383217674993457
72   82   0.1436498368764741
72   83   0.023887863026055323
72   84   0.07806445204128329
73   74   0.08213447346942004
73   75   0.0918984621964927
73   76   0.027693846820258397
73   77   0.07859945379974936
73   78   0.057311885167796714
73   79   0.0182447133224468
73   80   0.09421864518478852
73   81   0.14290783269742996
73   82   0.11211167234979479
73   83   0.08623684446790501
74   75   0.006908293035808461
74   76   0.07188999826750919
74   80   0.09671466235129468
74   83   0.07920951024951683
75   76   0.0007276878781304602
75   77   0.10027529119957171
75   78   0.11065254685971036
75   79   0.02760953558086666
75   80   4.939818326812795e-06
75   82   0.0896207929578088
75   83   0.07121746234985442
76   77   0.022616743269421688
76   78   0.08844447873456618
76   79   0.036118605409016895
76   80   0.08643485898911701
76   82   0.07357174261873406
76   83   0.06265855962399315
76   84   0.008699476053528528
77   78   0.07064185293410272
77   79   0.01889513557102982
77   81   0.18247838055505466
77   82   0.15974354157410972
77   83   0.15316778388114477
77   84   0.09488286229297306
78   79   0.04721027741505766
78   80   0.04970658088565677
78   81   0.01919602238183123
78   82   0.024484843731943342
78   83   0.07857779188475203
79   82   0.15001365240884826
79   83   0.105860057573935
80   83   0.051180973343710766
81   83   0.2324349485061374
82   83   0.12337107243469171
