0   1   0.022
0   2   0.066
0   3   0.141
0   4   0.032
0   5   0.104
0   6   0.072
0   7   0.153
0   8   0.039
0   9   0.068
0   10   0.004
0   11   0.043
0   12   0.109
0   13   0.05
0   14   0.133
0   15   0.119
0   16   0.121
0   17   0.1
0   18   0.034
0   19   0.169
0   20   0.038
0   21   0.027
0   22   0.129
0   23   0.04
0   24   0.089
0   25   0.119
0   26   0.054
0   27   0.025
0   28   0.032
0   29   0.164
0   30   0.071
0   31   0.073
0   32   0.022
0   33   0.009
0   34   0.09
0   35   0.028
0   36   0.027
0   37   0.08
0   38   0.151
0   39   0.027
0   40   0.174
0   41   0.061
0   42   0.091
0   43   0.015
0   44   0.041
0   45   0.018
0   46   0.001
0   47   0.111
0   48   0.015
0   49   0.016
0   50   0.013
0   51   0.136
0   52   0.182
0   53   0.046
0   54   0.017
0   55   0.139
0   56   0.082
0   57   0.022
0   58   0.071
0   59   0.022
0   60   0.116
0   61   0.046
0   62   0.044
0   63   0.065
0   64   0.164
0   65   0.016
0   67   0.184
0   68   0.096
0   69   0.022
0   70   0.037
0   71   0.059
0   72   0.081
0   73   0.076
0   74   0.029
0   75   0.008
0   76   0.025
0   77   0.071
0   78   0.147
0   79   0.046
0   81   0.021
0   82   0.074
0   83   0.019
1   2   0.018
1   3   0.207
1   4   0.052
1   5   0.136
1   6   0.036
1   7   0.041
1   8   0.009
1   9   0.044
1   10   0.006
1   11   0.104
1   12   0.094
1   13   0.098
1   14   0.049
1   15   0.038
1   16   0.006
1   17   0.03
1   18   0.039
1   19   0.055
1   20   0.063
1   21   0.06
1   22   0.009
1   23   0.07
1   24   0.181
1   25   0.011
1   26   0.11
1   27   0.162
1   28   0.094
1   29   0.018
1   30   0.052
1   31   0.067
1   32   0.116
1   33   0.057
1   34   0.086
1   35   0.082
1   36   0.035
1   37   0.09
1   38   0.107
1   39   0.045
1   40   0.213
1   41   0.104
1   42   0.012
1   43   0.072
1   44   0.177
1   45   0.044
1   46   0.078
1   48   0.054
1   49   0.054
1   50   0.126
1   51   0.075
1   52   0.015
1   53   0.091
1   54   0.108
1   55   0.054
1   56   0.016
1   57   0.032
1   58   0.123
1   59   0.023
1   60   0.165
1   61   0.09
1   62   0.027
1   63   0.087
1   64   0.076
1   65   0.023
1   66   0.006
1   67   0.011
1   68   0.132
1   69   0.119
1   70   0.118
1   71   0.024
1   72   0.124
1   73   0.001
1   74   0.001
1   75   0.089
1   76   0.105
1   77   0.039
1   78   0.015
1   79   0.081
1   80   0.107
1   81   0.053
1   82   0.088
1   83   0.006
2   3   0.244
2   4   0.012
2   5   0.06
2   6   0.047
2   7   0.004
2   8   0.115
2   9   0.1
2   10   0.007
2   11   0.088
2   12   0.087
2   13   0.009
2   14   0.115
2   15   0.026
2   16   0.039
2   17   0.045
2   19   0.007
2   20   0.118
2   21   0.018
2   22   0.138
2   23   0.02
2   24   0.007
2   25   0.049
2   26   0.052
2   27   0.069
2   28   0.028
2   29   0.023
2   30   0.019
2   31   0.049
2   32   0.035
2   33   0.054
2   34   0.023
2   35   0.121
2   36   0.101
2   37   0.003
2   38   0.019
2   39   0.051
2   40   0.031
2   41   0.117
2   42   0.04
2   43   0.05
2   44   0.135
2   45   0.046
2   46   0.146
2   47   0.018
2   48   0.009
2   49   0.148
2   50   0.014
2   51   0.013
2   52   0.23
2   53   0.168
2   54   0.079
2   55   0.197
2   56   0.193
2   57   0.214
2   58   0.024
2   59   0.099
2   60   0.096
2   61   0.101
2   62   0.006
2   63   0.088
2   64   0.089
2   65   0.035
2   66   0.161
2   67   0.217
2   68   0.03
2   69   0.076
2   70   0.026
2   71   0.224
2   72   0.041
2   73   0.011
2   74   0.121
2   75   0.001
2   76   0.045
2   77   0.055
2   78   0.117
2   79   0.081
2   81   0.158
2   82   0.045
2   83   0.027
3   4   0.063
3   5   0.11
3   6   0.015
3   7   0.153
3   8   0.132
3   9   0.139
3   10   0.024
3   11   0.07
3   12   0.043
3   13   0.166
3   14   0.007
3   15   0.103
3   16   0.003
3   17   0.118
3   18   0.003
3   19   0.051
3   20   0.056
3   21   0.123
3   22   0.18
3   23   0.104
3   24   0.115
3   25   0.199
3   26   0.192
3   27   0.044
3   28   0.159
3   29   0.221
3   30   0.162
3   31   0.053
3   32   0.07
3   33   0.195
3   34   0.134
3   35   0.202
3   36   0.191
3   37   0.2
3   38   0.059
3   39   0.015
3   40   0.088
3   41   0.103
3   42   0.019
3   43   0.077
3   44   0.006
3   45   0.035
3   46   0.056
3   47   0.028
3   48   0.119
3   49   0.058
3   50   0.125
3   51   0.143
3   52   0.05
3   53   0.103
3   54   0.024
3   55   0.036
3   56   0.092
3   57   0.065
3   58   0.027
3   59   0.103
3   60   0.071
3   61   0.108
3   62   0.205
3   63   0.131
3   64   0.044
3   65   0.007
3   67   0.097
3   68   0.003
3   69   0.008
3   70   0.022
3   71   0.114
3   72   0.01
3   73   0.061
3   74   0.172
3   75   0.237
3   76   0.093
3   77   0.129
3   78   0.124
3   80   0.092
3   81   0.096
3   82   0.17
3   83   0.025
4   5   0.112
4   6   0.026
4   7   0.138
4   8   0.03
4   9   0.001
4   10   0.063
4   11   0.039
4   12   0.069
4   13   0.195
4   14   0.016
4   15   0.047
4   16   0.164
4   17   0.163
4   18   0.178
4   19   0.039
4   20   0.041
4   21   0.09
4   22   0.168
4   23   0.001
4   24   0.053
4   25   0.027
4   26   0.14
4   27   0.036
4   28   0.125
4   29   0.04
4   30   0.08
4   31   0.103
4   32   0.178
4   33   0.026
4   34   0.098
4   35   0.047
4   36   0.094
4   37   0.008
4   38   0.042
4   39   0.004
4   40   0.085
4   41   0.068
4   42   0.093
4   43   0.021
4   44   0.138
4   45   0.089
4   46   0.012
4   47   0.018
4   48   0.035
4   49   0.137
4   51   0.095
4   52   0.059
4   53   0.079
4   54   0.034
4   55   0.214
4   56   0.089
4   57   0.173
4   58   0.084
4   59   0.162
4   60   0.101
4   61   0.011
4   62   0.047
4   63   0.092
4   64   0.07
4   65   0.086
4   67   0.152
4   68   0.014
4   69   0.042
4   70   0.072
4   71   0.146
4   72   0.162
4   73   0.03
4   74   0.05
4   75   0.074
4   76   0.038
4   78   0.017
4   80   0.152
4   81   0.046
4   82   0.056
4   83   0.161
5   6   0.044
5   7   0.034
5   8   0.035
5   9   0.103
5   10   0.05
5   11   0.039
5   12   0.094
5   13   0.031
5   14   0.02
5   15   0.029
5   16   0.026
5   17   0.118
5   18   0.044
5   19   0.036
5   20   0.086
5   21   0.102
5   22   0.118
5   23   0.049
5   24   0.121
5   25   0.091
5   26   0.002
5   27   0.051
5   28   0.092
5   29   0.092
5   30   0.119
5   31   0.102
5   32   0.044
5   33   0.046
5   34   0.045
5   35   0.049
5   36   0.046
5   37   0.088
5   38   0.148
5   39   0.025
5   40   0.078
5   41   0.188
5   42   0.034
5   43   0.007
5   44   0.015
5   45   0.04
5   46   0.013
5   47   0.025
5   48   0.182
5   49   0.143
5   50   0.165
5   51   0.155
5   52   0.016
5   53   0.242
5   54   0.023
5   55   0.003
5   56   0.038
5   57   0.016
5   58   0.083
5   59   0.224
5   60   0.07
5   61   0.097
5   62   0.014
5   63   0.04
5   64   0.002
5   65   0.101
5   66   0.131
5   67   0.098
5   68   0.172
5   69   0.04
5   70   0.127
5   71   0.078
5   72   0.059
5   73   0.108
5   74   0.202
5   75   0.046
5   76   0.041
5   77   0.016
5   78   0.049
5   79   0.054
5   80   0.102
5   81   0.106
5   82   0.144
5   83   0.073
6   7   0.023
6   8   0.049
6   9   0.083
6   10   0.042
6   11   0.026
6   12   0.077
6   13   0.127
6   14   0.09
6   15   0.146
6   16   0.02
6   17   0.021
6   18   0.049
6   19   0.04
6   20   0.023
6   21   0.014
6   22   0.066
6   23   0.067
6   24   0.17
6   25   0.104
6   26   0.009
6   27   0.039
6   28   0.106
6   29   0.036
6   30   0.161
6   31   0.011
6   32   0.144
6   33   0.141
6   34   0.131
6   35   0.041
6   36   0.011
6   37   0.006
6   38   0.078
6   39   0.019
6   40   0.025
6   41   0.088
6   42   0.051
6   43   0.015
6   44   0.114
6   45   0.104
6   46   0.135
6   47   0.014
6   48   0.109
6   49   0.106
6   50   0.072
6   51   0.13
6   52   0.069
6   53   0.133
6   54   0.112
6   55   0.05
6   56   0.079
6   57   0.029
6   58   0.042
6   59   0.045
6   60   0.021
6   61   0.013
6   62   0.121
6   63   0.074
6   64   0.004
6   65   0.004
6   66   0.153
6   67   0.145
6   68   0.065
6   69   0.138
6   70   0.013
6   71   0.011
6   72   0.047
6   73   0.046
6   74   0.064
6   75   0.059
6   76   0.034
6   77   0.057
6   78   0.04
6   79   0.152
6   80   0.083
6   81   0.202
6   82   0.07
6   83   0.104
7   8   0.041
7   9   0.024
7   10   0.076
7   11   0.049
7   12   0.023
7   13   0.184
7   14   0.04
7   15   0.024
7   16   0.061
7   17   0.176
7   18   0.01
7   19   0.13
7   20   0.07
7   21   0.065
7   22   0.004
7   23   0.055
7   24   0.165
7   25   0.068
7   26   0.019
7   27   0.026
7   28   0.027
7   29   0.053
7   30   0.073
7   31   0.034
7   32   0.02
7   33   0.065
7   34   0.049
7   35   0.037
7   36   0.062
7   37   0.003
7   38   0.08
7   39   0.076
7   40   0.012
7   41   0.006
7   42   0.024
7   43   0.044
7   44   0.023
7   45   0.01
7   46   0.018
7   47   0.031
7   48   0.051
7   49   0.151
7   50   0.154
7   51   0.019
7   52   0.081
7   53   0.259
7   54   0.004
7   55   0.049
7   56   0.018
7   57   0.062
7   58   0.019
7   59   0.144
7   60   0.019
7   61   0.035
7   62   0.032
7   63   0.081
7   64   0.045
7   65   0.004
7   66   0.028
7   67   0.108
7   68   0.036
7   69   0.048
7   70   0.012
7   71   0.114
7   72   0.021
7   73   0.051
7   74   0.154
7   75   0.119
7   76   0.052
7   77   0.014
7   78   0.086
7   79   0.091
7   80   0.129
7   81   0.157
7   82   0.123
7   83   0.033
8   9   0.13
8   10   0.022
8   11   0.148
8   12   0.037
8   13   0.034
8   14   0.039
8   15   0.033
8   16   0.046
8   17   0.043
8   18   0.063
8   19   0.082
8   20   0.082
8   21   0.113
8   22   0.117
8   23   0.028
8   24   0.008
8   25   0.106
8   26   0.055
8   27   0.059
8   28   0.057
8   29   0.073
8   30   0.113
8   31   0.017
8   32   0.028
8   33   0.067
8   34   0.074
8   35   0.093
8   36   0.16
8   37   0.102
8   38   0.187
8   39   0.012
8   40   0.008
8   41   0.031
8   42   0.025
8   43   0.063
8   44   0.05
8   45   0.071
8   46   0.016
8   47   0.012
8   48   0.076
8   49   0.079
8   50   0.135
8   51   0.125
8   52   0.216
8   53   0.062
8   54   0.097
8   55   0.036
8   56   0.078
8   57   0.072
8   58   0.042
8   59   0.128
8   60   0.042
8   61   0.085
8   62   0.024
8   63   0.011
8   64   0.129
8   65   0.061
8   66   0.005
8   67   0.117
8   68   0.003
8   69   0.085
8   70   0.104
8   71   0.127
8   72   0.079
8   73   0.152
8   74   0.075
8   75   0.095
8   76   0.133
8   77   0.101
8   78   0.019
8   79   0.071
8   80   0.052
8   81   0.189
8   82   0.049
8   83   0.208
9   10   0.094
9   11   0.158
9   12   0.014
9   13   0.063
9   14   0.064
9   15   0.01
9   16   0.139
9   17   0.082
9   18   0.167
9   19   0.001
9   20   0.09
9   21   0.059
9   22   0.145
9   23   0.07
9   24   0.071
9   25   0.04
9   26   0.073
9   27   0.129
9   28   0.026
9   29   0.139
9   30   0.18
9   31   0.01
9   32   0.087
9   33   0.021
9   34   0.006
9   35   0.001
9   36   0.116
9   37   0.082
9   38   0.14
9   39   0.143
9   40   0.134
9   41   0.058
9   42   0.094
9   43   0.104
9   44   0.097
9   45   0.018
9   46   0.002
9   47   0.025
9   48   0.042
9   49   0.227
9   50   0.036
9   51   0.131
9   52   0.01
9   53   0.066
9   54   0.087
9   55   0.043
9   56   0.007
9   57   0.012
9   58   0.067
9   59   0.002
9   60   0.057
9   61   0.08
9   62   0.049
9   63   0.09
9   64   0.125
9   65   0.086
9   66   0.07
9   67   0.07
9   68   0.121
9   69   0.071
9   70   0.026
9   71   0.067
9   72   0.128
9   73   0.039
9   74   0.219
9   75   0.185
9   76   0.024
9   77   0.083
9   78   0.119
9   80   0.081
9   81   0.081
9   82   0.021
9   83   0.082
10   11   0.062
10   12   0.02
10   13   0.164
10   14   0.016
10   15   0.109
10   16   0.141
10   17   0.035
10   18   0.11
10   19   0.058
10   20   0.174
10   21   0.063
10   22   0.261
10   23   0.061
10   24   0.024
10   25   0.036
10   26   0.023
10   27   0.126
10   28   0.157
10   29   0.017
10   30   0.111
10   31   0.094
10   32   0.043
10   33   0.114
10   34   0.075
10   35   0.034
10   36   0.058
10   37   0.172
10   38   0.085
10   39   0.062
10   40   0.06
10   41   0.027
10   42   0.08
10   43   0.027
10   44   0.132
10   45   0.068
10   46   0.12
10   47   0.015
10   48   0.051
10   49   0.032
10   50   0.092
10   51   0.026
10   52   0.054
10   53   0.131
10   54   0.052
10   55   0.089
10   56   0.089
10   57   0.06
10   58   0.029
10   59   0.146
10   60   0.014
10   61   0.012
10   62   0.105
10   63   0.01
10   64   0.131
10   65   0.208
10   66   0.064
10   67   0.02
10   68   0.152
10   69   0.241
10   70   0.062
10   71   0.06
10   72   0.127
10   73   0.052
10   74   0.063
10   75   0.137
10   76   0.007
10   77   0.128
10   78   0.011
10   79   0.021
10   80   0.053
10   81   0.086
10   82   0.048
10   83   0.074
11   12   0.02
11   13   0.097
11   14   0.022
11   15   0.067
11   16   0.189
11   17   0.046
11   18   0.022
11   19   0.149
11   20   0.112
11   21   0.158
11   22   0.156
11   23   0.127
11   24   0.029
11   25   0.131
11   26   0.117
11   27   0.019
11   28   0.063
11   29   0.156
11   30   0.174
11   31   0.063
11   32   0.039
11   33   0.164
11   34   0.106
11   35   0.165
11   36   0.108
11   37   0.009
11   38   0.018
11   39   0.091
11   40   0.057
11   41   0.251
11   42   0.147
11   43   0.03
11   44   0.247
11   45   0.022
11   46   0.06
11   47   0.104
11   48   0.01
11   49   0.006
11   50   0.178
11   51   0.083
11   52   0.111
11   53   0.044
11   54   0.104
11   55   0.024
11   56   0.067
11   57   0.092
11   58   0.008
11   59   0.133
11   60   0.097
11   61   0.174
11   62   0.051
11   63   0.029
11   64   0.056
11   65   0.053
11   67   0.076
11   68   0.021
11   69   0.208
11   70   0.121
11   71   0.181
11   72   0.007
11   73   0.213
11   74   0.033
11   75   0.176
11   76   0.123
11   77   0.035
11   78   0.102
11   79   0.152
11   80   0.08
11   81   0.09
11   82   0.019
11   83   0.08
12   13   0.157
12   14   0.001
12   15   0.08
12   16   0.018
12   17   0.016
12   18   0.171
12   19   0.018
12   20   0.107
12   21   0.046
12   22   0.098
12   23   0.044
12   24   0.043
12   25   0.068
12   26   0.084
12   27   0.07
12   28   0.105
12   29   0.106
12   30   0.046
12   31   0.032
12   32   0.083
12   33   0.14
12   34   0.031
12   35   0.086
12   36   0.031
12   37   0.088
12   38   0.214
12   39   0.05
12   40   0.049
12   41   0.039
12   42   0.045
12   43   0.124
12   44   0.082
12   45   0.095
12   46   0.129
12   47   0.118
12   48   0.044
12   49   0.162
12   50   0.021
12   51   0.078
12   52   0.026
12   53   0.124
12   54   0.062
12   55   0.193
12   56   0.056
12   57   0.028
12   58   0.055
12   59   0.202
12   60   0.172
12   61   0.013
12   62   0.011
12   63   0.11
12   64   0.138
12   65   0.074
12   66   0.039
12   67   0.042
12   68   0.058
12   69   0.01
12   70   0.052
12   71   0.12
12   72   0.098
12   73   0.035
12   74   0.012
12   75   0.085
12   76   0.071
12   77   0.101
12   78   0.038
12   79   0.046
12   80   0.004
12   81   0.027
12   82   0.029
12   83   0.137
13   14   0.038
13   15   0.016
13   16   0.085
13   17   0.119
13   18   0.065
13   19   0.112
13   20   0.019
13   21   0.025
13   22   0.024
13   23   0.033
13   24   0.116
13   25   0.11
13   26   0.043
13   27   0.001
13   28   0.014
13   29   0.028
13   30   0.158
13   31   0.018
13   32   0.025
13   33   0.102
13   34   0.034
13   35   0.048
13   36   0.069
13   37   0.059
13   38   0.019
13   39   0.023
13   40   0.063
13   41   0.024
13   42   0.083
13   43   0.026
13   44   0.086
13   45   0.011
13   46   0.012
13   47   0.092
13   48   0.076
13   49   0.035
13   50   0.098
13   51   0.082
13   52   0.011
13   53   0.074
13   54   0.074
13   55   0.027
13   56   0.05
13   57   0.004
13   58   0.04
13   59   0.027
13   60   0.007
13   61   0.095
13   62   0.018
13   63   0.096
13   64   0.078
13   65   0.004
13   66   0.021
13   67   0.022
13   68   0.074
13   69   0.079
13   70   0.065
13   71   0.107
13   72   0.019
13   73   0.056
13   74   0.105
13   75   0.007
13   76   0.066
13   77   0.003
13   78   0.152
13   79   0.062
13   80   0.076
13   81   0.02
13   82   0.021
13   83   0.066
14   15   0.072
14   16   0.125
14   17   0.117
14   18   0.217
14   19   0.003
14   20   0.13
14   21   0.19
14   22   0.116
14   23   0.093
14   24   0.007
14   25   0.064
14   26   0.138
14   27   0.046
14   28   0.085
14   29   0.214
14   30   0.111
14   31   0.097
14   32   0.104
14   33   0.024
14   34   0.053
14   35   0.016
14   36   0.099
14   37   0.183
14   38   0.053
14   39   0.019
14   40   0.078
14   41   0.037
14   42   0.09
14   43   0.004
14   44   0.036
14   45   0.009
14   46   0.052
14   47   0.106
14   48   0.061
14   49   0.126
14   50   0.164
14   51   0.092
14   52   0.107
14   53   0.125
14   54   0.002
14   55   0.155
14   56   0.027
14   57   0.078
14   58   0.032
14   59   0.026
14   60   0.025
14   61   0.054
14   62   0.05
14   63   0.101
14   64   0.008
14   65   0.159
14   66   0.054
14   67   0.151
14   68   0.086
14   69   0.053
14   70   0.054
14   71   0.061
14   72   0.079
14   73   0.063
14   74   0.262
14   75   0.186
14   76   0.189
14   77   0.019
14   78   0.114
14   79   0.052
14   80   0.195
14   81   0.046
14   82   0.062
14   83   0.026
15   16   0.11
15   17   0.143
15   18   0.065
15   19   0.03
15   20   0.023
15   21   0.008
15   22   0.032
15   23   0.146
15   24   0.008
15   25   0.037
15   26   0.056
15   27   0.017
15   28   0.037
15   29   0.07
15   30   0.019
15   31   0.022
15   32   0.081
15   33   0.015
15   34   0.1
15   35   0.082
15   36   0.04
15   37   0.061
15   38   0.098
15   39   0.033
15   40   0.026
15   41   0.012
15   42   0.076
15   43   0.108
15   44   0.034
15   45   0.099
15   46   0.015
15   47   0.145
15   48   0.043
15   49   0.023
15   50   0.05
15   51   0.026
15   52   0.083
15   53   0.041
15   54   0.057
15   55   0.025
15   56   0.017
15   57   0.172
15   58   0.07
15   59   0.19
15   60   0.077
15   61   0.224
15   62   0.102
15   63   0.197
15   64   0.016
15   65   0.075
15   66   0.167
15   67   0.009
15   68   0.131
15   69   0.063
15   70   0.045
15   71   0.058
15   72   0.048
15   73   0.094
15   74   0.091
15   75   0.008
15   76   0.127
15   77   0.028
15   78   0.017
15   79   0.077
15   80   0.03
15   81   0.056
15   82   0.169
15   83   0.066
16   17   0.147
16   18   0.053
16   19   0.096
16   20   0.138
16   21   0.035
16   22   0.201
16   23   0.086
16   24   0.042
16   25   0.003
16   26   0.098
16   27   0.168
16   28   0.079
16   29   0.099
16   30   0.027
16   31   0.119
16   32   0.162
16   33   0.027
16   34   0.111
16   35   0.018
16   36   0.042
16   37   0.131
16   38   0.068
16   39   0.026
16   40   0.007
16   41   0.033
16   42   0.007
16   43   0.087
16   44   0.149
16   45   0.062
16   46   0.074
16   47   0.1
16   48   0.085
16   49   0.143
16   50   0.143
16   51   0.056
16   52   0.015
16   53   0.137
16   54   0.106
16   55   0.179
16   56   0.14
16   57   0.158
16   58   0.164
16   59   0.066
16   60   0.069
16   61   0.074
16   62   0.033
16   63   0.189
16   64   0.012
16   65   0.045
16   66   0.103
16   67   0.028
16   68   0.154
16   69   0.044
16   70   0.012
16   71   0.16
16   72   0.141
16   73   0.01
16   74   0.084
16   75   0.069
16   76   0.054
16   77   0.036
16   78   0.07
16   79   0.216
16   81   0.044
16   82   0.122
16   83   0.013
17   18   0.046
17   19   0.015
17   20   0.031
17   21   0.045
17   22   0.058
17   23   0.098
17   24   0.083
17   25   0.104
17   26   0.05
17   27   0.012
17   28   0.165
17   29   0.07
17   30   0.132
17   31   0.01
17   32   0.128
17   33   0.115
17   34   0.042
17   35   0.015
17   36   0.031
17   37   0.036
17   38   0.016
17   39   0.013
17   40   0.019
17   41   0.151
17   42   0.019
17   43   0.088
17   44   0.01
17   45   0.001
17   46   0.035
17   47   0.177
17   48   0.132
17   49   0.011
17   50   0.006
17   51   0.06
17   52   0.107
17   53   0.137
17   54   0.137
17   55   0.053
17   56   0.035
17   57   0.027
17   58   0.046
17   59   0.083
17   60   0.011
17   61   0.037
17   62   0.062
17   63   0.177
17   64   0.134
17   65   0.051
17   66   0.084
17   67   0.023
17   69   0.194
17   70   0.056
17   71   0.202
17   72   0.013
17   73   0.103
17   74   0.006
17   75   0.051
17   76   0.085
17   77   0.039
17   78   0.106
17   79   0.013
17   80   0.076
17   82   0.006
17   83   0.045
18   19   0.099
18   20   0.055
18   21   0.012
18   22   0.089
18   23   0.084
18   24   0.115
18   25   0.001
18   26   0.159
18   27   0.068
18   28   0.034
18   29   0.018
18   30   0.242
18   31   0.002
18   32   0.075
18   33   0.016
18   34   0.189
18   35   0.094
18   36   0.086
18   37   0.173
18   38   0.121
18   39   0.042
18   40   0.124
18   41   0.098
18   42   0.021
18   43   0.14
18   44   0.073
18   45   0.043
18   46   0.038
18   47   0.119
18   48   0.094
18   49   0.187
18   50   0.068
18   51   0.065
18   53   0.03
18   54   0.122
18   55   0.045
18   56   0.095
18   57   0.125
18   58   0.031
18   59   0.11
18   60   0.097
18   61   0.059
18   62   0.004
18   63   0.055
18   64   0.002
18   65   0.057
18   66   0.009
18   67   0.032
18   69   0.087
18   70   0.093
18   71   0.119
18   72   0.028
18   73   0.164
18   74   0.03
18   75   0.073
18   76   0.053
18   77   0.054
18   78   0.069
18   79   0.169
18   81   0.071
18   82   0.107
18   83   0.274
19   20   0.158
19   21   0.011
19   22   0.091
19   23   0.054
19   25   0.108
19   26   0.097
19   27   0.027
19   28   0.105
19   29   0.204
19   30   0.128
19   31   0.16
19   32   0.009
19   33   0.184
19   34   0.13
19   35   0.138
19   36   0.097
19   37   0.098
19   38   0.139
19   39   0.159
19   40   0.1
19   41   0.071
19   42   0.103
19   43   0.025
19   44   0.089
19   45   0.158
19   46   0.008
19   47   0.013
19   48   0.208
19   49   0.057
19   50   0.109
19   51   0.021
19   52   0.011
19   53   0.139
19   54   0.045
19   55   0.02
19   56   0.042
19   57   0.052
19   58   0.041
19   59   0.041
19   60   0.072
19   61   0.031
19   62   0.038
19   63   0.006
19   64   0.117
19   65   0.043
19   66   0.086
19   68   0.064
19   69   0.088
19   70   0.021
19   71   0.033
19   72   0.1
19   73   0.071
19   74   0.169
19   75   0.112
19   76   0.039
19   77   0.017
19   78   0.104
19   79   0.122
19   80   0.099
19   81   0.12
19   82   0.085
19   83   0.13
20   21   0.085
20   22   0.148
20   23   0.03
20   24   0.055
20   25   0.117
20   26   0.066
20   27   0.194
20   28   0.08
20   29   0.114
20   30   0.057
20   31   0.149
20   32   0.091
20   33   0.036
20   34   0.089
20   35   0.038
20   36   0.019
20   37   0.053
20   38   0.102
20   39   0.044
20   40   0.058
20   41   0.058
20   42   0.009
20   43   0.098
20   44   0.216
20   45   0.187
20   46   0.009
20   47   0.055
20   48   0.227
20   49   0.06
20   50   0.051
20   51   0.04
20   52   0.09
20   53   0.034
20   54   0.148
20   55   0.051
20   56   0.066
20   57   0.035
20   58   0.151
20   59   0.143
20   60   0.04
20   61   0.025
20   62   0.135
20   63   0.165
20   64   0.062
20   65   0.078
20   66   0.081
20   67   0.074
20   68   0.043
20   69   0.033
20   70   0.07
20   71   0.081
20   72   0.038
20   73   0.087
20   74   0.104
20   75   0.087
20   76   0.156
20   77   0.081
20   78   0.087
20   80   0.137
20   81   0.058
20   82   0.002
20   83   0.039
21   22   0.037
21   23   0.024
21   24   0.04
21   25   0.06
21   26   0.118
21   27   0.164
21   28   0.069
21   29   0.061
21   30   0.103
21   31   0.174
21   32   0.003
21   33   0.136
21   34   0.028
21   35   0.094
21   36   0.19
21   37   0.161
21   38   0.059
21   39   0.056
21   40   0.144
21   41   0.005
21   42   0.17
21   43   0.101
21   44   0.059
21   45   0.169
21   46   0.055
21   47   0.106
21   48   0.05
21   49   0.108
21   50   0.186
21   51   0.017
21   52   0.092
21   53   0.125
21   54   0.065
21   55   0.192
21   56   0.036
21   57   0.064
21   58   0.067
21   59   0.01
21   60   0.09
21   61   0.046
21   62   0.14
21   63   0.196
21   64   0.167
21   65   0.072
21   66   0.029
21   67   0.102
21   68   0.078
21   69   0.197
21   70   0.228
21   71   0.205
21   72   0.23
21   73   0.115
21   74   0.026
21   75   0.121
21   76   0.179
21   77   0.021
21   78   0.016
21   79   0.031
21   81   0.063
21   82   0.114
21   83   0.072
22   23   0.145
22   24   0.076
22   25   0.076
22   26   0.043
22   27   0.154
22   28   0.005
22   29   0.048
22   30   0.154
22   31   0.106
22   32   0.083
22   33   0.016
22   34   0.095
22   35   0.017
22   36   0.064
22   37   0.162
22   38   0.204
22   39   0.069
22   40   0.004
22   41   0.025
22   42   0.032
22   43   0.069
22   44   0.144
22   45   0.085
22   46   0.06
22   47   0.219
22   48   0.239
22   49   0.011
22   50   0.034
22   51   0.072
22   52   0.051
22   53   0.048
22   54   0.002
22   55   0.258
22   56   0.013
22   57   0.253
22   58   0.084
22   59   0.088
22   60   0.021
22   61   0.143
22   62   0.205
22   63   0.115
22   64   0.051
22   65   0.067
22   66   0.076
22   67   0.071
22   68   0.088
22   69   0.076
22   70   0.028
22   71   0.141
22   72   0.038
22   73   0.17
22   74   0.053
22   75   0.043
22   76   0.02
22   77   0.001
22   78   0.088
22   79   0.009
22   80   0.08
22   81   0.034
22   82   0.073
22   83   0.045
23   24   0.022
23   25   0.028
23   26   0.086
23   27   0.063
23   28   0.009
23   29   0.06
23   30   0.122
23   31   0.019
23   32   0.109
23   33   0.033
23   34   0.035
23   35   0.061
23   36   0.041
23   37   0.099
23   38   0.08
23   39   0.03
23   40   0.073
23   41   0.012
23   42   0.084
23   43   0.235
23   44   0.024
23   45   0.005
23   46   0.034
23   47   0.005
23   48   0.014
23   49   0.031
23   50   0.023
23   51   0.264
23   52   0.102
23   53   0.044
23   54   0.145
23   55   0.105
23   56   0.031
23   57   0.013
23   58   0.041
23   59   0.035
23   60   0.002
23   61   0.002
23   62   0.033
23   63   0.143
23   64   0.103
23   65   0.143
23   66   0.073
23   67   0.039
23   68   0.048
23   69   0.111
23   70   0.096
23   71   0.133
23   72   0.069
23   73   0.021
23   74   0.111
23   75   0.133
23   76   0.141
23   77   0.051
23   78   0.096
23   79   0.002
23   80   0.082
23   81   0.088
23   82   0.119
23   83   0.013
24   25   0.073
24   26   0.043
24   27   0.143
24   28   0.148
24   29   0.118
24   30   0.06
24   31   0.247
24   32   0.137
24   33   0.13
24   34   0.017
24   35   0.039
24   36   0.006
24   37   0.053
24   38   0.011
24   39   0.105
24   40   0.059
24   41   0.117
24   42   0.027
24   43   0.104
24   44   0.096
24   45   0.05
24   46   0.02
24   47   0.076
24   48   0.079
24   49   0.108
24   50   0.167
24   51   0.067
24   52   0.186
24   53   0.061
24   54   0.044
24   55   0.028
24   56   0.089
24   57   0.098
24   58   0.121
24   59   0.035
24   60   0.208
24   61   0.055
24   62   0.063
24   63   0.019
24   64   0.109
24   65   0.009
24   66   0.064
24   67   0.018
24   68   0.061
24   69   0.169
24   70   0.136
24   71   0.033
24   72   0.08
24   73   0.09
24   74   0.159
24   75   0.053
24   76   0.078
24   77   0.03
24   78   0.021
24   79   0.1
24   80   0.03
24   81   0.107
24   82   0.041
24   83   0.078
25   26   0.081
25   27   0.07
25   28   0.151
25   29   0.102
25   30   0.014
25   31   0.007
25   32   0.023
25   33   0.108
25   34   0.05
25   35   0.116
25   36   0.085
25   37   0.074
25   38   0.046
25   39   0.028
25   40   0.007
25   41   0.006
25   42   0.079
25   43   0.042
25   44   0.116
25   45   0.033
25   46   0.097
25   47   0.099
25   48   0.056
25   49   0.153
25   50   0.007
25   51   0.196
25   52   0.082
25   53   0.039
25   54   0.075
25   55   0.155
25   56   0.11
25   57   0.101
25   58   0.003
25   59   0.193
25   60   0.176
25   61   0.01
25   62   0.008
25   63   0.126
25   64   0.198
25   65   0.111
25   66   0.078
25   67   0.008
25   68   0.128
25   69   0.168
25   70   0.028
25   71   0.103
25   72   0.089
25   73   0.115
25   74   0.033
25   75   0.082
25   76   0.006
25   77   0.121
25   78   0.062
25   79   0.13
25   80   0.062
25   81   0.073
25   82   0.134
25   83   0.028
26   27   0.173
26   28   0.018
26   29   0.086
26   30   0.133
26   31   0.058
26   32   0.045
26   33   0.073
26   34   0.095
26   35   0.084
26   36   0.069
26   37   0.077
26   38   0.07
26   39   0.061
26   40   0.004
26   41   0.025
26   42   0.018
26   43   0.055
26   44   0.115
26   45   0.072
26   46   0.013
26   47   0.03
26   48   0.06
26   49   0.047
26   50   0.099
26   51   0.002
26   52   0.009
26   53   0.155
26   54   0.075
26   55   0.042
26   56   0.071
26   57   0.14
26   58   0.06
26   59   0.195
26   60   0.092
26   61   0.022
26   62   0.014
26   63   0.244
26   64   0.05
26   65   0.004
26   66   0.061
26   67   0.095
26   68   0.042
26   69   0.057
26   70   0.197
26   71   0.005
26   72   0.114
26   73   0.113
26   74   0.009
26   75   0.123
26   76   0.07
26   77   0.082
26   78   0.016
26   79   0.084
26   80   0.016
26   81   0.01
26   82   0.096
26   83   0.028
27   28   0.084
27   29   0.095
27   30   0.187
27   31   0.08
27   32   0.049
27   33   0.005
27   34   0.078
27   35   0.042
27   36   0.101
27   37   0.05
27   38   0.065
27   39   0.009
27   40   0.081
27   41   0.024
27   42   0.106
27   43   0.238
27   44   0.049
27   45   0.136
27   46   0.053
27   47   0.079
27   48   0.032
27   49   0.1
27   50   0.03
27   51   0.104
27   52   0.078
27   53   0.137
27   54   0.062
27   55   0.08
27   56   0.045
27   57   0.013
27   58   0.03
27   59   0.022
27   60   0.017
27   61   0.046
27   62   0.008
27   63   0.191
27   64   0.009
27   65   0.066
27   66   0.004
27   67   0.037
27   68   0.141
27   69   0.012
27   70   0.016
27   71   0.021
27   72   0.006
27   73   0.073
27   74   0.063
27   75   0.079
27   76   0.102
27   77   0.028
27   78   0.065
27   80   0.055
27   81   0.16
27   82   0.149
27   83   0.036
28   29   0.109
28   30   0.002
28   31   0.004
28   32   0.004
28   33   0.125
28   34   0.029
28   35   0.09
28   36   0.013
28   37   0.1
28   38   0.023
28   39   0.044
28   40   0.047
28   41   0.006
28   42   0.091
28   43   0.032
28   44   0.074
28   45   0.01
28   46   0.056
28   47   0.046
28   48   0.106
28   49   0.106
28   50   0.112
28   51   0.054
28   52   0.101
28   53   0.013
28   54   0.087
28   55   0.13
28   56   0.023
28   57   0.016
28   58   0.049
28   59   0.32
28   60   0.001
28   61   0.015
28   62   0.146
28   63   0.058
28   64   0.03
28   65   0.123
28   66   0.046
28   67   0.056
28   68   0.057
28   69   0.011
28   70   0.017
28   71   0.115
28   72   0.084
28   73   0.014
28   74   0.145
28   75   0.039
28   76   0.115
28   77   0.055
28   78   0.046
28   79   0.089
28   80   0.004
28   81   0.059
28   82   0.087
28   83   0.099
29   30   0.088
29   31   0.003
29   32   0.04
29   33   0.094
29   34   0.112
29   35   0.098
29   36   0.018
29   37   0.143
29   38   0.07
29   39   0.012
29   40   0.198
29   41   0.01
29   42   0.009
29   43   0.038
29   44   0.132
29   45   0.16
29   46   0.074
29   47   0.097
29   48   0.035
29   49   0.022
29   50   0.054
29   51   0.047
29   52   0.191
29   53   0.083
29   54   0.055
29   55   0.039
29   56   0.066
29   57   0.032
29   58   0.106
29   59   0.005
29   60   0.11
29   61   0.116
29   62   0.055
29   63   0.055
29   64   0.113
29   65   0.061
29   66   0.074
29   67   0.16
29   68   0.029
29   69   0.1
29   70   0.025
29   71   0.14
29   72   0.019
29   73   0.023
29   74   0.091
29   75   0.022
29   76   0.042
29   77   0.127
29   78   0.128
29   79   0.091
29   80   0.128
29   81   0.082
29   82   0.01
29   83   0.033
30   31   0.044
30   32   0.152
30   33   0.011
30   34   0.067
30   35   0.051
30   36   0.057
30   37   0.082
30   38   0.019
30   39   0.036
30   40   0.016
30   41   0.017
30   42   0.003
30   43   0.142
30   44   0.044
30   45   0.136
30   46   0.125
30   48   0.081
30   49   0.061
30   50   0.075
30   51   0.031
30   52   0.152
30   53   0.091
30   54   0.061
30   55   0.142
30   56   0.043
30   57   0.061
30   58   0.152
30   59   0.167
30   61   0.017
30   62   0.054
30   63   0.141
30   64   0.106
30   65   0.012
30   66   0.079
30   67   0.063
30   69   0.015
30   70   0.129
30   71   0.054
30   72   0.089
30   73   0.018
30   74   0.071
30   75   0.074
30   76   0.222
30   77   0.076
30   78   0.195
30   79   0.074
30   80   0.1
30   82   0.12
30   83   0.004
31   33   0.021
31   34   0.003
31   35   0.131
31   36   0.111
31   37   0.161
31   38   0.089
31   39   0.051
31   40   0.1
31   41   0.035
31   42   0.183
31   44   0.067
31   45   0.083
31   46   0.066
31   47   0.121
31   48   0.035
31   49   0.076
31   50   0.12
31   52   0.03
31   53   0.023
31   54   0.114
31   55   0.041
31   56   0.033
31   57   0.098
31   58   0.007
31   59   0.256
31   60   0.163
31   61   0.062
31   62   0.061
31   63   0.018
31   64   0.141
31   66   0.065
31   68   0.072
31   69   0.015
31   70   0.108
31   71   0.039
31   72   0.122
31   73   0.009
31   74   0.095
31   75   0.087
31   76   0.001
31   77   0.053
31   78   0.038
31   79   0.097
31   80   0.157
31   82   0.064
31   83   0.052
32   33   0.033
32   34   0.044
32   35   0.064
32   36   0.047
32   37   0.135
32   38   0.059
32   39   0.047
32   40   0.093
32   42   0.005
32   43   0.082
32   44   0.139
32   45   0.063
32   46   0.101
32   47   0.087
32   49   0.167
32   50   0.042
32   51   0.234
32   52   0.199
32   54   0.24
32   55   0.018
32   56   0.095
32   57   0.056
32   58   0.072
32   59   0.054
32   60   0.072
32   62   0.109
32   63   0.057
32   64   0.065
32   65   0.117
32   67   0.022
32   68   0.136
32   69   0.027
32   70   0.127
32   71   0.127
32   72   0.037
32   73   0.097
32   74   0.132
32   75   0.042
32   76   0.015
32   77   0.079
32   78   0.087
32   80   0.011
32   81   0.006
32   82   0.051
32   83   0.098
33   34   0.097
33   35   0.042
33   36   0.095
33   37   0.114
33   38   0.074
33   39   0.059
33   40   0.089
33   41   0.056
33   42   0.108
33   43   0.034
33   44   0.005
33   45   0.135
33   46   0.106
33   47   0.096
33   48   0.051
33   49   0.136
33   50   0.07
33   51   0.125
33   52   0.055
33   53   0.025
33   54   0.145
33   55   0.078
33   56   0.089
33   57   0.069
33   58   0.098
33   59   0.174
33   60   0.02
33   61   0.06
33   62   0.106
33   63   0.018
33   64   0.041
33   65   0.162
33   66   0.013
33   67   0.068
33   68   0.022
33   69   0.101
33   70   0.089
33   71   0.145
33   72   0.072
33   73   0.03
33   74   0.095
33   75   0.146
33   76   0.05
33   77   0.034
33   78   0.129
33   79   0.04
33   80   0.163
33   81   0.009
33   82   0.057
33   83   0.049
34   35   0.079
34   36   0.024
34   37   0.044
34   38   0.026
34   39   0.041
34   40   0.01
34   41   0.075
34   42   0.141
34   43   0.053
34   44   0.019
34   45   0.01
34   46   0.068
34   47   0.083
34   48   0.066
34   49   0.015
34   50   0.042
34   51   0.068
34   52   0.089
34   53   0.113
34   54   0.067
34   55   0.002
34   56   0.03
34   57   0.042
34   58   0.076
34   59   0.111
34   60   0.003
34   61   0.154
34   62   0.156
34   63   0.142
34   64   0.041
34   65   0.031
34   66   0.022
34   67   0.124
34   68   0.002
34   69   0.014
34   70   0.071
34   71   0.007
34   72   0.039
34   73   0.007
34   74   0.02
34   75   0.093
34   76   0.022
34   77   0.023
34   78   0.128
34   79   0.104
34   80   0.125
34   81   0.011
34   82   0.047
34   83   0.129
35   36   0.072
35   37   0.031
35   38   0.043
35   39   0.13
35   40   0.023
35   41   0.1
35   42   0.093
35   43   0.039
35   44   0.123
35   45   0.141
35   46   0.005
35   47   0.049
35   48   0.015
35   49   0.19
35   50   0.052
35   51   0.108
35   52   0.048
35   53   0.009
35   54   0.131
35   55   0.021
35   56   0.097
35   57   0.045
35   58   0.146
35   59   0.094
35   60   0.032
35   61   0.01
35   62   0.119
35   63   0.111
35   64   0.052
35   65   0.122
35   66   0.128
35   67   0.015
35   68   0.085
35   69   0.079
35   70   0.058
35   71   0.2
35   72   0.099
35   73   0.003
35   74   0.068
35   75   0.181
35   76   0.035
35   77   0.076
35   78   0.043
35   79   0.058
35   80   0.046
35   81   0.087
35   82   0.083
35   83   0.049
36   37   0.079
36   38   0.061
36   39   0.022
36   40   0.017
36   41   0.005
36   42   0.058
36   43   0.037
36   44   0.226
36   45   0.026
36   46   0.074
36   47   0.144
36   48   0.091
36   49   0.13
36   50   0.018
36   51   0.05
36   52   0.062
36   53   0.072
36   54   0.064
36   55   0.036
36   56   0.072
36   57   0.096
36   58   0.064
36   59   0.014
36   60   0.125
36   61   0.119
36   62   0.12
36   63   0.131
36   64   0.069
36   65   0.152
36   66   0.03
36   67   0.023
36   68   0.097
36   69   0.193
36   70   0.149
36   71   0.123
36   72   0.011
36   73   0.022
36   74   0.08
36   75   0.039
36   76   0.016
36   77   0.155
36   78   0.098
36   79   0.035
36   80   0.046
36   82   0.135
36   83   0.028
37   38   0.081
37   39   0.005
37   40   0.082
37   41   0.016
37   42   0.065
37   43   0.009
37   44   0.042
37   45   0.107
37   46   0.016
37   47   0.085
37   48   0.039
37   49   0.166
37   50   0.039
37   51   0.026
37   52   0.009
37   53   0.08
37   54   0.027
37   55   0.083
37   56   0.026
37   57   0.03
37   58   0.043
37   59   0.026
37   60   0.049
37   61   0.036
37   62   0.014
37   63   0.056
37   64   0.115
37   65   0.015
37   66   0.011
37   67   0.033
37   68   0.021
37   69   0.158
37   70   0.008
37   71   0.183
37   72   0.053
37   73   0.027
37   74   0.127
37   75   0.148
37   76   0.027
37   77   0.078
37   78   0.011
37   79   0.062
37   80   0.027
37   81   0.02
37   82   0.01
37   83   0.04
38   39   0.119
38   40   0.064
38   41   0.024
38   42   0.18
38   43   0.058
38   44   0.006
38   45   0.035
38   46   0.094
38   47   0.121
38   48   0.123
38   49   0.084
38   50   0.022
38   51   0.134
38   52   0.014
38   53   0.036
38   54   0.107
38   55   0.019
38   56   0.115
38   57   0.197
38   58   0.09
38   59   0.08
38   60   0.022
38   61   0.083
38   62   0.015
38   63   0.124
38   64   0.082
38   65   0.118
38   66   0.092
38   67   0.153
38   68   0.022
38   69   0.085
38   70   0.108
38   71   0.1
38   72   0.211
38   73   0.047
38   74   0.06
38   75   0.05
38   76   0.093
38   77   0.22
38   78   0.205
38   79   0.024
38   80   0.167
38   81   0.03
38   82   0.062
38   83   0.001
39   40   0.168
39   41   0.128
39   42   0.045
39   43   0.036
39   44   0.044
39   45   0.11
39   46   0.008
39   47   0.056
39   48   0.097
39   49   0.084
39   50   0.099
39   51   0.057
39   52   0.158
39   53   0.031
39   54   0.002
39   55   0.013
39   56   0.005
39   57   0.076
39   58   0.036
39   59   0.183
39   60   0.069
39   61   0.099
39   62   0.216
39   63   0.115
39   64   0.003
39   65   0.055
39   66   0.085
39   67   0.124
39   68   0.083
39   69   0.029
39   70   0.144
39   71   0.161
39   72   0.049
39   73   0.003
39   74   0.001
39   75   0.035
39   76   0.013
39   77   0.001
39   78   0.067
39   79   0.153
39   80   0.069
39   81   0.007
39   82   0.077
39   83   0.024
40   41   0.053
40   42   0.043
40   43   0.139
40   44   0.262
40   45   0.062
40   46   0.084
40   47   0.171
40   48   0.114
40   49   0.09
40   50   0.198
40   51   0.057
40   52   0.074
40   53   0.012
40   54   0.134
40   55   0.051
40   56   0.077
40   57   0.045
40   58   0.058
40   59   0.108
40   60   0.036
40   61   0.196
40   62   0.181
40   63   0.113
40   64   0.034
40   65   0.132
40   67   0.152
40   68   0.06
40   69   0.006
40   70   0.119
40   71   0.011
40   72   0.062
40   73   0.122
40   74   0.022
40   75   0.021
40   76   0.094
40   77   0.055
40   78   0.06
40   80   0.142
40   81   0.171
40   82   0.123
40   83   0.116
41   42   0.01
41   43   0.044
41   44   0.166
41   45   0.028
41   46   0.009
41   47   0.046
41   48   0.029
41   49   0.098
41   50   0.157
41   51   0.069
41   52   0.076
41   53   0.262
41   54   0.032
41   55   0.073
41   56   0.124
41   57   0.014
41   58   0.021
41   59   0.176
41   60   0.086
41   61   0.093
41   62   0.009
41   63   0.109
41   64   0.116
41   65   0.195
41   66   0.02
41   67   0.005
41   68   0.098
41   70   0.028
41   71   0.151
41   72   0.072
41   73   0.053
41   74   0.033
41   75   0.038
41   76   0.119
41   77   0.089
41   78   0.021
41   79   0.011
41   80   0.016
41   82   0.037
41   83   0.041
42   43   0.006
42   44   0.073
42   45   0.053
42   46   0.026
42   47   0.083
42   48   0.005
42   49   0.019
42   50   0.04
42   51   0.085
42   52   0.211
42   53   0.043
42   54   0.073
42   55   0.036
42   56   0.055
42   57   0.01
42   58   0.166
42   59   0.042
42   60   0.076
42   61   0.102
42   62   0.079
42   63   0.102
42   64   0.061
42   65   0.014
42   66   0.078
42   67   0.105
42   68   0.009
42   69   0.017
42   70   0.047
42   71   0.024
42   72   0.062
42   73   0.035
42   74   0.004
42   75   0.007
42   76   0.092
42   77   0.084
42   78   0.215
42   79   0.078
42   80   0.149
42   81   0.105
42   82   0.089
42   83   0.028
43   44   0.147
43   45   0.041
43   46   0.062
43   47   0.018
43   48   0.118
43   49   0.004
43   50   0.072
43   51   0.056
43   52   0.018
43   53   0.055
43   54   0.095
43   55   0.021
43   56   0.018
43   57   0.108
43   58   0.079
43   59   0.059
43   60   0.044
43   61   0.006
43   62   0.009
43   63   0.197
43   64   0.038
43   65   0.015
43   66   0.049
43   67   0.099
43   68   0.09
43   69   0.091
43   70   0.033
43   71   0.052
43   72   0.088
43   73   0.004
43   74   0.017
43   75   0.098
43   76   0.175
43   77   0.021
43   78   0.017
43   79   0.074
43   80   0.044
43   81   0.063
43   82   0.061
43   83   0.057
44   45   0.176
44   46   0.127
44   47   0.028
44   48   0.006
44   49   0.057
44   50   0.002
44   51   0.062
44   52   0.204
44   53   0.042
44   54   0.056
44   55   0.005
44   56   0.053
44   57   0.046
44   58   0.078
44   59   0.017
44   60   0.039
44   61   0.024
44   62   0.042
44   63   0.146
44   64   0.008
44   65   0.093
44   66   0.027
44   67   0.074
44   68   0.038
44   69   0.008
44   70   0.02
44   71   0.093
44   72   0.056
44   73   0.165
44   74   0.169
44   75   0.005
44   76   0.029
44   77   0.029
44   78   0.097
44   79   0.007
44   80   0.035
44   81   0.038
44   82   0.048
44   83   0.007
45   46   0.052
45   47   0.002
45   48   0.13
45   49   0.136
45   50   0.037
45   51   0.089
45   52   0.071
45   53   0.011
45   54   0.066
45   55   0.04
45   56   0.05
45   57   0.095
45   58   0.1
45   59   0.149
45   60   0.044
45   61   0.134
45   62   0.105
45   63   0.095
45   64   0.119
45   65   0.118
45   66   0.011
45   67   0.137
45   68   0.039
45   69   0.069
45   70   0.003
45   71   0.147
45   72   0.105
45   73   0.052
45   74   0.066
45   75   0.084
45   76   0.065
45   77   0.127
45   78   0.124
45   79   0.141
45   80   0.082
45   81   0.024
45   82   0.074
45   83   0.044
46   47   0.206
46   48   0.058
46   49   0.117
46   50   0.179
46   51   0.064
46   52   0.209
46   53   0.024
46   54   0.056
46   55   0.043
46   56   0.061
46   57   0.009
46   58   0.152
46   59   0.2
46   60   0.124
46   61   0.006
46   62   0.147
46   63   0.095
46   64   0.046
46   65   0.08
46   66   0.042
46   67   0.242
46   68   0.084
46   69   0.051
46   70   0.118
46   71   0.07
46   72   0.011
46   73   0.077
46   74   0.068
46   75   0.041
46   76   0.063
46   77   0.087
46   78   0.043
46   79   0.131
46   80   0.037
46   81   0.03
46   82   0.027
46   83   0.192
47   48   0.107
47   49   0.027
47   50   0.191
47   51   0.04
47   52   0.163
47   53   0.064
47   54   0.024
47   55   0.021
47   56   0.107
47   57   0.022
47   58   0.153
47   59   0.149
47   60   0.092
47   61   0.065
47   62   0.061
47   63   0.072
47   64   0.116
47   65   0.051
47   66   0.084
47   67   0.044
47   68   0.066
47   69   0.075
47   70   0.013
47   71   0.167
47   72   0.043
47   73   0.038
47   74   0.061
47   75   0.028
47   76   0.139
47   77   0.045
47   78   0.053
47   79   0.038
47   80   0.038
47   81   0.076
47   82   0.176
47   83   0.049
48   49   0.058
48   50   0.182
48   51   0.093
48   52   0.025
48   53   0.11
48   54   0.097
48   55   0.058
48   56   0.081
48   57   0.251
48   59   0.046
48   60   0.047
48   61   0.015
48   62   0.106
48   63   0.066
48   64   0.154
48   65   0.016
48   66   0.203
48   67   0.183
48   68   0.067
48   69   0.121
48   70   0.22
48   71   0.089
48   72   0.157
48   73   0.068
48   74   0.204
48   75   0.074
48   76   0.004
48   77   0.082
48   78   0.097
48   79   0.117
48   80   0.108
48   82   0.008
48   83   0.023
49   50   0.121
49   51   0.017
49   52   0.044
49   53   0.005
49   54   0.083
49   55   0.051
49   56   0.034
49   57   0.101
49   58   0.01
49   59   0.015
49   60   0.106
49   61   0.092
49   62   0.086
49   63   0.023
49   64   0.024
49   65   0.106
49   66   0.03
49   67   0.006
49   68   0.126
49   69   0.014
49   70   0.163
49   71   0.039
49   72   0.043
49   73   0.069
49   74   0.137
49   75   0.008
49   76   0.025
49   77   0.011
49   78   0.158
49   79   0.232
49   80   0.023
49   81   0.093
49   82   0.001
49   83   0.005
50   51   0.116
50   52   0.024
50   53   0.137
50   54   0.113
50   55   0.051
50   56   0.061
50   57   0.098
50   58   0.205
50   59   0.009
50   60   0.156
50   61   0.008
50   62   0.004
50   63   0.225
50   64   0.144
50   65   0.009
50   66   0.079
50   67   0.134
50   68   0.228
50   69   0.146
50   70   0.084
50   71   0.003
50   72   0.068
50   73   0.048
50   74   0.049
50   75   0.032
50   76   0.037
50   77   0.118
50   78   0.079
50   79   0.084
50   80   0.158
50   81   0.004
50   82   0.041
50   83   0.103
51   52   0.018
51   53   0.17
51   54   0.103
51   55   0.071
51   56   0.097
51   57   0.226
51   58   0.072
51   59   0.069
51   60   0.052
51   61   0.027
51   62   0.098
51   63   0.029
51   64   0.088
51   65   0.048
51   66   0.008
51   67   0.023
51   68   0.006
51   69   0.052
51   70   0.066
51   71   0.066
51   72   0.037
51   73   0.01
51   74   0.078
51   75   0.03
51   76   0.068
51   77   0.09
51   78   0.05
51   79   0.059
51   80   0.111
51   81   0.202
51   82   0.063
51   83   0.04
52   53   0.089
52   54   0.037
52   55   0.047
52   56   0.026
52   57   0.112
52   58   0.142
52   59   0.07
52   60   0.165
52   61   0.106
52   62   0.089
52   63   0.131
52   64   0.018
52   65   0.172
52   66   0.011
52   67   0.039
52   68   0.048
52   69   0.031
52   70   0.009
52   71   0.014
52   72   0.061
52   74   0.022
52   75   0.049
52   76   0.097
52   77   0.106
52   78   0.252
52   79   0.016
52   80   0.034
52   81   0.031
52   82   0.297
52   83   0.084
53   55   0.043
53   56   0.052
53   57   0.074
53   58   0.066
53   59   0.145
53   60   0.011
53   61   0.038
53   62   0.109
53   63   0.203
53   64   0.06
53   65   0.035
53   66   0.077
53   67   0.038
53   68   0.041
53   69   0.098
53   70   0.121
53   71   0.069
53   72   0.087
53   73   0.082
53   74   0.003
53   75   0.167
53   76   0.147
53   77   0.061
53   78   0.003
53   79   0.056
53   80   0.005
53   81   0.024
53   82   0.014
53   83   0.053
54   55   0.171
54   56   0.078
54   57   0.094
54   58   0.103
54   59   0.06
54   60   0.005
54   61   0.21
54   62   0.166
54   63   0.05
54   64   0.092
54   65   0.099
54   66   0.069
54   67   0.065
54   68   0.046
54   69   0.072
54   70   0.129
54   71   0.16
54   72   0.021
54   73   0.003
54   74   0.149
54   75   0.119
54   76   0.086
54   77   0.146
54   78   0.045
54   79   0.08
54   80   0.118
54   81   0.047
54   82   0.011
54   83   0.132
55   56   0.128
55   57   0.088
55   58   0.093
55   59   0.107
55   60   0.029
55   61   0.077
55   62   0.047
55   63   0.131
55   64   0.138
55   65   0.075
55   66   0.102
55   67   0.023
55   68   0.152
55   69   0.006
55   70   0.012
55   71   0.033
55   72   0.017
55   73   0.141
55   74   0.11
55   75   0.023
55   76   0.089
55   77   0.042
55   78   0.111
55   79   0.099
55   80   0.009
55   81   0.03
55   82   0.104
55   83   0.086
56   57   0.089
56   58   0.041
56   59   0.202
56   60   0.012
56   61   0.131
56   62   0.024
56   63   0.058
56   64   0.121
56   65   0.051
56   66   0.077
56   67   0.024
56   68   0.014
56   69   0.079
56   70   0.192
56   71   0.005
56   72   0.01
56   73   0.058
56   74   0.129
56   75   0.194
56   76   0.155
56   77   0.07
56   78   0.02
56   79   0.252
56   80   0.053
56   81   0.136
56   82   0.006
56   83   0.067
57   58   0.076
57   59   0.025
57   60   0.05
57   61   0.094
57   62   0.003
57   63   0.056
57   64   0.051
57   65   0.111
57   66   0.02
57   67   0.083
57   68   0.017
57   69   0.001
57   70   0.001
57   71   0.076
57   72   0.079
57   73   0.085
57   74   0.052
57   75   0.085
57   76   0.078
57   77   0.011
57   78   0.007
57   79   0.017
57   80   0.008
57   81   0.015
57   82   0.081
57   83   0.07
58   59   0.054
58   60   0.009
58   61   0.105
58   62   0.077
58   63   0.042
58   64   0.004
58   65   0.109
58   66   0.013
58   67   0.082
58   68   0.039
58   69   0.034
58   70   0.014
58   71   0.041
58   72   0.03
58   73   0.018
58   74   0.157
58   75   0.008
58   76   0.079
58   77   0.021
58   78   0.107
58   79   0.067
58   80   0.194
58   81   0.098
58   82   0.302
58   83   0.012
59   60   0.014
59   61   0.058
59   62   0.171
59   63   0.084
59   64   0.066
59   65   0.058
59   66   0.03
59   67   0.001
59   68   0.061
59   69   0.049
59   70   0.04
59   71   0.037
59   72   0.056
59   73   0.044
59   74   0.055
59   75   0.106
59   76   0.005
59   77   0.106
59   78   0.058
59   79   0.111
59   80   0.018
59   81   0.149
59   82   0.016
59   83   0.049
60   61   0.194
60   62   0.004
60   63   0.072
60   64   0.035
60   65   0.097
60   66   0.081
60   67   0.073
60   68   0.013
60   69   0.086
60   70   0.099
60   71   0.044
60   72   0.015
60   73   0.168
60   74   0.027
60   75   0.084
60   76   0.045
60   77   0.022
60   78   0.075
60   79   0.085
60   80   0.177
60   81   0.034
60   82   0.207
60   83   0.078
61   62   0.193
61   63   0.15
61   64   0.039
61   65   0.2
61   66   0.06
61   67   0.017
61   68   0.115
61   69   0.176
61   70   0.071
61   71   0.041
61   72   0.013
61   73   0.111
61   74   0.058
61   75   0.036
61   76   0.129
61   77   0.023
61   78   0.057
61   79   0.106
61   80   0.101
61   81   0.043
61   82   0.018
61   83   0.151
62   63   0.11
62   64   0.073
62   65   0.14
62   66   0.014
62   67   0.019
62   68   0.012
62   69   0.046
62   70   0.066
62   71   0.047
62   72   0.037
62   73   0.21
62   74   0.084
62   75   0.014
62   76   0.12
62   77   0.121
62   78   0.082
62   79   0.11
62   80   0.034
62   81   0.059
62   82   0.008
62   83   0.116
63   64   0.202
63   65   0.181
63   66   0.079
63   67   0.099
63   68   0.041
63   69   0.217
63   70   0.178
63   71   0.249
63   72   0.095
63   73   0.152
63   74   0.009
63   75   0.273
63   76   0.118
63   77   0.118
63   78   0.19
63   79   0.067
63   80   0.002
63   81   0.039
63   82   0.004
63   83   0.157
64   65   0.138
64   66   0.185
64   67   0.096
64   68   0.01
64   69   0.029
64   70   0.135
64   71   0.057
64   72   0.079
64   73   0.141
64   74   0.015
64   75   0.001
64   76   0.094
64   77   0.072
64   78   0.085
64   79   0.124
64   81   0.134
64   82   0.133
64   83   0.115
65   66   0.017
65   67   0.006
65   68   0.08
65   69   0.156
65   70   0.124
65   71   0.054
65   72   0.029
65   73   0.035
65   74   0.259
65   75   0.101
65   76   0.153
65   77   0.141
65   78   0.129
65   79   0.209
65   80   0.011
65   81   0.057
65   82   0.193
65   83   0.028
66   67   0.004
66   68   0.02
66   69   0.066
66   70   0.026
66   71   0.052
66   72   0.151
66   73   0.013
66   74   0.112
66   75   0.099
66   76   0.145
66   77   0.01
66   78   0.006
66   79   0.135
66   80   0.08
66   81   0.004
66   82   0.044
66   83   0.135
67   68   0.137
67   69   0.01
67   70   0.116
67   71   0.026
67   72   0.066
67   73   0.015
67   74   0.054
67   75   0.146
67   76   0.127
67   77   0.044
67   78   0.032
67   79   0.036
67   80   0.069
67   81   0.106
67   82   0.003
67   83   0.153
68   69   0.102
68   70   0.002
68   71   0.058
68   72   0.005
68   73   0.141
68   74   0.141
68   75   0.027
68   76   0.159
68   77   0.016
68   78   0.15
68   79   0.051
68   81   0.088
68   82   0.209
68   83   0.071
69   70   0.009
69   71   0.125
69   72   0.034
69   73   0.057
69   74   0.064
69   75   0.082
69   76   0.006
69   77   0.057
69   78   0.218
69   79   0.053
69   80   0.073
69   81   0.01
69   82   0.063
69   83   0.07
70   71   0.009
70   72   0.075
70   73   0.092
70   74   0.068
70   75   0.047
70   76   0.032
70   77   0.044
70   78   0.1
70   79   0.041
70   80   0.225
70   81   0.045
70   82   0.04
70   83   0.165
71   72   0.004
71   73   0.126
71   74   0.071
71   75   0.017
71   76   0.007
71   77   0.122
71   78   0.056
71   79   0.072
71   80   0.134
71   81   0.035
71   82   0.083
71   83   0.017
72   73   0.046
72   74   0.139
72   75   0.03
72   76   0.019
72   77   0.126
72   78   0.087
72   79   0.005
72   80   0.183
72   81   0.116
72   82   0.136
72   83   0.068
73   74   0.094
73   75   0.001
73   76   0.022
73   77   0.127
73   78   0.006
73   79   0.017
73   80   0.111
73   81   0.137
73   82   0.136
73   83   0.144
74   75   0.105
74   76   0.048
74   77   0.135
74   78   0.115
74   79   0.067
74   80   0.059
74   81   0.017
74   82   0.066
74   83   0.056
75   76   0.071
75   77   0.045
75   78   0.037
75   79   0.002
75   80   0.048
75   81   0.067
75   82   0.029
75   83   0.133
76   77   0.101
76   78   0.054
76   79   0.055
76   80   0.134
76   81   0.055
76   82   0.146
76   83   0.047
77   78   0.172
77   79   0.035
77   80   0.107
77   81   0.177
77   82   0.037
77   83   0.081
78   79   0.078
78   80   0.133
78   81   0.048
78   82   0.095
78   83   0.145
79   80   0.006
79   81   0.091
79   82   0.047
79   83   0.045
80   81   0.151
80   82   0.042
80   83   0.204
81   82   0.014
81   83   0.018
82   83   0.071
