1   3   0.202
1   6   0.044
1   7   0.007
1   8   0.084
1   10   0.025
1   14   0.014
1   17   0.033
1   19   0.004
1   21   0.028
1   23   0.064
1   24   0.065
1   26   0.087
1   27   0.138
1   28   0.117
1   29   0.053
1   30   0.02
1   33   0.059
1   34   0.026
1   36   0.026
1   38   0.003
1   73   0.059
1   77   0.091
2   3   0.05
2   9   0.036
2   11   0.168
2   13   0.113
2   15   0.027
2   16   0.007
2   17   0.033
2   18   0.001
2   19   0.112
2   22   0.021
2   23   0.033
2   25   0.113
2   26   0.033
2   27   0.08
2   28   0.106
2   31   0.141
2   34   0.07
2   36   0.06
2   37   0.043
2   38   0.05
2   39   0.114
2   42   0.077
2   43   0.035
2   44   0.012
2   45   0.028
2   49   0.016
2   51   0.054
2   52   0.021
2   60   0.202
2   62   0.056
2   66   0.034
2   68   0.065
2   71   0.075
2   72   0.066
2   74   0.107
2   75   0.004
2   76   0.051
2   80   0.031
3   6   0.075
3   7   0.189
3   8   0.158
3   10   0.146
3   14   0.172
3   17   0.002
3   18   0.055
3   19   0.053
3   21   0.144
3   22   0.123
3   23   0.092
3   24   0.051
3   26   0.15
3   27   0.074
3   28   0.13
3   29   0.135
3   30   0.137
3   33   0.076
3   34   0.09
3   36   0.055
3   37   0.068
3   38   0.091
3   39   0.003
3   40   0.12
3   43   0.016
3   44   0.143
3   45   0.054
3   46   0.094
3   51   0.139
3   52   0.086
3   65   0.101
3   66   0.026
3   68   0.023
3   71   0.051
3   72   0.044
3   75   0.045
3   76   0.079
4   5   0.077
4   6   0.069
4   7   0.046
4   8   0.042
4   9   0.006
4   10   0.015
4   12   0.122
4   14   0.025
4   15   0.061
4   20   0.144
4   24   0.123
4   28   0.089
4   29   0.101
4   34   0.124
4   36   0.001
4   38   0.009
4   40   0.007
4   41   0.014
4   47   0.001
4   53   0.086
4   58   0.107
4   59   0.126
4   61   0.19
4   64   0.081
4   69   0.045
4   73   0.078
4   77   0.1
5   6   0.092
5   7   0.08
5   8   0.057
5   9   0.231
5   10   0.07
5   12   0.057
5   15   0.127
5   20   0.038
5   24   0.081
5   27   0.146
5   28   0.137
5   29   0.042
5   32   0.111
5   34   0.121
5   35   0.052
5   36   0.022
5   40   0.02
5   41   0.219
5   47   0.195
5   84   0.066
6   7   0.018
6   8   0.019
6   9   0.005
6   10   0.052
6   12   0.073
6   13   0.012
6   14   0.011
6   15   0.138
6   17   0.028
6   23   0.124
6   24   0.001
6   26   0.053
6   28   0.019
6   29   0.001
6   30   0.073
6   32   0.11
6   34   0.104
6   36   0.051
6   38   0.013
6   39   0.016
6   40   0.156
6   41   0.063
6   42   0.085
6   47   0.111
6   58   0.03
6   59   0.115
6   73   0.039
6   77   0.07
7   8   0.065
7   9   0.055
7   10   0.083
7   12   0.01
7   14   0.1
7   15   0.142
7   17   0.11
7   19   0.142
7   20   0.063
7   21   0.048
7   23   0.11
7   24   0.073
7   26   0.109
7   27   0.103
7   28   0.052
7   29   0.099
7   30   0.102
7   32   0.136
7   33   0.034
7   34   0.03
7   36   0.021
7   37   0.121
7   38   0.016
7   39   0.05
7   40   0.051
7   41   0.116
7   43   0.057
7   45   0.143
7   47   0.028
7   58   0.036
7   73   0.002
7   77   0.077
8   9   0.021
8   10   0.021
8   12   0.05
8   13   0.029
8   14   0.075
8   15   0.097
8   17   0.06
8   19   0.038
8   20   0.022
8   21   0.017
8   23   0.122
8   24   0.012
8   26   0.081
8   27   0.082
8   28   0.022
8   29   0.017
8   30   0.045
8   32   0.077
8   33   0.139
8   34   0.015
8   36   0.087
8   38   0.002
8   39   0.119
8   40   0.057
8   41   0.152
8   42   0.009
8   43   0.038
8   56   0.075
8   58   0.014
8   73   0.033
8   77   0.013
9   10   0.007
9   12   0.031
9   13   0.125
9   14   0.032
9   15   0.126
9   16   0.011
9   17   0.01
9   20   0.006
9   22   0.061
9   23   0.121
9   24   0.03
9   25   0.045
9   26   0.044
9   27   0.017
9   28   0.009
9   29   0.065
9   30   0.068
9   31   0.037
9   33   0.073
9   34   0.07
9   36   0.073
9   37   0.011
9   38   0.012
9   39   0.112
9   40   0.143
9   41   0.121
9   42   0.022
9   43   0.004
9   45   0.066
9   47   0.082
9   49   0.176
9   53   0.073
9   56   0.018
9   58   0.066
9   59   0.033
9   61   0.048
9   62   0.087
9   64   0.098
9   65   0.088
9   69   0.055
9   71   0.006
9   72   0.033
9   73   0.07
9   75   0.186
9   76   0.011
9   77   0.028
9   78   0.041
9   79   0.11
9   80   0.056
9   83   0.036
10   12   0.005
10   13   0.159
10   14   0.001
10   15   0.136
10   20   0.017
10   24   0.05
10   28   0.007
10   29   0.007
10   30   0.02
10   32   0.085
10   33   0.023
10   34   0.026
10   36   0.004
10   38   0.019
10   39   0.079
10   40   0.011
10   41   0.073
10   43   0.021
10   47   0.116
10   53   0.069
10   55   0.041
10   57   0.008
10   58   0.106
10   59   0.11
10   61   0.142
10   64   0.02
10   69   0.103
10   73   0.084
10   77   0.056
11   13   0.14
11   14   0.021
11   17   0.02
11   18   0.033
11   19   0.078
11   23   0.046
11   25   0.035
11   26   0.005
11   27   0.034
11   29   0.095
11   31   0.039
11   32   0.169
11   34   0.009
11   36   0.197
11   37   0.025
11   38   0.016
11   39   0.009
11   41   0.13
11   42   0.069
11   44   0.008
11   49   0.036
11   51   0.135
11   60   0.094
11   62   0.03
11   67   0.107
11   74   0.181
11   75   0.003
11   76   0.064
11   80   0.079
12   13   0.234
12   14   0.041
12   15   0.041
12   20   0.024
12   24   0.024
12   28   0.03
12   29   0.037
12   32   0.142
12   34   0.017
12   36   0.04
12   38   0.006
12   40   0.104
12   41   0.051
12   42   0.206
12   47   0.014
12   53   0.083
12   54   0.003
12   58   0.063
12   59   0.025
12   61   0.033
12   64   0.104
12   69   0.033
12   73   0.003
12   77   0.06
13   14   0.049
13   18   0.118
13   22   0.085
13   24   0.145
13   25   0.144
13   26   0.132
13   27   0.041
13   29   0.204
13   31   0.015
13   32   0.062
13   34   0.121
13   36   0.097
13   37   0.008
13   38   0.057
13   39   0.216
13   40   0.073
13   41   0.065
13   42   0.025
13   43   0.061
13   44   0.011
13   45   0.031
13   46   0.008
13   48   0.074
13   49   0.05
13   51   0.057
13   60   0.04
13   62   0.01
13   67   0.125
13   71   0.012
13   74   0.014
13   75   0.022
13   76   0.008
13   80   0.065
13   83   0.093
14   15   0.109
14   17   0.07
14   18   0.079
14   19   0.05
14   20   0.001
14   21   0.01
14   23   0.078
14   24   0.011
14   26   0.076
14   27   0.053
14   28   0.021
14   29   0.057
14   30   0.059
14   32   0.167
14   33   0.043
14   34   0.002
14   36   0.092
14   38   0.018
14   39   0.038
14   40   0.156
14   41   0.039
14   42   0.01
14   73   0.012
15   20   0.084
15   21   0.006
15   22   0.094
15   23   0.019
15   24   0.126
15   27   0.019
15   28   0.068
15   29   0.02
15   30   0.066
15   32   0.141
15   34   0.203
15   35   0.047
15   36   0.037
15   38   0.095
15   39   0.104
15   40   0.135
15   41   0.121
15   43   0.019
15   47   0.223
15   53   0.026
15   58   0.03
15   59   0.089
15   61   0.186
15   64   0.088
15   69   0.095
15   73   0.049
15   77   0.036
15   84   0.074
16   17   0.09
16   21   0.035
16   22   0.02
16   23   0.016
16   24   0.004
16   26   0.046
16   27   0.015
16   28   0.034
16   30   0.094
16   34   0.003
16   36   0.042
16   37   0.036
16   38   0.048
16   39   0.192
16   40   0.082
16   43   0.052
16   45   0.025
16   46   0.049
16   52   0.087
16   65   0.025
16   70   0.031
16   71   0.006
16   72   0.009
16   73   0.048
16   76   0.047
16   77   0.017
16   79   0.029
17   18   0.04
17   19   0.114
17   21   0.004
17   22   0.008
17   23   0.048
17   24   0.003
17   26   0.067
17   27   0.005
17   28   0.032
17   29   0.041
17   30   0.037
17   33   0.015
17   34   0.109
17   36   0.084
17   37   0.024
17   38   0.092
17   39   0.097
17   43   0.057
17   44   0.003
17   51   0.038
17   52   0.041
17   66   0.011
17   72   0.017
17   75   0.085
17   76   0.029
18   19   0.029
18   21   0.033
18   23   0.021
18   25   0.063
18   26   0.012
18   27   0.042
18   29   0.033
18   30   0.046
18   31   0.148
18   34   0.054
18   36   0.089
18   37   0.03
18   38   0.027
18   39   0.053
18   42   0.091
18   44   0.022
18   62   0.041
18   67   0.048
18   74   0.269
18   75   0.003
18   76   0.045
18   80   0.018
19   21   0.128
19   23   0.001
19   25   0.119
19   26   0.093
19   27   0.076
19   28   0.036
19   29   0.024
19   30   0.024
19   31   0.104
19   33   0.119
19   34   0.081
19   36   0.036
19   37   0.014
19   38   0.024
19   39   0.022
19   44   0.012
19   51   0.1
19   68   0.02
19   74   0.074
19   75   0.066
19   76   0.08
19   80   0.28
20   24   0.169
20   28   0.07
20   29   0.035
20   32   0.071
20   34   0.066
20   36   0.047
20   38   0.052
20   40   0.046
20   41   0.027
20   47   0.13
20   53   0.008
20   58   0.048
20   59   0.088
20   61   0.081
20   64   0.032
20   69   0.133
20   73   0.101
20   77   0.104
21   22   0.019
21   23   0.027
21   24   0.004
21   26   0.05
21   27   0.05
21   28   0.063
21   29   0.012
21   30   0.009
21   33   0.015
21   34   0.004
21   35   0.088
21   36   0.017
21   37   0.029
21   38   0.032
21   39   0.095
21   40   0.107
21   41   0.016
21   43   0.07
21   65   0.009
21   70   0.043
21   71   0.02
21   72   0.005
21   73   0.023
21   76   0.076
21   77   0.005
21   78   0.008
21   79   0.05
21   82   0.149
22   23   0.035
22   24   0.036
22   25   0.015
22   26   0.038
22   27   0.017
22   28   0.041
22   29   0.074
22   30   0.031
22   31   0.086
22   34   0.139
22   36   0.043
22   37   0.049
22   38   0.021
22   39   0.165
22   40   0.009
22   42   0.151
22   43   0.072
22   44   0.078
22   45   0.033
22   46   0.01
22   51   0.104
22   52   0.113
22   58   0.122
22   62   0.042
22   65   0.022
22   70   0.061
22   71   0.036
22   72   0.076
22   73   0.011
22   75   0.041
22   76   0.037
22   77   0.045
22   79   0.097
22   80   0.048
23   24   0.006
23   26   0.051
23   27   0.039
23   28   0.032
23   29   0.085
23   30   0.074
23   33   0.007
23   34   0.009
23   35   0.088
23   36   0.025
23   37   0.002
23   38   0.016
23   39   0.06
23   40   0.062
23   41   0.103
23   43   0.02
23   44   0.079
23   45   0.003
23   46   0.042
23   51   0.021
23   52   0.074
23   65   0.01
23   66   0.032
23   70   0.032
23   71   0.057
23   72   0.031
23   76   0.048
23   77   0.02
23   79   0.012
23   84   0.016
24   25   0.026
24   26   0.054
24   27   0.022
24   28   0.008
24   29   0.032
24   30   0.06
24   31   0.039
24   32   0.027
24   33   0.019
24   34   0.018
24   36   0.012
24   37   0.019
24   38   0.03
24   39   0.108
24   40   0.026
24   41   0.13
24   42   0.021
24   43   0.023
24   45   0.023
24   46   0.004
24   47   0.019
24   48   0.104
24   50   0.118
24   51   0.021
24   52   0.049
24   53   0.015
24   55   0.005
24   56   0.035
24   57   0.033
24   58   0.007
24   59   0.047
24   61   0.076
24   62   0.013
24   63   0.021
24   64   0.052
24   65   0.05
24   69   0.108
24   70   0.028
24   71   0.005
24   72   0.011
24   73   0.022
24   76   0.011
24   77   0.038
24   78   0.082
24   79   0.021
24   80   0.034
24   82   0.093
24   83   0.078
25   26   0.028
25   27   0.008
25   31   0.032
25   34   0.052
25   36   0.111
25   37   0.079
25   38   0.077
25   42   0.111
25   43   0.026
25   44   0.014
25   45   0.013
25   49   0.074
25   51   0.01
25   60   0.126
25   62   0.065
25   67   0.127
25   74   0.093
25   75   0.006
25   76   0.003
25   80   0.09
26   27   0.086
26   28   0.058
26   29   0.001
26   30   0.032
26   31   0.003
26   33   0.133
26   34   0.06
26   36   0.078
26   37   0.107
26   38   0.059
26   39   0.128
26   42   0.098
26   43   0.063
26   44   0.059
26   45   0.042
26   46   0.057
26   49   0.151
26   51   0.112
26   52   0.137
26   60   0.064
26   62   0.014
26   66   0.043
26   67   0.031
26   68   0.063
26   71   0.045
26   74   0.004
26   75   0.05
26   76   0.069
26   80   0.052
26   83   0.038
27   28   0.012
27   29   0.026
27   30   0.047
27   31   0.01
27   33   0.103
27   34   0.031
27   35   0.056
27   36   0.054
27   37   0.056
27   38   0.061
27   39   0.05
27   40   0.078
27   41   0.07
27   42   0.048
27   43   0.001
27   44   0.004
27   45   0.006
27   46   0.028
27   47   0.08
27   49   0.054
27   51   0.108
27   52   0.066
27   58   0.036
27   60   0.018
27   62   0.007
27   65   0.023
27   66   0.022
27   67   0.035
27   68   0.012
27   70   0.04
27   71   0.051
27   72   0.026
27   73   0.04
27   74   0.025
27   75   0.022
27   76   0.037
27   77   0.04
27   80   0.047
27   83   0.052
27   84   0.016
28   29   0.017
28   30   0.007
28   32   0.108
28   33   0.044
28   34   0.036
28   35   0.046
28   36   0.009
28   37   0.049
28   38   0.024
28   39   0.028
28   40   0.038
28   41   0.007
28   43   0.01
28   45   0.039
28   46   0.005
28   47   0.004
28   48   0.083
28   50   0.035
28   53   0.084
28   55   0.145
28   56   0.009
28   57   0.059
28   58   0.075
28   59   0.101
28   61   0.045
28   63   0.001
28   64   0.121
28   65   0.002
28   69   0.071
28   70   0.029
28   71   0.014
28   72   0.049
28   73   0.046
28   76   0.093
28   77   0.071
28   78   0.019
28   79   0.021
28   82   0.065
28   83   0.064
29   30   0.055
29   32   0.056
29   33   0.018
29   34   0.025
29   36   0.038
29   38   0.027
29   39   0.007
29   40   0.099
29   41   0.017
29   42   0.133
29   43   0.011
29   58   0.009
29   73   0.008
29   77   0.052
30   33   0.023
30   34   0.039
30   36   0.051
30   37   0.005
30   38   0.036
30   39   0.095
30   40   0.054
30   41   0.03
30   43   0.033
30   45   0.001
30   58   0.139
30   65   0.012
30   70   0.011
30   71   0.181
30   73   0.018
30   77   0.018
30   78   0.037
30   79   0.16
31   34   0.065
31   36   0.037
31   37   0.003
31   38   0.026
31   42   0.069
31   43   0.136
31   44   0.005
31   45   0.11
31   49   0.151
31   51   0.088
31   60   0.171
31   62   0.025
31   67   0.062
31   68   0.079
31   71   0.052
31   74   0.19
31   75   0.054
31   76   0.021
31   80   0.037
32   34   0.149
32   36   0.041
32   38   0.045
32   39   0.212
32   40   0.195
32   41   0.205
32   42   0.115
33   34   0.01
33   36   0.003
33   38   0.032
33   43   0.021
33   73   0.102
33   77   0.044
34   36   0.111
34   37   0.017
34   38   0.042
34   39   0.095
34   40   0.136
34   41   0.059
34   42   0.001
34   43   0.004
34   49   0.047
34   51   0.146
34   58   0.013
34   62   0.036
34   73   0.019
34   74   0.104
34   75   0.01
34   76   0.039
34   77   0.011
34   80   0.109
35   36   0.025
35   37   0.027
35   38   0.037
35   39   0.068
35   40   0.046
35   41   0.03
35   42   0.012
35   43   0.034
35   44   0.049
35   45   0.006
35   46   0.086
35   47   0.039
35   48   0.131
35   54   0.048
35   64   0.054
35   72   0.074
35   84   0.071
36   37   0.046
36   38   0.141
36   39   0.061
36   40   0.126
36   41   0.05
36   42   0.041
36   43   0.032
36   44   0.07
36   45   0.061
36   46   0.034
36   47   0.027
36   48   0.124
36   51   0.012
36   52   0.002
36   56   0.101
36   58   0.029
36   64   0.028
36   65   0.077
36   66   0.007
36   68   0.043
36   70   0.101
36   71   0.057
36   72   0.027
36   73   0.026
36   74   0.03
36   75   0.005
36   76   0.003
36   77   0.02
36   78   0.055
36   79   0.144
36   80   0.025
36   82   0.09
36   83   0.215
37   38   0.017
37   39   0.028
37   40   0.022
37   41   0.015
37   42   0.018
37   43   0.065
37   44   0.08
37   45   0.031
37   46   0.102
37   49   0.044
37   51   0.012
37   52   0.133
37   60   0.075
37   62   0.036
37   65   0.125
37   67   0.035
37   68   0.02
37   71   0.037
37   74   0.032
37   75   0.013
37   76   0.049
37   80   0.024
37   84   0.011
38   39   0.106
38   40   0.137
38   41   0.013
38   42   0.02
38   43   0.018
38   44   0.028
38   45   0.09
38   46   0.029
38   48   0.008
38   49   0.179
38   51   0.041
38   52   0.058
38   56   0.042
38   58   0.063
38   62   0.002
38   65   0.028
38   66   0.012
38   67   0.135
38   68   0.047
38   71   0.05
38   72   0.007
38   73   0.001
38   74   0.202
38   75   0.01
38   76   0.019
38   77   0.008
38   80   0.032
38   84   0.033
39   40   0.064
39   41   0.012
39   42   0.002
39   43   0.056
39   44   0.136
39   45   0.084
39   46   0.059
39   48   0.014
39   51   0.071
39   52   0.115
39   65   0.13
39   71   0.06
39   72   0.122
39   73   0.122
39   75   0.02
39   76   0.094
39   77   0.047
39   84   0.096
40   41   0.043
40   42   0.065
40   43   0.056
40   45   0.049
40   47   0.119
40   48   0.038
40   54   0.018
40   58   0.051
40   59   0.097
40   61   0.037
40   64   0.051
40   73   0.007
40   76   0.16
40   77   0.032
40   78   0.041
40   84   0.086
41   42   0.128
41   43   0.106
41   45   0.043
41   46   0.005
41   47   0.058
41   48   0.102
41   49   0.02
41   56   0.113
41   57   0.022
41   73   0.08
41   77   0.142
41   83   0.062
41   84   0.049
42   44   0.077
42   45   0.071
42   46   0.074
42   48   0.145
42   49   0.006
42   51   0.094
42   60   0.02
42   62   0.154
42   74   0.135
42   75   0.118
42   76   0.004
42   80   0.02
42   83   0.032
43   44   0.001
43   45   0.039
43   46   0.019
43   47   0.033
43   48   0.071
43   49   0.038
43   50   0.167
43   51   0.051
43   52   0.017
43   53   0.029
43   54   0.043
43   55   0.037
43   56   0.01
43   57   0.082
43   58   0.19
43   59   0.031
43   60   0.039
43   61   0.07
43   62   0.02
43   63   0.076
43   64   0.025
43   65   0.059
43   66   0.084
43   67   0.016
43   68   0.01
43   69   0.085
43   70   0.023
43   71   0.121
43   72   0.016
43   73   0.035
43   74   0.134
43   75   0.029
43   76   0.015
43   77   0.058
43   78   0.121
43   79   0.081
43   80   0.01
43   81   0.067
43   82   0.166
43   83   0.135
43   84   0.066
44   45   0.023
44   46   0.03
44   47   0.125
44   48   0.15
44   49   0.035
44   51   0.028
44   52   0.071
44   56   0.088
44   60   0.139
44   62   0.057
44   63   0.139
44   65   0.087
44   66   0.086
44   67   0.077
44   68   0.015
44   70   0.017
44   71   0.043
44   72   0.035
44   73   0.034
44   74   0.082
44   75   0.079
44   76   0.059
44   77   0.012
44   79   0.07
44   80   0.087
44   83   0.081
44   84   0.021
45   46   0.056
45   47   0.065
45   48   0.078
45   49   0.116
45   50   0.006
45   51   0.043
45   52   0.009
45   53   0.027
45   55   0.078
45   56   0.033
45   57   0.119
45   58   0.077
45   59   0.023
45   60   0.076
45   61   0.033
45   62   0.041
45   63   0.069
45   64   0.13
45   65   0.065
45   66   0.103
45   67   0.027
45   68   0.02
45   69   0.014
45   70   0.019
45   71   0.033
45   72   0.012
45   73   0.034
45   74   0.035
45   75   0.009
45   76   0.027
45   77   0.079
45   78   0.104
45   79   0.042
45   80   0.035
45   81   0.155
45   82   0.078
45   83   0.142
45   84   0.016
46   47   0.084
46   48   0.049
46   49   0.078
46   51   0.027
46   52   0.04
46   55   0.074
46   56   0.018
46   57   0.058
46   58   0.033
46   59   0.017
46   60   0.031
46   63   0.021
46   64   0.046
46   65   0.145
46   66   0.152
46   67   0.073
46   68   0.093
46   70   0.158
46   71   0.127
46   72   0.131
46   73   0.086
46   75   0.036
46   76   0.082
46   77   0.136
46   78   0.04
46   79   0.131
46   80   0.025
46   81   0.126
46   83   0.184
46   84   0.013
47   48   0.025
47   49   0.105
47   51   0.115
47   52   0.027
47   53   0.098
47   54   0.047
47   55   0.036
47   56   0.003
47   57   0.154
47   58   0.217
47   59   0.026
47   61   0.07
47   63   0.069
47   64   0.146
47   65   0.14
47   69   0.075
47   70   0.148
47   71   0.035
47   72   0.041
47   73   0.012
47   75   0.009
47   76   0.031
47   77   0.022
47   78   0.158
47   79   0.012
47   81   0.189
47   83   0.142
47   84   0.011
48   49   0.028
48   53   0.01
48   54   0.117
48   55   0.15
48   56   0.093
48   57   0.244
48   58   0.018
48   59   0.017
48   60   0.066
48   61   0.03
48   62   0.055
48   63   0.11
48   64   0.057
48   69   0.038
48   70   0.037
48   72   0.021
48   73   0.016
48   75   0.007
48   76   0.075
48   77   0.08
48   78   0.042
48   79   0.229
48   81   0.22
48   83   0.06
48   84   0.146
49   51   0.048
49   57   0.02
49   58   0.155
49   60   0.145
49   62   0.021
49   63   0.047
49   67   0.298
49   71   0.221
49   73   0.036
49   74   0.21
49   75   0.043
49   76   0.046
49   80   0.116
49   83   0.016
49   84   0.002
50   52   0.012
50   55   0.096
50   56   0.074
50   57   0.023
50   58   0.012
50   59   0.07
50   63   0.013
50   66   0.065
50   68   0.009
50   70   0.001
50   72   0.105
50   73   0.028
50   75   0.076
50   76   0.013
50   78   0.121
50   79   0.09
50   82   0.106
50   83   0.028
51   52   0.032
51   58   0.099
51   60   0.162
51   62   0.026
51   64   0.137
51   65   0.065
51   66   0.117
51   67   0.023
51   68   0.038
51   71   0.074
51   72   0.125
51   73   0.026
51   74   0.161
51   75   0.005
51   76   0.016
51   77   0.042
51   80   0.21
51   83   0.035
52   55   0.097
52   56   0.084
52   57   0.12
52   59   0.077
52   63   0.062
52   66   0.115
52   67   0.112
52   68   0.022
52   70   0.143
52   71   0.027
52   72   0.06
52   73   0.068
52   75   0.015
52   76   0.052
52   77   0.098
52   78   0.081
52   79   0.18
52   83   0.066
53   54   0.087
53   55   0.074
53   56   0.012
53   57   0.003
53   58   0.041
53   59   0.048
53   61   0.048
53   63   0.022
53   64   0.004
53   69   0.023
53   73   0.089
53   77   0.015
53   78   0.065
53   83   0.072
54   55   0.047
54   56   0.088
54   57   0.135
54   58   0.207
54   59   0.092
54   61   0.043
54   64   0.033
54   69   0.031
54   71   0.005
54   73   0.051
54   76   0.034
54   77   0.006
54   78   0.018
54   81   0.011
54   83   0.044
54   84   0.076
55   56   0.051
55   57   0.021
55   58   0.039
55   59   0.067
55   61   0.069
55   63   0.03
55   64   0.062
55   69   0.111
55   72   0.003
55   73   0.126
55   77   0.064
55   78   0.032
55   81   0.022
55   83   0.047
56   57   0.014
56   58   0.038
56   59   0.011
56   60   0.076
56   61   0.075
56   63   0.065
56   64   0.129
56   66   0.039
56   67   0.015
56   68   0.003
56   69   0.007
56   70   0.02
56   72   0.064
56   73   0.006
56   75   0.005
56   76   0.037
56   77   0.076
56   78   0.001
56   79   0.017
56   81   0.014
56   82   0.007
56   83   0.073
57   58   0.055
57   59   0.082
57   60   0.105
57   61   0.134
57   63   0.171
57   64   0.014
57   66   0.014
57   67   0.052
57   68   0.002
57   69   0.151
57   70   0.051
57   72   0.148
57   73   0.043
57   75   0.056
57   76   0.077
57   77   0.067
57   78   0.099
57   79   0.061
57   81   0.075
57   82   0.024
57   83   0.143
58   59   0.057
58   61   0.014
58   62   0.026
58   63   0.033
58   64   0.156
58   69   0.023
58   71   0.142
58   73   0.11
58   74   0.149
58   75   0.021
58   76   0.043
58   77   0.055
58   78   0.043
58   79   0.068
58   82   0.066
58   83   0.135
59   60   0.045
59   61   0.029
59   63   0.033
59   64   0.095
59   69   0.03
59   73   0.065
59   77   0.093
59   78   0.032
59   81   0.091
59   82   0.05
59   83   0.015
60   62   0.061
60   63   0.045
60   66   0.031
60   67   0.03
60   68   0.023
60   70   0.04
60   72   0.101
60   74   0.255
60   75   0.036
60   76   0.095
60   78   0.066
60   79   0.002
60   80   0.177
60   81   0.03
60   83   0.026
61   63   0.074
61   64   0.026
61   69   0.004
61   73   0.064
61   77   0.057
61   78   0.017
61   81   0.11
61   83   0.022
62   67   0.213
62   71   0.07
62   73   0.027
62   74   0.043
62   75   0.02
62   76   0.023
62   78   0.082
62   80   0.155
62   81   0.129
62   83   0.013
63   64   0.051
63   66   0.006
63   67   0.169
63   68   0.033
63   69   0.074
63   70   0.008
63   72   0.113
63   73   0.052
63   75   0.003
63   76   0.016
63   77   0.031
63   78   0.018
63   79   0.066
63   80   0.105
63   81   0.12
63   82   0.055
63   83   0.01
64   69   0.041
64   70   0.022
64   71   0.108
64   72   0.005
64   73   0.064
64   76   0.073
64   77   0.086
64   78   0.018
64   79   0.177
64   81   0.052
64   83   0.014
64   84   0.116
65   70   0.005
65   71   0.096
65   72   0.004
65   73   0.007
65   76   0.041
65   77   0.02
65   79   0.062
65   82   0.178
65   83   0.142
65   84   0.111
66   67   0.013
66   68   0.031
66   70   0.015
66   71   0.094
66   72   0.084
66   73   0.085
66   75   0.127
66   76   0.023
66   78   0.08
66   79   0.014
66   82   0.08
66   83   0.082
67   68   0.066
67   70   0.039
67   72   0.062
67   74   0.175
67   75   0.017
67   76   0.028
67   77   0.162
67   78   0.04
67   79   0.113
67   80   0.076
67   83   0.087
68   70   0.009
68   72   0.025
68   74   0.154
68   75   0.001
68   76   0.016
68   77   0.016
68   78   0.003
68   79   0.018
68   80   0.135
68   82   0.078
68   83   0.037
69   73   0.172
69   77   0.066
69   78   0.068
69   83   0.009
70   71   0.06
70   72   0.006
70   73   0.016
70   75   0.001
70   76   0.01
70   77   0.086
70   78   0.009
70   79   0.059
70   82   0.051
70   83   0.068
70   84   0.116
71   72   0.105
71   73   0.044
71   74   0.112
71   75   0.063
71   76   0.016
71   77   0.001
71   78   0.038
71   79   0.048
71   80   0.034
71   83   0.051
72   73   0.005
72   75   0.028
72   76   0.124
72   77   0.059
72   78   0.005
72   79   0.087
72   82   0.095
72   83   0.052
72   84   0.047
73   74   0.053
73   75   0.059
73   76   0.021
73   77   0.114
73   78   0.055
73   79   0.01
73   80   0.04
73   82   0.062
73   83   0.064
74   75   0.032
74   76   0.061
74   80   0.154
74   83   0.127
75   76   0.036
75   77   0.066
75   78   0.038
75   79   0.052
75   80   0.028
75   82   0.088
75   83   0.058
76   77   0.024
76   78   0.073
76   79   0.011
76   80   0.084
76   82   0.081
76   83   0.064
76   84   0.004
77   78   0.056
77   79   0.028
77   81   0.055
77   82   0.133
77   83   0.108
77   84   0.079
78   79   0.052
78   80   0.159
78   81   0.065
78   82   0.036
78   83   0.032
79   82   0.129
79   83   0.072
80   83   0.058
81   83   0.183
82   83   0.145
