1   7   0.007
1   8   0.084
1   10   0.025
1   14   0.014
1   17   0.033
1   21   0.028
1   23   0.064
1   29   0.053
1   30   0.02
1   34   0.026
2   9   0.036
2   13   0.113
2   17   0.033
2   22   0.021
2   25   0.113
2   26   0.033
2   27   0.08
2   36   0.06
2   37   0.043
2   38   0.05
2   44   0.012
2   51   0.054
2   52   0.021
2   62   0.056
2   74   0.107
2   75   0.004
2   76   0.051
3   6   0.075
3   7   0.189
3   8   0.158
3   14   0.172
3   17   0.002
3   19   0.053
3   21   0.144
3   23   0.092
3   24   0.051
3   26   0.15
3   27   0.074
3   28   0.13
3   29   0.135
3   30   0.137
3   34   0.09
3   36   0.055
3   37   0.068
3   38   0.091
3   39   0.003
3   40   0.12
3   43   0.016
3   44   0.143
3   45   0.054
3   51   0.139
3   52   0.086
3   65   0.101
3   66   0.026
3   72   0.044
3   73   0.078
3   75   0.045
3   76   0.079
3   77   0.014
4   6   0.069
4   7   0.046
4   8   0.042
4   9   0.006
4   10   0.015
4   12   0.122
4   14   0.025
4   15   0.061
4   20   0.144
4   24   0.123
4   28   0.089
4   34   0.124
4   36   0.001
4   38   0.009
4   40   0.007
4   47   0.001
4   53   0.086
4   58   0.107
4   61   0.19
4   73   0.078
4   77   0.1
5   6   0.092
5   15   0.127
5   32   0.111
5   40   0.02
5   41   0.219
6   7   0.018
6   8   0.019
6   9   0.005
6   10   0.052
6   12   0.073
6   14   0.011
6   15   0.138
6   23   0.124
6   24   0.001
6   28   0.019
6   29   0.001
6   30   0.073
6   32   0.11
6   34   0.104
6   36   0.051
6   38   0.013
6   40   0.156
6   41   0.063
6   73   0.039
6   77   0.07
7   8   0.065
7   9   0.055
7   10   0.083
7   12   0.01
7   14   0.1
7   15   0.142
7   17   0.11
7   20   0.063
7   21   0.048
7   23   0.11
7   24   0.073
7   26   0.109
7   27   0.103
7   28   0.052
7   29   0.099
7   30   0.102
7   33   0.034
7   34   0.03
7   35   0.028
7   36   0.021
7   38   0.016
7   39   0.05
7   40   0.051
7   43   0.057
7   58   0.036
7   59   0.088
7   73   0.002
7   76   0.067
7   77   0.077
8   10   0.021
8   12   0.05
8   14   0.075
8   15   0.097
8   17   0.06
8   19   0.038
8   20   0.022
8   21   0.017
8   23   0.122
8   24   0.012
8   26   0.081
8   27   0.082
8   28   0.022
8   29   0.017
8   30   0.045
8   34   0.015
8   36   0.087
8   38   0.002
8   40   0.057
8   41   0.152
8   73   0.033
8   77   0.013
9   10   0.007
9   12   0.031
9   14   0.032
9   15   0.126
9   20   0.006
9   22   0.061
9   24   0.03
9   25   0.045
9   26   0.044
9   27   0.017
9   28   0.009
9   29   0.065
9   34   0.07
9   36   0.073
9   37   0.011
9   38   0.012
9   40   0.143
9   43   0.004
9   45   0.066
9   47   0.082
9   53   0.073
9   56   0.018
9   58   0.066
9   59   0.033
9   61   0.048
9   69   0.055
9   73   0.07
9   76   0.011
9   77   0.028
9   78   0.041
10   12   0.005
10   14   0.001
10   15   0.136
10   20   0.017
10   23   0.055
10   24   0.05
10   28   0.007
10   29   0.007
10   30   0.02
10   34   0.026
10   35   0.007
10   36   0.004
10   38   0.019
10   40   0.011
10   41   0.073
10   43   0.021
10   53   0.069
10   56   0.099
10   58   0.106
10   73   0.084
10   77   0.056
11   13   0.14
11   17   0.02
11   18   0.033
11   19   0.078
11   25   0.035
11   26   0.005
11   27   0.034
11   34   0.009
11   36   0.197
11   37   0.025
11   38   0.016
11   62   0.03
11   75   0.003
11   76   0.064
12   14   0.041
12   15   0.041
12   20   0.024
12   24   0.024
12   28   0.03
12   29   0.037
12   34   0.017
12   36   0.04
12   38   0.006
12   40   0.104
12   41   0.051
12   47   0.014
12   53   0.083
12   59   0.025
12   73   0.003
12   77   0.06
13   22   0.085
13   25   0.144
13   26   0.132
13   27   0.041
13   31   0.015
13   34   0.121
13   37   0.008
13   38   0.057
13   44   0.011
13   62   0.01
13   74   0.014
13   75   0.022
13   76   0.008
14   17   0.07
14   19   0.05
14   20   0.001
14   21   0.01
14   23   0.078
14   24   0.011
14   26   0.076
14   27   0.053
14   28   0.021
14   29   0.057
14   30   0.059
14   33   0.043
14   34   0.002
14   36   0.092
14   38   0.018
14   40   0.156
14   41   0.039
14   43   0.015
14   73   0.012
15   20   0.084
15   22   0.094
15   24   0.126
15   27   0.019
15   28   0.068
15   36   0.037
15   40   0.135
15   73   0.049
15   77   0.036
16   17   0.09
16   21   0.035
16   22   0.02
16   23   0.016
16   24   0.004
16   27   0.015
16   28   0.034
16   34   0.003
16   36   0.042
16   37   0.036
16   38   0.048
16   39   0.192
16   40   0.082
16   45   0.025
16   52   0.087
16   65   0.025
16   70   0.031
16   71   0.006
16   72   0.009
16   73   0.048
16   76   0.047
16   77   0.017
17   18   0.04
17   19   0.114
17   21   0.004
17   23   0.048
17   24   0.003
17   26   0.067
17   27   0.005
17   28   0.032
17   29   0.041
17   30   0.037
17   33   0.015
17   34   0.109
17   36   0.084
17   37   0.024
17   38   0.092
17   39   0.097
17   51   0.038
17   52   0.041
17   72   0.017
17   75   0.085
17   76   0.029
18   19   0.029
18   23   0.021
18   26   0.012
18   27   0.042
18   34   0.054
18   36   0.089
18   37   0.03
18   38   0.027
18   75   0.003
18   76   0.045
19   23   0.001
19   26   0.093
19   27   0.076
19   29   0.024
19   30   0.024
19   34   0.081
19   36   0.036
19   37   0.014
19   38   0.024
19   39   0.022
19   51   0.1
19   75   0.066
19   76   0.08
20   24   0.169
20   28   0.07
20   29   0.035
20   34   0.066
20   36   0.047
20   38   0.052
20   40   0.046
20   53   0.008
20   58   0.048
20   59   0.088
20   61   0.081
20   73   0.101
20   77   0.104
21   22   0.019
21   23   0.027
21   24   0.004
21   26   0.05
21   27   0.05
21   28   0.063
21   29   0.012
21   30   0.009
21   33   0.015
21   34   0.004
21   35   0.088
21   36   0.017
21   37   0.029
21   38   0.032
21   39   0.095
21   40   0.107
21   43   0.07
21   45   0.013
21   65   0.009
21   70   0.043
21   71   0.02
21   72   0.005
21   73   0.023
21   76   0.076
21   77   0.005
21   78   0.008
21   79   0.05
21   84   0.111
22   23   0.035
22   24   0.036
22   25   0.015
22   26   0.038
22   27   0.017
22   28   0.041
22   36   0.043
22   37   0.049
22   38   0.021
22   40   0.009
22   43   0.072
22   52   0.113
22   65   0.022
22   70   0.061
22   71   0.036
22   72   0.076
22   73   0.011
22   75   0.041
22   76   0.037
22   77   0.045
23   24   0.006
23   26   0.051
23   27   0.039
23   28   0.032
23   29   0.085
23   30   0.074
23   33   0.007
23   34   0.009
23   35   0.088
23   36   0.025
23   37   0.002
23   38   0.016
23   39   0.06
23   40   0.062
23   43   0.02
23   45   0.003
23   46   0.042
23   52   0.074
23   65   0.01
23   70   0.032
23   71   0.057
23   72   0.031
23   76   0.048
23   77   0.02
23   79   0.012
23   84   0.016
24   25   0.026
24   26   0.054
24   27   0.022
24   28   0.008
24   29   0.032
24   30   0.06
24   33   0.019
24   34   0.018
24   35   0.125
24   36   0.012
24   37   0.019
24   38   0.03
24   39   0.108
24   40   0.026
24   41   0.13
24   43   0.023
24   45   0.023
24   47   0.019
24   51   0.021
24   52   0.049
24   53   0.015
24   55   0.005
24   56   0.035
24   58   0.007
24   59   0.047
24   61   0.076
24   63   0.021
24   65   0.05
24   70   0.028
24   71   0.005
24   72   0.011
24   73   0.022
24   75   0.034
24   76   0.011
24   77   0.038
24   78   0.082
24   79   0.021
24   83   0.078
24   84   0.124
25   26   0.028
25   27   0.008
25   31   0.032
25   37   0.079
25   38   0.077
25   45   0.013
25   51   0.01
25   62   0.065
25   74   0.093
25   75   0.006
25   76   0.003
26   27   0.086
26   28   0.058
26   29   0.001
26   30   0.032
26   31   0.003
26   34   0.06
26   35   0.027
26   36   0.078
26   37   0.107
26   38   0.059
26   39   0.128
26   43   0.063
26   44   0.059
26   45   0.042
26   46   0.057
26   51   0.112
26   52   0.137
26   60   0.064
26   62   0.014
26   66   0.043
26   67   0.031
26   68   0.063
26   71   0.045
26   72   0.037
26   73   0.045
26   74   0.004
26   75   0.05
26   76   0.069
26   80   0.052
26   83   0.038
26   84   0.029
27   28   0.012
27   29   0.026
27   30   0.047
27   31   0.01
27   34   0.031
27   35   0.056
27   36   0.054
27   37   0.056
27   38   0.061
27   39   0.05
27   40   0.078
27   43   0.001
27   44   0.004
27   45   0.006
27   46   0.028
27   51   0.108
27   52   0.066
27   56   0.007
27   58   0.036
27   60   0.018
27   62   0.007
27   65   0.023
27   66   0.022
27   67   0.035
27   68   0.012
27   70   0.04
27   71   0.051
27   72   0.026
27   73   0.04
27   74   0.025
27   75   0.022
27   76   0.037
27   77   0.04
27   80   0.047
27   83   0.052
27   84   0.016
28   29   0.017
28   30   0.007
28   33   0.044
28   34   0.036
28   35   0.046
28   36   0.009
28   37   0.049
28   38   0.024
28   39   0.028
28   40   0.038
28   41   0.007
28   43   0.01
28   45   0.039
28   47   0.004
28   52   0.066
28   53   0.084
28   55   0.145
28   56   0.009
28   57   0.059
28   58   0.075
28   59   0.101
28   61   0.045
28   63   0.001
28   65   0.002
28   69   0.071
28   70   0.029
28   71   0.014
28   72   0.049
28   73   0.046
28   76   0.093
28   77   0.071
28   78   0.019
28   79   0.021
28   83   0.064
28   84   0.041
29   30   0.055
29   32   0.056
29   33   0.018
29   34   0.025
29   36   0.038
29   38   0.027
29   40   0.099
29   43   0.011
29   73   0.008
29   77   0.052
30   33   0.023
30   34   0.039
30   36   0.051
30   38   0.036
30   39   0.095
30   40   0.054
30   65   0.012
30   70   0.011
30   76   0.056
31   37   0.003
31   38   0.026
31   62   0.025
31   75   0.054
31   76   0.021
31   80   0.037
32   34   0.149
32   36   0.041
32   40   0.195
32   41   0.205
33   34   0.01
33   38   0.032
34   36   0.111
34   37   0.017
34   38   0.042
34   39   0.095
34   40   0.136
34   41   0.059
34   73   0.019
34   75   0.01
34   76   0.039
34   77   0.011
35   36   0.025
35   37   0.027
35   38   0.037
35   39   0.068
35   41   0.03
35   43   0.034
35   44   0.049
35   45   0.006
35   46   0.086
35   72   0.074
35   76   0.063
35   77   0.005
35   84   0.071
36   37   0.046
36   38   0.141
36   39   0.061
36   40   0.126
36   41   0.05
36   43   0.032
36   44   0.07
36   45   0.061
36   46   0.034
36   47   0.027
36   51   0.012
36   52   0.002
36   56   0.101
36   58   0.029
36   65   0.077
36   70   0.101
36   71   0.057
36   72   0.027
36   73   0.026
36   75   0.005
36   76   0.003
36   77   0.02
36   83   0.215
37   38   0.017
37   39   0.028
37   40   0.022
37   43   0.065
37   44   0.08
37   45   0.031
37   51   0.012
37   52   0.133
37   62   0.036
37   74   0.032
37   75   0.013
37   76   0.049
37   80   0.024
37   84   0.011
38   39   0.106
38   40   0.137
38   41   0.013
38   43   0.018
38   44   0.028
38   45   0.09
38   46   0.029
38   51   0.041
38   52   0.058
38   56   0.042
38   62   0.002
38   65   0.028
38   71   0.05
38   72   0.007
38   73   0.001
38   75   0.01
38   76   0.019
38   77   0.008
38   83   0.073
38   84   0.033
39   40   0.064
39   43   0.056
39   72   0.122
39   73   0.122
39   75   0.02
39   76   0.094
39   77   0.047
39   84   0.096
40   41   0.043
40   43   0.056
40   47   0.119
40   58   0.051
40   59   0.097
40   61   0.037
40   73   0.007
40   77   0.032
43   44   0.001
43   45   0.039
43   46   0.019
43   47   0.033
43   48   0.071
43   51   0.051
43   52   0.017
43   53   0.029
43   55   0.037
43   56   0.01
43   57   0.082
43   58   0.19
43   59   0.031
43   61   0.07
43   63   0.076
43   64   0.025
43   65   0.059
43   66   0.084
43   67   0.016
43   68   0.01
43   69   0.085
43   70   0.023
43   71   0.121
43   72   0.016
43   73   0.035
43   75   0.029
43   76   0.015
43   77   0.058
43   78   0.121
43   79   0.081
43   83   0.135
43   84   0.066
44   45   0.023
44   46   0.03
44   47   0.125
44   49   0.035
44   51   0.028
44   52   0.071
44   56   0.088
44   60   0.139
44   62   0.057
44   65   0.087
44   66   0.086
44   67   0.077
44   68   0.015
44   70   0.017
44   71   0.043
44   72   0.035
44   73   0.034
44   75   0.079
44   76   0.059
44   77   0.012
44   80   0.087
44   83   0.081
44   84   0.021
45   46   0.056
45   47   0.065
45   48   0.078
45   49   0.116
45   50   0.006
45   51   0.043
45   52   0.009
45   53   0.027
45   55   0.078
45   56   0.033
45   57   0.119
45   58   0.077
45   59   0.023
45   60   0.076
45   61   0.033
45   62   0.041
45   63   0.069
45   65   0.065
45   66   0.103
45   67   0.027
45   68   0.02
45   69   0.014
45   70   0.019
45   71   0.033
45   72   0.012
45   73   0.034
45   74   0.035
45   75   0.009
45   76   0.027
45   77   0.079
45   78   0.104
45   79   0.042
45   80   0.035
45   82   0.078
45   83   0.142
45   84   0.016
46   47   0.084
46   48   0.049
46   52   0.04
46   56   0.018
46   63   0.021
46   65   0.145
46   66   0.152
46   67   0.073
46   68   0.093
46   70   0.158
46   72   0.131
46   73   0.086
46   75   0.036
46   76   0.082
46   77   0.136
46   79   0.131
46   83   0.184
46   84   0.013
47   48   0.025
47   52   0.027
47   53   0.098
47   54   0.047
47   55   0.036
47   56   0.003
47   57   0.154
47   58   0.217
47   59   0.026
47   61   0.07
47   63   0.069
47   64   0.146
47   69   0.075
47   71   0.035
47   72   0.041
47   73   0.012
47   76   0.031
47   77   0.022
47   78   0.158
47   79   0.012
47   81   0.189
47   83   0.142
47   84   0.011
48   54   0.117
48   55   0.15
48   57   0.244
48   59   0.017
48   61   0.03
48   63   0.11
48   73   0.016
48   77   0.08
48   81   0.22
48   83   0.06
49   60   0.145
50   56   0.074
50   57   0.023
50   59   0.07
50   63   0.013
50   75   0.076
50   78   0.121
50   79   0.09
50   83   0.028
51   58   0.099
51   62   0.026
51   68   0.038
51   71   0.074
51   73   0.026
51   74   0.161
51   75   0.005
51   76   0.016
52   56   0.084
52   59   0.077
52   66   0.115
52   68   0.022
52   70   0.143
52   72   0.06
52   73   0.068
52   75   0.015
52   76   0.052
52   77   0.098
52   79   0.18
52   83   0.066
52   84   0.011
53   55   0.074
53   56   0.012
53   57   0.003
53   58   0.041
53   59   0.048
53   61   0.048
53   63   0.022
53   69   0.023
53   73   0.089
53   77   0.015
53   78   0.065
53   83   0.072
54   55   0.047
54   64   0.033
55   56   0.051
55   57   0.021
55   58   0.039
55   59   0.067
55   61   0.069
55   63   0.03
55   64   0.062
55   69   0.111
55   73   0.126
55   77   0.064
55   78   0.032
55   83   0.047
56   57   0.014
56   58   0.038
56   59   0.011
56   61   0.075
56   63   0.065
56   64   0.129
56   66   0.039
56   68   0.003
56   69   0.007
56   70   0.02
56   72   0.064
56   73   0.006
56   75   0.005
56   76   0.037
56   77   0.076
56   78   0.001
56   79   0.017
56   82   0.007
56   83   0.073
57   59   0.082
57   61   0.134
57   63   0.171
57   64   0.014
57   66   0.014
57   69   0.151
57   70   0.051
57   72   0.148
57   73   0.043
57   75   0.056
57   76   0.077
57   77   0.067
57   78   0.099
57   79   0.061
57   83   0.143
58   59   0.057
58   61   0.014
58   63   0.033
58   64   0.156
58   69   0.023
58   71   0.142
58   73   0.11
58   74   0.149
58   76   0.043
58   77   0.055
58   78   0.043
58   83   0.135
59   61   0.029
59   63   0.033
59   64   0.095
59   69   0.03
59   73   0.065
59   77   0.093
59   78   0.032
59   83   0.015
60   62   0.061
60   66   0.031
60   67   0.03
60   68   0.023
60   75   0.036
60   76   0.095
60   83   0.026
61   63   0.074
61   64   0.026
61   69   0.004
61   73   0.064
61   77   0.057
61   78   0.017
61   83   0.022
62   74   0.043
62   75   0.02
62   76   0.023
62   83   0.013
63   66   0.006
63   68   0.033
63   69   0.074
63   70   0.008
63   72   0.113
63   73   0.052
63   75   0.003
63   76   0.016
63   77   0.031
63   78   0.018
63   79   0.066
63   83   0.01
64   69   0.041
64   71   0.108
64   73   0.064
64   76   0.073
64   77   0.086
65   70   0.005
65   71   0.096
65   72   0.004
65   73   0.007
65   76   0.041
65   77   0.02
65   79   0.062
65   83   0.142
65   84   0.111
66   67   0.013
66   68   0.031
66   70   0.015
66   72   0.084
66   73   0.085
66   75   0.127
66   76   0.023
66   78   0.08
66   79   0.014
66   83   0.082
67   68   0.066
67   70   0.039
67   72   0.062
67   75   0.017
67   76   0.028
67   83   0.087
68   70   0.009
68   72   0.025
68   75   0.001
68   76   0.016
68   77   0.016
68   79   0.018
68   83   0.037
69   73   0.172
69   77   0.066
69   78   0.068
69   83   0.009
70   71   0.06
70   72   0.006
70   73   0.016
70   75   0.001
70   76   0.01
70   77   0.086
70   78   0.009
70   79   0.059
70   82   0.051
70   83   0.068
70   84   0.116
71   72   0.105
71   73   0.044
71   74   0.112
71   76   0.016
71   77   0.001
72   73   0.005
72   75   0.028
72   76   0.124
72   77   0.059
72   78   0.005
72   79   0.087
72   83   0.052
72   84   0.047
73   74   0.053
73   76   0.021
73   77   0.114
73   78   0.055
73   79   0.01
73   83   0.064
73   84   0.052
74   76   0.061
75   76   0.036
75   77   0.066
75   78   0.038
75   79   0.052
75   80   0.028
75   83   0.058
75   84   0.017
76   77   0.024
76   78   0.073
76   79   0.011
76   80   0.084
76   83   0.064
76   84   0.004
77   78   0.056
77   79   0.028
77   82   0.133
77   83   0.108
77   84   0.079
78   79   0.052
78   81   0.065
78   82   0.036
78   83   0.032
79   82   0.129
79   83   0.072
81   83   0.183
82   83   0.145
