0   1   0.057
0   2   0.126
0   3   0.095
0   4   0.012
0   5   0.055
0   6   0.037
0   7   0.159
0   8   0.053
0   9   0.072
0   10   0.028
0   11   0.074
0   12   0.123
0   13   0.022
0   14   0.049
0   15   0.121
0   16   0.017
0   17   0.123
0   18   0.002
0   19   0.072
0   20   0.016
0   21   0.052
0   22   0.034
0   23   0.152
0   24   0.091
0   25   0.05
0   26   0.162
0   27   0.038
0   28   0.162
0   29   0.022
0   30   0.073
0   31   0.004
0   32   0.008
0   33   0.073
0   34   0.083
0   35   0.025
0   36   0.022
0   37   0.089
0   38   0.015
0   39   0.047
0   40   0.088
0   41   0.147
0   42   0.111
0   43   0.028
0   44   0.021
0   45   0.063
0   46   0.05
0   47   0.035
0   48   0.014
0   49   0.019
0   50   0.007
0   51   0.085
0   52   0.166
0   53   0.046
0   54   0.152
0   55   0.076
0   56   0.079
0   57   0.133
0   58   0.079
0   59   0.038
0   60   0.154
0   61   0.046
0   62   0.039
0   63   0.064
0   64   0.106
0   65   0.011
0   67   0.19
0   68   0.141
0   69   0.156
0   70   0.101
0   71   0.082
0   72   0.049
0   73   0.076
0   74   0.007
0   75   0.048
0   76   0.041
0   77   0.143
0   78   0.126
0   79   0.046
0   81   0.01
0   82   0.11
0   83   0.024
1   2   0.096
1   3   0.211
1   4   0.013
1   5   0.059
1   6   0.139
1   7   0.017
1   8   0.021
1   9   0.035
1   10   0.096
1   11   0.014
1   12   0.103
1   13   0.029
1   14   0.096
1   15   0.043
1   16   0.091
1   17   0.009
1   18   0.113
1   19   0.048
1   20   0.068
1   21   0.143
1   22   0.018
1   23   0.138
1   24   0.027
1   25   0.118
1   26   0.139
1   27   0.121
1   28   0.019
1   29   0.126
1   30   0.043
1   31   0.113
1   32   0.198
1   33   0.233
1   34   0.023
1   35   0.068
1   36   0.02
1   37   0.015
1   38   0.061
1   39   0.028
1   40   0.16
1   41   0.13
1   42   0.019
1   43   0.042
1   44   0.058
1   45   0.03
1   46   0.002
1   47   0.088
1   48   0.048
1   49   0.059
1   50   0.05
1   51   0.3
1   52   0.036
1   53   0.091
1   54   0.098
1   55   0.105
1   56   0.004
1   57   0.098
1   58   0.145
1   59   0.16
1   60   0.164
1   61   0.021
1   62   0.021
1   63   0.107
1   64   0.031
1   65   0.089
1   66   0.041
1   67   0.056
1   68   0.119
1   69   0.092
1   70   0.135
1   71   0.083
1   72   0.074
1   73   0.037
1   74   0.081
1   75   0.128
1   76   0.074
1   77   0.033
1   78   0.04
1   79   0.119
1   80   0.107
1   81   0.039
1   82   0.159
1   83   0.091
2   3   0.008
2   4   0.025
2   5   0.037
2   6   0.049
2   7   0.023
2   8   0.093
2   9   0.086
2   10   0.164
2   11   0.145
2   12   0.212
2   13   0.1
2   14   0.137
2   15   0.057
2   16   0.04
2   18   0.091
2   19   0.046
2   20   0.052
2   21   0.165
2   22   0.007
2   23   0.034
2   24   0.125
2   25   0.035
2   26   0.073
2   27   0.001
2   28   0.007
2   29   0.025
2   30   0.163
2   31   0.108
2   32   0.097
2   33   0.01
2   34   0.087
2   35   0.085
2   36   0.042
2   37   0.059
2   38   0.056
2   39   0.097
2   40   0.116
2   41   0.05
2   42   0.025
2   43   0.045
2   44   0.07
2   45   0.127
2   46   0.199
2   47   0.046
2   48   0.072
2   49   0.202
2   50   0.083
2   51   0.135
2   52   0.229
2   53   0.168
2   54   0.073
2   55   0.094
2   56   0.17
2   57   0.284
2   58   0.002
2   59   0.045
2   60   0.092
2   61   0.018
2   62   0.098
2   63   0.071
2   64   0.036
2   65   0.047
2   66   0.024
2   67   0.069
2   69   0.113
2   70   0.011
2   71   0.074
2   72   0.036
2   73   0.123
2   74   0.115
2   75   0.133
2   76   0.02
2   77   0.253
2   78   0.201
2   79   0.023
2   81   0.199
2   82   0.043
2   83   0.102
3   4   0.099
3   5   0.093
3   6   0.034
3   7   0.106
3   8   0.008
3   9   0.15
3   10   0.007
3   11   0.084
3   12   0.052
3   13   0.077
3   14   0.024
3   15   0.095
3   16   0.009
3   17   0.077
3   18   0.063
3   19   0.027
3   20   0.015
3   21   0.046
3   22   0.058
3   23   0.07
3   24   0.11
3   25   0.154
3   26   0.052
3   27   0.068
3   28   0.161
3   29   0.014
3   30   0.163
3   31   0.049
3   32   0.076
3   33   0.082
3   34   0.093
3   35   0.129
3   36   0.098
3   37   0.087
3   38   0.057
3   39   0.152
3   40   0.014
3   41   0.158
3   42   0.072
3   43   0.1
3   44   0.11
3   45   0.082
3   46   0.002
3   47   0.04
3   48   0.162
3   49   0.042
3   50   0.159
3   51   0.179
3   52   0.091
3   53   0.076
3   54   0.022
3   55   0.051
3   56   0.098
3   57   0.006
3   58   0.115
3   59   0.149
3   60   0.084
3   61   0.113
3   62   0.059
3   63   0.077
3   64   0.006
3   65   0.003
3   67   0.097
3   68   0.018
3   69   0.068
3   70   0.069
3   71   0.104
3   72   0.032
3   73   0.061
3   74   0.172
3   75   0.133
3   76   0.016
3   77   0.071
3   78   0.07
3   80   0.101
3   81   0.218
3   82   0.042
3   83   0.073
4   5   0.015
4   6   0.052
4   7   0.008
4   8   0.133
4   9   0.023
4   10   0.026
4   11   0.004
4   12   0.051
4   13   0.013
4   14   0.015
4   15   0.048
4   16   0.17
4   17   0.143
4   18   0.192
4   19   0.024
4   20   0.001
4   21   0.002
4   22   0.066
4   23   0.066
4   24   0.015
4   25   0.087
4   26   0.161
4   27   0.075
4   28   0.064
4   29   0.05
4   30   0.09
4   31   0.009
4   32   0.207
4   33   0.042
4   34   0.038
4   35   0.112
4   36   0.041
4   37   0.117
4   38   0.007
4   39   0.001
4   40   0.125
4   41   0.005
4   42   0.036
4   43   0.059
4   44   0.074
4   45   0.076
4   46   0.204
4   47   0.02
4   48   0.158
4   49   0.137
4   50   0.029
4   51   0.099
4   52   0.058
4   53   0.119
4   54   0.073
4   55   0.24
4   56   0.097
4   57   0.117
4   58   0.136
4   60   0.008
4   61   0.011
4   62   0.039
4   63   0.076
4   64   0.171
4   65   0.085
4   67   0.152
4   68   0.026
4   69   0.007
4   70   0.087
4   71   0.263
4   72   0.121
4   73   0.03
4   74   0.118
4   75   0.075
4   76   0.113
4   77   0.003
4   78   0.061
4   80   0.152
4   81   0.046
4   82   0.03
4   83   0.047
5   6   0.043
5   7   0.071
5   8   0.18
5   9   0.076
5   10   0.035
5   11   0.037
5   12   0.055
5   13   0.067
5   14   0.028
5   15   0.007
5   16   0.031
5   17   0.143
5   18   0.126
5   19   0.079
5   20   0.045
5   21   0.072
5   22   0.071
5   23   0.019
5   24   0.124
5   25   0.045
5   26   0.067
5   27   0.068
5   28   0.028
5   29   0.023
5   30   0.154
5   31   0.022
5   32   0.016
5   34   0.052
5   35   0.105
5   36   0.022
5   37   0.05
5   38   0.031
5   39   0.059
5   40   0.121
5   41   0.049
5   42   0.275
5   43   0.063
5   44   0.02
5   45   0.044
5   46   0.019
5   47   0.116
5   48   0.021
5   49   0.122
5   50   0.039
5   51   0.129
5   52   0.023
5   53   0.236
5   54   0.008
5   55   0.017
5   56   0.061
5   57   0.077
5   58   0.142
5   59   0.174
5   60   0.103
5   61   0.006
5   62   0.162
5   63   0.058
5   64   0.025
5   65   0.142
5   66   0.138
5   67   0.1
5   68   0.039
5   69   0.044
5   70   0.02
5   71   0.012
5   72   0.072
5   73   0.13
5   74   0.236
5   75   0.004
5   76   0.062
5   77   0.107
5   78   0.003
5   79   0.054
5   80   0.073
5   81   0.128
5   82   0.108
5   83   0.051
6   7   0.074
6   8   0.051
6   9   0.035
6   10   0.035
6   11   0.008
6   12   0.114
6   13   0.099
6   14   0.056
6   15   0.125
6   16   0.035
6   17   0.022
6   18   0.196
6   19   0.078
6   20   0.066
6   21   0.012
6   22   0.029
6   23   0.016
6   24   0.146
6   25   0.004
6   26   0.059
6   27   0.07
6   28   0.08
6   29   0.085
6   30   0.183
6   31   0.15
6   32   0.064
6   33   0.048
6   34   0.075
6   35   0.044
6   36   0.172
6   37   0.01
6   38   0.002
6   39   0.008
6   40   0.14
6   41   0.167
6   42   0.047
6   43   0.048
6   44   0.138
6   45   0.074
6   46   0.001
6   47   0.037
6   48   0.076
6   49   0.077
6   50   0.074
6   51   0.133
6   52   0.108
6   53   0.067
6   54   0.077
6   55   0.058
6   56   0.057
6   57   0.031
6   58   0.033
6   59   0.094
6   60   0.017
6   61   0.047
6   62   0.109
6   63   0.064
6   64   0.024
6   65   0.025
6   66   0.159
6   67   0.094
6   68   0.23
6   69   0.137
6   70   0.026
6   72   0.011
6   73   0.045
6   74   0.122
6   75   0.01
6   76   0.059
6   77   0.137
6   78   0.008
6   79   0.152
6   80   0.09
6   81   0.069
6   82   0.157
6   83   0.088
7   8   0.053
7   9   0.018
7   10   0.011
7   11   0.098
7   12   0.041
7   13   0.063
7   14   0.068
7   15   0.004
7   16   0.062
7   17   0.07
7   18   0.041
7   19   0.048
7   20   0.137
7   21   0.111
7   22   0.071
7   23   0.034
7   24   0.106
7   25   0.047
7   26   0.047
7   27   0.1
7   28   0.015
7   29   0.127
7   30   0.038
7   31   0.082
7   32   0.137
7   33   0.057
7   34   0.02
7   35   0.026
7   36   0.06
7   37   0.142
7   38   0.083
7   39   0.018
7   40   0.142
7   41   0.049
7   42   0.113
7   43   0.049
7   44   0.132
7   45   0.009
7   46   0.032
7   47   0.082
7   48   0.062
7   49   0.023
7   50   0.045
7   51   0.069
7   52   0.158
7   53   0.26
7   54   0.015
7   55   0.023
7   56   0.028
7   57   0.071
7   58   0.047
7   59   0.115
7   60   0.154
7   61   0.023
7   62   0.058
7   63   0.108
7   64   0.037
7   65   0.052
7   66   0.022
7   67   0.053
7   68   0.163
7   69   0.203
7   70   0.047
7   71   0.097
7   72   0.056
7   73   0.118
7   74   0.065
7   75   0.144
7   76   0.089
7   77   0.068
7   78   0.095
7   79   0.091
7   80   0.126
7   81   0.085
7   82   0.012
7   83   0.059
8   9   0.081
8   10   0.059
8   11   0.019
8   12   0.004
8   13   0.042
8   14   0.002
8   15   0.119
8   16   0.043
8   17   0.042
8   18   0.063
8   19   0.035
8   20   0.185
8   21   0.015
8   22   0.097
8   23   0.07
8   24   0.009
8   25   0.084
8   26   0.068
8   27   0.01
8   28   0.01
8   29   0.031
8   30   0.049
8   31   0.067
8   32   0.033
8   33   0.104
8   34   0.015
8   36   0.048
8   37   0.007
8   38   0.177
8   39   0.129
8   40   0.104
8   41   0.025
8   42   0.038
8   43   0.153
8   44   0.017
8   45   0.122
8   46   0.097
8   47   0.021
8   48   0.161
8   49   0.096
8   50   0.03
8   51   0.002
8   52   0.108
8   53   0.014
8   54   0.216
8   55   0.116
8   56   0.033
8   57   0.011
8   58   0.109
8   59   0.02
8   60   0.144
8   61   0.08
8   62   0.06
8   63   0.01
8   64   0.009
8   65   0.088
8   66   0.053
8   67   0.076
8   68   0.094
8   69   0.116
8   70   0.073
8   71   0.041
8   72   0.079
8   73   0.054
8   74   0.138
8   75   0.044
8   76   0.065
8   77   0.047
8   78   0.084
8   79   0.087
8   80   0.011
8   81   0.044
8   82   0.055
8   83   0.084
9   10   0.129
9   11   0.066
9   12   0.181
9   13   0.086
9   14   0.042
9   15   0.075
9   16   0.005
9   17   0.168
9   18   0.083
9   19   0.134
9   20   0.063
9   21   0.072
9   22   0.111
9   23   0.012
9   24   0.055
9   25   0.042
9   26   0.089
9   27   0.072
9   28   0.017
9   29   0.008
9   30   0.203
9   31   0.051
9   32   0.023
9   33   0.074
9   34   0.014
9   35   0.082
9   36   0.044
9   37   0.073
9   38   0.005
9   39   0.135
9   40   0.022
9   41   0.054
9   42   0.027
9   43   0.056
9   44   0.072
9   45   0.162
9   46   0.073
9   47   0.036
9   48   0.103
9   49   0.144
9   50   0.016
9   51   0.062
9   52   0.048
9   53   0.081
9   54   0.068
9   55   0.024
9   56   0.036
9   57   0.021
9   58   0.138
9   59   0.056
9   60   0.056
9   61   0.06
9   62   0.057
9   63   0.008
9   64   0.1
9   65   0.056
9   66   0.016
9   67   0.038
9   68   0.148
9   69   0.057
9   70   0.063
9   71   0.064
9   72   0.026
9   73   0.105
9   74   0.188
9   75   0.126
9   76   0.027
9   77   0.05
9   78   0.08
9   80   0.024
9   81   0.056
9   82   0.009
9   83   0.103
10   11   0.153
10   12   0.171
10   13   0.058
10   14   0.014
10   15   0.078
10   16   0.048
10   17   0.108
10   18   0.036
10   19   0.096
10   20   0.078
10   21   0.201
10   22   0.016
10   23   0.069
10   24   0.044
10   25   0.159
10   26   0.021
10   27   0.143
10   28   0.069
10   29   0.007
10   30   0.015
10   31   0.132
10   32   0.014
10   33   0.041
10   34   0.12
10   35   0.137
10   36   0.108
10   37   0.196
10   38   0.106
10   39   0.217
10   40   0.113
10   41   0.216
10   42   0.029
10   43   0.021
10   44   0.046
10   45   0.215
10   46   0.114
10   47   0.049
10   48   0.059
10   49   0.033
10   50   0.036
10   51   0.048
10   52   0.053
10   53   0.126
10   54   0.01
10   55   0.071
10   56   0.088
10   57   0.079
10   58   0.079
10   59   0.04
10   60   0.017
10   61   0.095
10   62   0.042
10   63   0.06
10   64   0.035
10   65   0.166
10   66   0.099
10   67   0.074
10   68   0.152
10   69   0.224
10   70   0.06
10   71   0.08
10   72   0.154
10   73   0.01
10   74   0.103
10   75   0.106
10   76   0.019
10   77   0.136
10   78   0.064
10   79   0.063
10   80   0.084
10   81   0.076
10   82   0.033
10   83   0.041
11   12   0.211
11   13   0.134
11   14   0.03
11   15   0.06
11   16   0.058
11   17   0.17
11   18   0.001
11   19   0.031
11   20   0.118
11   21   0.08
11   22   0.076
11   23   0.013
11   24   0.005
11   25   0.045
11   26   0.039
11   27   0.089
11   28   0.032
11   29   0.012
11   30   0.111
11   31   0.082
11   32   0.053
11   33   0.109
11   34   0.125
11   35   0.141
11   36   0.007
11   37   0.066
11   38   0.111
11   39   0.028
11   40   0.12
11   41   0.191
11   42   0.048
11   43   0.034
11   44   0.2
11   45   0.089
11   46   0.021
11   47   0.075
11   48   0.022
11   49   0.045
11   50   0.184
11   51   0.026
11   52   0.096
11   53   0.004
11   54   0.106
11   55   0.155
11   56   0.014
11   57   0.067
11   58   0.028
11   59   0.119
11   60   0.179
11   61   0.165
11   62   0.077
11   63   0.114
11   64   0.07
11   65   0.054
11   67   0.059
11   68   0.003
11   69   0.211
11   70   0.221
11   71   0.162
11   72   0.136
11   73   0.204
11   74   0.051
11   75   0.062
11   76   0.003
11   77   0.008
11   78   0.042
11   79   0.152
11   80   0.018
11   81   0.087
11   82   0.006
11   83   0.041
12   13   0.061
12   14   0.091
12   15   0.072
12   16   0.008
12   17   0.02
12   18   0.224
12   19   0.159
12   20   0.093
12   21   0.027
12   22   0.07
12   23   0.078
12   24   0.067
12   25   0.176
12   26   0.009
12   27   0.205
12   28   0.088
12   29   0.101
12   30   0.084
12   31   0.033
12   32   0.131
12   33   0.187
12   34   0.197
12   35   0.138
12   36   0.024
12   37   0.121
12   38   0.093
12   39   0.105
12   40   0.048
12   41   0.026
12   42   0.003
12   43   0.021
12   44   0.012
12   45   0.001
12   46   0.245
12   47   0.112
12   48   0.059
12   49   0.168
12   50   0.055
12   51   0.12
12   52   0.037
12   53   0.122
12   54   0.058
12   55   0.046
12   56   0.033
12   57   0.027
12   58   0.009
12   59   0.062
12   60   0.111
12   61   0.064
12   62   0.009
12   63   0.059
12   64   0.099
12   65   0.045
12   66   0.104
12   67   0.001
12   68   0.131
12   69   0.003
12   70   0.051
12   71   0.069
12   72   0.07
12   73   0.003
12   74   0.056
12   75   0.026
12   76   0.002
12   77   0.202
12   78   0.018
12   79   0.096
12   80   0.059
12   81   0.051
12   82   0.066
12   83   0.068
13   14   0.157
13   15   0.002
13   16   0.119
13   17   0.065
13   18   0.01
13   19   0.087
13   20   0.206
13   21   0.139
13   22   0.133
13   23   0.049
13   24   0.022
13   25   0.04
13   26   0.065
13   27   0.089
13   28   0.061
13   29   0.129
13   30   0.166
13   31   0.069
13   32   0.038
13   33   0.065
13   34   0.226
13   35   0.101
13   36   0.043
13   37   0.133
13   38   0.065
13   39   0.096
13   40   0.007
13   41   0.054
13   42   0.082
13   43   0.015
13   44   0.147
13   45   0.161
13   46   0.085
13   47   0.082
13   48   0.034
13   49   0.039
13   50   0.104
13   51   0.001
13   52   0.12
13   53   0.056
13   54   0.086
13   55   0.007
13   56   0.055
13   57   0.062
13   58   0.082
13   59   0.061
13   60   0.107
13   61   0.014
13   62   0.11
13   63   0.051
13   64   0.075
13   65   0.017
13   66   0.071
13   67   0.031
13   68   0.206
13   69   0.081
13   70   0.141
13   71   0.065
13   72   0.045
13   73   0.029
13   74   0.18
13   75   0.028
13   76   0.005
13   77   0.16
13   78   0.059
13   79   0.029
13   80   0.089
13   81   0.029
13   82   0.001
13   83   0.031
14   15   0.012
14   16   0.022
14   17   0.079
14   18   0.151
14   19   0.1
14   20   0.05
14   21   0.021
14   22   0.012
14   23   0.01
14   24   0.083
14   25   0.062
14   26   0.085
14   27   0.038
14   28   0.002
14   29   0.058
14   30   0.106
14   31   0.244
14   32   0.065
14   33   0.165
14   34   0.141
14   35   0.121
14   36   0.006
14   37   0.124
14   38   0.152
14   39   0.084
14   40   0.004
14   41   0.026
14   42   0.041
14   43   0.066
14   44   0.073
14   45   0.037
14   46   0.019
14   47   0.02
14   48   0.043
14   49   0.095
14   50   0.134
14   51   0.004
14   52   0.008
14   53   0.055
14   54   0.044
14   55   0.058
14   56   0.034
14   57   0.071
14   58   0.041
14   59   0.069
14   60   0.121
14   61   0.076
14   62   0.06
14   63   0.08
14   64   0.045
14   65   0.163
14   66   0.058
14   67   0.152
14   68   0.161
14   69   0.044
14   70   0.018
14   71   0.13
14   72   0.172
14   73   0.07
14   74   0.238
14   75   0.126
14   76   0.056
14   77   0.069
14   78   0.161
14   79   0.035
14   80   0.189
14   81   0.103
14   82   0.152
14   83   0.145
15   16   0.091
15   17   0.136
15   18   0.194
15   19   0.026
15   20   0.085
15   21   0.052
15   22   0.146
15   23   0.043
15   24   0.066
15   25   0.079
15   26   0.055
15   27   0.008
15   28   0.052
15   29   0.147
15   30   0.012
15   31   0.039
15   32   0.005
15   33   0.018
15   34   0.093
15   35   0.048
15   36   0.045
15   37   0.065
15   38   0.072
15   39   0.016
15   40   0.047
15   41   0.063
15   42   0.03
15   43   0.036
15   44   0.03
15   45   0.104
15   46   0.055
15   47   0.051
15   48   0.03
15   49   0.041
15   50   0.287
15   51   0.033
15   52   0.064
15   53   0.04
15   54   0.133
15   55   0.168
15   56   0.081
15   57   0.038
15   58   0.104
15   59   0.15
15   60   0.068
15   61   0.202
15   62   0.005
15   63   0.169
15   64   0.018
15   65   0.076
15   66   0.171
15   67   0.109
15   68   0.107
15   69   0.053
15   70   0.022
15   71   0.009
15   72   0.122
15   73   0.089
15   74   0.138
15   75   0.03
15   76   0.005
15   77   0.044
15   78   0.043
15   79   0.069
15   80   0.03
15   81   0.087
15   82   0.021
15   83   0.132
16   17   0.185
16   18   0.153
16   19   0.017
16   20   0.076
16   21   0.084
16   22   0.121
16   23   0.071
16   24   0.015
16   25   0.084
16   26   0.084
16   27   0.121
16   28   0.028
16   29   0.1
16   30   0.004
16   31   0.027
16   32   0.057
16   33   0.114
16   34   0.029
16   35   0.116
16   36   0.102
16   37   0.024
16   38   0.041
16   39   0.14
16   40   0.005
16   41   0.06
16   42   0.095
16   43   0.066
16   44   0.026
16   45   0.045
16   46   0.023
16   47   0.048
16   48   0.062
16   49   0.133
16   50   0.02
16   51   0.009
16   52   0.015
16   53   0.137
16   54   0.068
16   55   0.064
16   56   0.104
16   57   0.103
16   58   0.052
16   59   0.104
16   60   0.074
16   61   0.047
16   62   0.092
16   63   0.174
16   64   0.073
16   65   0.02
16   66   0.036
16   67   0.006
16   68   0.156
16   69   0.064
16   70   0.062
16   71   0.069
16   72   0.142
16   73   0.013
16   74   0.009
16   75   0.047
16   76   0.038
16   77   0.075
16   78   0.097
16   79   0.137
16   81   0.132
16   82   0.012
16   83   0.167
17   18   0.045
17   19   0.02
17   20   0.103
17   21   0.162
17   22   0.108
17   23   0.139
17   24   0.067
17   25   0.004
17   26   0.009
17   27   0.226
17   28   0.002
17   29   0.006
17   30   0.14
17   31   0.02
17   32   0.001
17   33   0.052
17   34   0.009
17   35   0.013
17   36   0.113
17   37   0.18
17   38   0.01
17   39   0.025
17   40   0.04
17   41   0.096
17   42   0.082
17   43   0.065
17   44   0.031
17   45   0.08
17   46   0.037
17   47   0.165
17   48   0.184
17   49   0.009
17   50   0.119
17   51   0.202
17   52   0.107
17   53   0.137
17   54   0.137
17   55   0.035
17   56   0.035
17   57   0.028
17   58   0.046
17   59   0.1
17   60   0.008
17   61   0.127
17   62   0.084
17   63   0.174
17   64   0.126
17   65   0.019
17   66   0.132
17   67   0.058
17   69   0.141
17   70   0.057
17   71   0.249
17   72   0.032
17   73   0.281
17   74   0.085
17   75   0.03
17   76   0.008
17   77   0.046
17   78   0.086
17   79   0.032
17   80   0.076
17   82   0.069
17   83   0.02
18   19   0.003
18   20   0.168
18   21   0.006
18   22   0.093
18   23   0.008
18   24   0.097
18   25   0.035
18   26   0.093
18   27   0.118
18   28   0.033
18   29   0.068
18   30   0.093
18   31   0.049
18   32   0.095
18   33   0.06
18   34   0.089
18   35   0.077
18   36   0.029
18   37   0.112
18   38   0.06
18   39   0.029
18   40   0.048
18   41   0.072
18   42   0.085
18   43   0.044
18   44   0.049
18   45   0.022
18   46   0.031
18   47   0.213
18   48   0.132
18   49   0.184
18   50   0.151
18   51   0.06
18   53   0.03
18   54   0.122
18   55   0.035
18   56   0.098
18   57   0.145
18   58   0.033
18   59   0.092
18   60   0.097
18   61   0.043
18   62   0.014
18   63   0.066
18   64   0.107
18   65   0.013
18   66   0.035
18   67   0.026
18   69   0.084
18   70   0.018
18   71   0.25
18   72   0.01
18   73   0.089
18   74   0.051
18   75   0.067
18   76   0.105
18   77   0.039
18   78   0.028
18   79   0.26
18   81   0.084
18   82   0.13
18   83   0.056
19   20   0.197
19   21   0.104
19   22   0.094
19   23   0.037
19   25   0.037
19   26   0.11
19   27   0.066
19   28   0.009
19   29   0.028
19   30   0.11
19   31   0.096
19   32   0.01
19   33   0.122
19   34   0.117
19   35   0.05
19   36   0.221
19   37   0.083
19   38   0.057
19   39   0.127
19   40   0.061
19   41   0.04
19   42   0.136
19   43   0.006
19   44   0.008
19   45   0.01
19   46   0.057
19   47   0.204
19   48   0.185
19   49   0.047
19   50   0.098
19   51   0.018
19   52   0.003
19   53   0.182
19   54   0.099
19   55   0.008
19   56   0.152
19   57   0.081
19   58   0.004
19   59   0.004
19   60   0.241
19   61   0.011
19   62   0.047
19   63   0.004
19   64   0.073
19   65   0.052
19   66   0.096
19   68   0.022
19   69   0.095
19   70   0.068
19   71   0.041
19   72   0.11
19   73   0.069
19   74   0.132
19   75   0.022
19   76   0.069
19   77   0.009
19   78   0.011
19   79   0.122
19   80   0.074
19   81   0.106
19   82   0.033
19   83   0.026
20   21   0.034
20   22   0.155
20   23   0.015
20   24   0.168
20   25   0.062
20   26   0.051
20   27   0.034
20   29   0.092
20   30   0.079
20   31   0.112
20   32   0.013
20   33   0.1
20   34   0.01
20   35   0.054
20   36   0.086
20   37   0.008
20   38   0.008
20   39   0.021
20   40   0.03
20   41   0.122
20   42   0.065
20   43   0.044
20   44   0.052
20   45   0.053
20   46   0.169
20   47   0.012
20   48   0.147
20   49   0.043
20   50   0.007
20   51   0.169
20   52   0.141
20   53   0.062
20   54   0.192
20   55   0.031
20   56   0.071
20   57   0.05
20   58   0.092
20   59   0.199
20   60   0.044
20   61   0.045
20   62   0.111
20   63   0.09
20   64   0.061
20   65   0.066
20   66   0.047
20   67   0.056
20   68   0.068
20   69   0.11
20   70   0.045
20   71   0.043
20   72   0.017
20   73   0.077
20   74   0.018
20   75   0.02
20   76   0.159
20   77   0.035
20   78   0.078
20   79   0.006
20   80   0.137
20   81   0.198
20   82   0.061
20   83   0.03
21   22   0.028
21   23   0.063
21   24   0.034
21   25   0.113
21   26   0.087
21   27   0.058
21   28   0.006
21   29   0.097
21   30   0.104
21   31   0.112
21   32   0.039
21   33   0.029
21   34   0.123
21   35   0.091
21   36   0.119
21   37   0.129
21   38   0.046
21   39   0.101
21   40   0.067
21   41   0.114
21   42   0.026
21   43   0.032
21   44   0.07
21   45   0.102
21   46   0.038
21   47   0.064
21   48   0.002
21   49   0.137
21   51   0.053
21   52   0.012
21   53   0.079
21   54   0.072
21   55   0.026
21   56   0.033
21   57   0.142
21   58   0.064
21   59   0.069
21   60   0.028
21   61   0.034
21   62   0.071
21   63   0.238
21   64   0.006
21   65   0.009
21   66   0.012
21   67   0.159
21   68   0.014
21   69   0.06
21   70   0.057
21   71   0.022
21   72   0.112
21   73   0.01
21   74   0.028
21   75   0.024
21   76   0.082
21   77   0.008
21   78   0.007
21   79   0.055
21   81   0.063
21   82   0.052
21   83   0.037
22   23   0.055
22   24   0.019
22   25   0.11
22   26   0.053
22   27   0.045
22   28   0.002
22   29   0.13
22   30   0.174
22   31   0.039
22   32   0.021
22   33   0.107
22   34   0.086
22   35   0.018
22   36   0.024
22   37   0.026
22   38   0.042
22   39   0.061
22   40   0.111
22   41   0.147
22   42   0.058
22   43   0.041
22   44   0.028
22   45   0.049
22   46   0.099
22   47   0.144
22   48   0.159
22   49   0.01
22   50   0.024
22   51   0.019
22   52   0.071
22   53   0.138
22   54   0.095
22   55   0.082
22   56   0.082
22   57   0.051
22   58   0.113
22   59   0.141
22   60   0.021
22   61   0.113
22   62   0.146
22   63   0.053
22   64   0.079
22   65   0.009
22   66   0.094
22   67   0.017
22   68   0.103
22   69   0.08
22   70   0.053
22   71   0.055
22   72   0.057
22   73   0.209
22   74   0.051
22   75   0.094
22   76   0.166
22   77   0.073
22   78   0.021
22   79   0.029
22   80   0.075
22   81   0.03
22   82   0.041
22   83   0.034
23   24   0.062
23   25   0.022
23   26   0.018
23   27   0.041
23   28   0.022
23   29   0.061
23   30   0.036
23   31   0.005
23   32   0.093
23   33   0.001
23   34   0.034
23   35   0.048
23   36   0.238
23   37   0.076
23   38   0.027
23   39   0.018
23   40   0.105
23   41   0.037
23   42   0.039
23   43   0.116
23   44   0.052
23   45   0.049
23   46   0.024
23   47   0.065
23   48   0.099
23   49   0.111
23   50   0.084
23   51   0.22
23   52   0.015
23   53   0.125
23   54   0.104
23   55   0.066
23   56   0.054
23   57   0.026
23   58   0.024
23   59   0.046
23   60   0.01
23   61   0.068
23   62   0.08
23   63   0.107
23   64   0.001
23   65   0.118
23   66   0.041
23   67   0.034
23   68   0.142
23   69   0.105
23   70   0.041
23   71   0.034
23   72   0.017
23   73   0.043
23   74   0.152
23   75   0.165
23   76   0.056
23   77   0.029
23   78   0.133
23   79   0.037
23   80   0.116
23   81   0.093
23   82   0.033
23   83   0.019
24   25   0.053
24   26   0.002
24   27   0.12
24   28   0.108
24   29   0.084
24   30   0.067
24   31   0.228
24   32   0.137
24   33   0.068
24   34   0.002
24   35   0.122
24   36   0.061
24   37   0.015
24   38   0.008
24   39   0.102
24   40   0.003
24   41   0.036
24   42   0.062
24   43   0.033
24   44   0.061
24   45   0.067
24   46   0.042
24   47   0.076
24   48   0.009
24   49   0.086
24   50   0.223
24   51   0.046
24   52   0.179
24   53   0.061
24   54   0.027
24   55   0.027
24   56   0.111
24   57   0.018
24   58   0.122
24   59   0.111
24   60   0.21
24   61   0.024
24   62   0.033
24   63   0.039
24   64   0.115
24   65   0.057
24   66   0.123
24   67   0.111
24   68   0.061
24   69   0.138
24   70   0.002
24   71   0.007
24   72   0.046
24   73   0.063
24   74   0.054
24   75   0.045
24   76   0.122
24   77   0.145
24   78   0.005
24   79   0.04
24   80   0.03
24   81   0.107
24   82   0.083
24   83   0.075
25   26   0.09
25   27   0.01
25   28   0.084
25   29   0.016
25   30   0.026
25   31   0.054
25   32   0.127
25   33   0.08
25   34   0.053
25   35   0.062
25   36   0.015
25   37   0.058
25   38   0.033
25   39   0.034
25   40   0.066
25   41   0.093
25   42   0.029
25   43   0.083
25   44   0.051
25   45   0.094
25   46   0.081
25   47   0.098
25   48   0.182
25   49   0.095
25   50   0.15
25   51   0.036
25   52   0.122
25   53   0.034
25   54   0.096
25   55   0.195
25   56   0.179
25   57   0.133
25   58   0.023
25   59   0.012
25   60   0.156
25   61   0.046
25   62   0.045
25   63   0.017
25   64   0.076
25   65   0.085
25   66   0.019
25   67   0.013
25   68   0.114
25   69   0.072
25   70   0.175
25   71   0.043
25   72   0.013
25   73   0.024
25   74   0.123
25   75   0.123
25   76   0.042
25   77   0.031
25   78   0.114
25   79   0.108
25   80   0.06
25   81   0.05
25   82   0.102
25   83   0.03
26   27   0.033
26   28   0.037
26   29   0.11
26   30   0.126
26   31   0.003
26   32   0.135
26   33   0.026
26   34   0.042
26   35   0.047
26   36   0.043
26   37   0.01
26   38   0.062
26   39   0.044
26   40   0.117
26   41   0.037
26   42   0.035
26   43   0.066
26   44   0.017
26   45   0.091
26   46   0.03
26   47   0.203
26   48   0.037
26   49   0.01
26   50   0.162
26   51   0.172
26   52   0.043
26   53   0.179
26   54   0.029
26   55   0.021
26   56   0.069
26   57   0.15
26   58   0.096
26   59   0.1
26   60   0.018
26   62   0.006
26   63   0.045
26   64   0.124
26   65   0.014
26   66   0.051
26   67   0.022
26   68   0.074
26   69   0.113
26   70   0.06
26   71   0.18
26   72   0.099
26   73   0.059
26   74   0.087
26   75   0.082
26   76   0.183
26   77   0.127
26   78   0.038
26   79   0.054
26   80   0.022
26   81   0.027
26   82   0.078
26   83   0.007
27   28   0.004
27   29   0.008
27   30   0.172
27   31   0.085
27   32   0.059
27   33   0.073
27   34   0.093
27   35   0.112
27   36   0.169
27   37   0.054
27   38   0.04
27   39   0.057
27   40   0.075
27   41   0.023
27   42   0.084
27   43   0.164
27   44   0.068
27   45   0.058
27   46   0.08
27   47   0.049
27   48   0.065
27   49   0.04
27   50   0.04
27   51   0.006
27   52   0.118
27   53   0.178
27   54   0.003
27   55   0.142
27   56   0.067
27   57   0.017
27   58   0.028
27   59   0.085
27   60   0.06
27   61   0.143
27   62   0.03
27   63   0.181
27   64   0.138
27   65   0.089
27   66   0.019
27   67   0.109
27   68   0.103
27   69   0.125
27   70   0.001
27   71   0.028
27   72   0.066
27   73   0.088
27   74   0.07
27   75   0.004
27   76   0.111
27   77   0.031
27   78   0.019
27   79   0.005
27   80   0.03
27   81   0.038
27   82   0.138
27   83   0.035
28   29   0.061
28   30   0.07
28   31   0.09
28   32   0.175
28   33   0.121
28   34   0.077
28   35   0.031
28   36   0.083
28   37   0.025
28   38   0.073
28   39   0.163
28   40   0.014
28   41   0.147
28   42   0.063
28   43   0.123
28   44   0.038
28   45   0.064
28   46   0.121
28   47   0.001
28   48   0.089
28   49   0.077
28   50   0.014
28   51   0.02
28   52   0.087
28   53   0.005
28   54   0.028
28   55   0.248
28   56   0.088
28   57   0.079
28   58   0.269
28   59   0.303
28   60   0.053
28   61   0.017
28   62   0.179
28   63   0.036
28   64   0.018
28   65   0.155
28   66   0.036
28   67   0.037
28   68   0.05
28   69   0.054
28   70   0.171
28   71   0.103
28   72   0.068
28   73   0.053
28   74   0.098
28   75   0.089
28   76   0.021
28   78   0.03
28   79   0.08
28   80   0.027
28   81   0.087
28   82   0.015
28   83   0.02
29   30   0.058
29   31   0.14
29   32   0.043
29   33   0.001
29   34   0.066
29   35   0.049
29   36   0.065
29   37   0.101
29   38   0.069
29   39   0.044
29   40   0.072
29   41   0.054
29   42   0.011
29   43   0.115
29   44   0.076
29   45   0.127
29   46   0.019
29   47   0.044
29   48   0.019
29   49   0.023
29   50   0.02
29   51   0.111
29   52   0.184
29   53   0.063
29   54   0.002
29   55   0.035
29   56   0.097
29   57   0.181
29   58   0.102
29   59   0.017
29   60   0.04
29   61   0.138
29   62   0.039
29   63   0.098
29   64   0.073
29   65   0.07
29   66   0.012
29   67   0.12
29   68   0.017
29   69   0.049
29   70   0.045
29   71   0.09
29   72   0.067
29   73   0.069
29   74   0.035
29   75   0.156
29   76   0.021
29   77   0.011
29   78   0.183
29   79   0.091
29   80   0.138
29   81   0.039
29   82   0.061
29   83   0.077
30   31   0.086
30   32   0.152
30   33   0.069
30   34   0.029
30   35   0.054
30   36   0.13
30   37   0.001
30   38   0.141
30   39   0.103
30   40   0.128
30   41   0.092
30   42   0.153
30   43   0.155
30   44   0.152
30   45   0.19
30   46   0.075
30   48   0.167
30   49   0.061
30   50   0.162
30   51   0.046
30   52   0.152
30   53   0.091
30   54   0.061
30   55   0.147
30   56   0.05
30   57   0.018
30   58   0.152
30   59   0.188
30   61   0.015
30   62   0.047
30   63   0.143
30   64   0.105
30   65   0.011
30   66   0.066
30   67   0.079
30   69   0.015
30   70   0.059
30   71   0.018
30   73   0.152
30   74   0.053
30   75   0.007
30   76   0.214
30   77   0.068
30   78   0.194
30   79   0.073
30   80   0.09
30   82   0.129
30   83   0.025
31   32   0.028
31   33   0.02
31   34   0.064
31   35   0.032
31   36   0.156
31   37   0.036
31   38   0.158
31   39   0.088
31   40   0.029
31   41   0.114
31   42   0.091
31   43   0.003
31   44   0.022
31   45   0.035
31   46   0.046
31   47   0.14
31   48   0.052
31   49   0.076
31   50   0.029
31   52   0.023
31   53   0.022
31   54   0.148
31   55   0.09
31   56   0.087
31   57   0.071
31   58   0.011
31   59   0.241
31   60   0.176
31   61   0.038
31   62   0.146
31   63   0.014
31   64   0.143
31   66   0.069
31   68   0.109
31   69   0.025
31   70   0.146
31   71   0.017
31   72   0.042
31   73   0.015
31   74   0.07
31   75   0.059
31   76   0.049
31   77   0.031
31   78   0.01
31   79   0.102
31   80   0.119
31   82   0.085
31   83   0.011
32   33   0.067
32   34   0.09
32   35   0.102
32   36   0.056
32   37   0.083
32   38   0.073
32   39   0.028
32   40   0.11
32   42   0.027
32   43   0.049
32   44   0.044
32   45   0.103
32   46   0.027
32   47   0.048
32   48   0.061
32   49   0.087
32   50   0.026
32   51   0.201
32   52   0.203
32   54   0.232
32   55   0.035
32   56   0.153
32   57   0.001
32   58   0.089
32   59   0.076
32   60   0.019
32   62   0.1
32   63   0.127
32   64   0.058
32   65   0.132
32   67   0.082
32   68   0.064
32   69   0.064
32   70   0.115
32   71   0.01
32   72   0.087
32   73   0.098
32   74   0.095
32   75   0.134
32   76   0.078
32   77   0.038
32   78   0.031
32   80   0.021
32   81   0.037
32   82   0.086
32   83   0.04
33   34   0.169
33   35   0.01
33   36   0.029
33   37   0.129
33   38   0.069
33   39   0.026
33   40   0.05
33   41   0.113
33   42   0.038
33   43   0.062
33   44   0.086
33   45   0.009
33   46   0.14
33   47   0.16
33   48   0.015
33   49   0.041
33   50   0.104
33   51   0.028
33   52   0.123
33   53   0.144
33   54   0.045
33   55   0.168
33   56   0.166
33   57   0.085
33   58   0.007
33   59   0.037
33   60   0.022
33   62   0.047
33   63   0.167
33   64   0.059
33   65   0.032
33   66   0.16
33   67   0.241
33   68   0.024
33   69   0.023
33   70   0.039
33   71   0.069
33   72   0.031
33   73   0.065
33   74   0.019
33   75   0.027
33   76   0.006
33   77   0.011
33   78   0.09
33   79   0.087
33   80   0.067
33   81   0.055
33   82   0.064
33   83   0.048
34   35   0.184
34   36   0.089
34   37   0.173
34   38   0.001
34   39   0.051
34   40   0.147
34   41   0.007
34   42   0.128
34   43   0.084
34   44   0.059
34   45   0.049
34   46   0.003
34   47   0.122
34   48   0.056
34   49   0.013
34   50   0.018
34   51   0.057
34   52   0.087
34   53   0.062
34   54   0.089
34   55   0.105
34   56   0.015
34   57   0.127
34   58   0.122
34   59   0.137
34   60   0.045
34   61   0.134
34   62   0.12
34   63   0.018
34   64   0.061
34   65   0.013
34   66   0.115
34   67   0.225
34   69   0.015
34   70   0.144
34   71   0.067
34   72   0.049
34   73   0.006
34   74   0.023
34   75   0.07
34   76   0.046
34   77   0.016
34   78   0.116
34   79   0.062
34   80   0.024
34   81   0.015
34   82   0.024
34   83   0.004
35   36   0.169
35   37   0.176
35   38   0.128
35   39   0.017
35   40   0.081
35   41   0.019
35   42   0.033
35   43   0.081
35   44   0.069
35   45   0.099
35   46   0.106
35   47   0.071
35   48   0.05
35   49   0.06
35   50   0.087
35   51   0.003
35   52   0.058
35   53   0.064
35   54   0.191
35   55   0.167
35   56   0.157
35   57   0.021
35   58   0.017
35   59   0.026
35   60   0.06
35   61   0.062
35   62   0.089
35   63   0.025
35   64   0.148
35   65   0.057
35   66   0.046
35   67   0.017
35   68   0.002
35   69   0.049
35   70   0.067
35   71   0.163
35   72   0.047
35   73   0.002
35   74   0.028
35   75   0.04
35   76   0.074
35   77   0.009
35   78   0.139
35   79   0.004
35   80   0.032
35   81   0.127
35   82   0.064
35   83   0.1
36   37   0.056
36   38   0.121
36   39   0.005
36   40   0.094
36   41   0.113
36   42   0.062
36   43   0.012
36   44   0.031
36   45   0.043
36   46   0.032
36   47   0.034
36   48   0.07
36   49   0.246
36   50   0.022
36   51   0.009
36   52   0.069
36   53   0.002
36   54   0.072
36   55   0.024
36   56   0.043
36   57   0.107
36   58   0.093
36   59   0.012
36   60   0.024
36   61   0.006
36   62   0.075
36   63   0.149
36   64   0.002
36   65   0.026
36   66   0.119
36   67   0.021
36   68   0.089
36   69   0.014
36   70   0.005
36   71   0.029
36   72   0.083
36   73   0.043
36   74   0.075
36   75   0.022
36   76   0.011
36   77   0.16
36   78   0.119
36   79   0.045
36   80   0.047
36   81   0.076
36   82   0.032
36   83   0.126
37   38   0.059
37   39   0.113
37   40   0.142
37   41   0.18
37   42   0.043
37   43   0.072
37   44   0.095
37   45   0.03
37   46   0.095
37   47   0.046
37   48   0.122
37   49   0.018
37   50   0.039
37   51   0.012
37   52   0.008
37   53   0.134
37   54   0.043
37   55   0.086
37   56   0.032
37   57   0.061
37   58   0.108
37   59   0.199
37   60   0.137
37   61   0.067
37   62   0.161
37   64   0.116
37   65   0.06
37   66   0.188
37   67   0.02
37   68   0.061
37   69   0.026
37   70   0.156
37   71   0.258
37   72   0.009
37   73   0.106
37   74   0.015
37   75   0.071
37   77   0.031
37   78   0.079
37   79   0.016
37   80   0.011
37   81   0.002
37   82   0.048
37   83   0.1
38   39   0.087
38   40   0.098
38   41   0.025
38   42   0.019
38   43   0.126
38   44   0.006
38   45   0.026
38   46   0.178
38   47   0.168
38   48   0.096
38   49   0.083
38   50   0.008
38   51   0.041
38   52   0.002
38   53   0.063
38   54   0.045
38   55   0.061
38   56   0.018
38   57   0.178
38   58   0.012
38   59   0.049
38   60   0.033
38   61   0.103
38   62   0.059
38   63   0.077
38   64   0.087
38   65   0.029
38   66   0.075
38   67   0.009
38   68   0.005
38   69   0.032
38   70   0.034
38   71   0.021
38   72   0.04
38   73   0.062
38   74   0.033
38   75   0.028
38   76   0.039
38   77   0.077
38   78   0.111
38   79   0.047
38   80   0.018
38   81   0.04
38   82   0.099
38   83   0.013
39   40   0.007
39   41   0.012
39   42   0.001
39   43   0.016
39   44   0.08
39   45   0.092
39   46   0.003
39   47   0.044
39   48   0.033
39   49   0.063
39   50   0.088
39   51   0.041
39   52   0.137
39   53   0.022
39   54   0.061
39   55   0.14
39   56   0.098
39   57   0.068
39   58   0.148
39   59   0.213
39   60   0.012
39   61   0.004
39   62   0.126
39   63   0.026
39   64   0.071
39   65   0.03
39   66   0.059
39   67   0.111
39   68   0.197
39   69   0.024
39   70   0.132
39   71   0.005
39   72   0.148
39   73   0.008
39   74   0.141
39   75   0.051
39   76   0.122
39   77   0.107
39   78   0.072
39   79   0.126
39   80   0.085
39   81   0.009
39   82   0.101
39   83   0.088
40   41   0.068
40   42   0.086
40   43   0.054
40   44   0.039
40   45   0.162
40   46   0.021
40   47   0.109
40   48   0.085
40   49   0.087
40   50   0.198
40   51   0.051
40   52   0.242
40   53   0.051
40   54   0.006
40   55   0.089
40   56   0.075
40   57   0.031
40   58   0.049
40   59   0.141
40   60   0.146
40   61   0.147
40   62   0.119
40   63   0.048
40   64   0.085
40   65   0.087
40   66   0.004
40   68   0.027
40   69   0.119
40   70   0.005
40   71   0.084
40   72   0.059
40   73   0.122
40   74   0.063
40   75   0.033
40   76   0.176
40   77   0.117
40   78   0.001
40   80   0.139
40   81   0.123
40   82   0.023
40   83   0.063
41   42   0.082
41   43   0.021
41   44   0.034
41   45   0.087
41   46   0.083
41   47   0.154
41   48   0.024
41   49   0.103
41   50   0.057
41   51   0.111
41   52   0.02
41   53   0.279
41   54   0.121
41   55   0.02
41   56   0.047
41   57   0.08
41   58   0.014
41   59   0.007
41   60   0.009
41   61   0.096
41   62   0.01
41   63   0.053
41   64   0.023
41   65   0.136
41   66   0.095
41   67   0.061
41   68   0.057
41   69   0.045
41   70   0.068
41   71   0.106
41   72   0.044
41   73   0.016
41   74   0.121
41   75   0.034
41   76   0.033
41   77   0.115
41   78   0.062
41   79   0.038
41   80   0.041
41   82   0.012
41   83   0.072
42   43   0.046
42   44   0.174
42   45   0.1
42   46   0.005
42   47   0.034
42   48   0.03
42   49   0.143
42   50   0.101
42   51   0.057
42   52   0.059
42   53   0.014
42   54   0.122
42   55   0.116
42   56   0.042
42   57   0.022
42   58   0.147
42   59   0.01
42   60   0.129
42   61   0.034
42   62   0.052
42   63   0.034
42   64   0.046
42   66   0.029
42   67   0.002
42   68   0.079
42   69   0.051
42   70   0.093
42   71   0.038
42   72   0.001
42   73   0.147
42   74   0.025
42   75   0.021
42   76   0.077
42   77   0.029
42   78   0.015
42   79   0.001
42   80   0.064
42   81   0.074
42   82   0.149
42   83   0.166
43   44   0.144
43   45   0.102
43   46   0.042
43   47   0.125
43   48   0.119
43   49   0.057
43   50   0.08
43   51   0.095
43   52   0.05
43   53   0.013
43   54   0.07
43   55   0.027
43   56   0.037
43   57   0.073
43   58   0.178
43   59   0.069
43   60   0.046
43   61   0.021
43   62   0.11
43   63   0.064
43   64   0.052
43   65   0.197
43   66   0.119
43   67   0.005
43   68   0.071
43   69   0.078
43   70   0.068
43   71   0.07
43   72   0.186
43   73   0.026
43   74   0.049
43   75   0.051
43   76   0.166
43   77   0.1
43   78   0.065
43   79   0.04
43   80   0.105
43   81   0.001
43   82   0.076
43   83   0.065
44   45   0.162
44   46   0.138
44   47   0.194
44   48   0.123
44   49   0.187
44   50   0.017
44   51   0.031
44   52   0.057
44   53   0.047
44   54   0.057
44   55   0.123
44   56   0.166
44   57   0.011
44   58   0.155
44   59   0.082
44   60   0.068
44   61   0.163
44   62   0.179
44   63   0.005
44   64   0.02
44   65   0.083
44   66   0.148
44   67   0.012
44   68   0.057
44   69   0.028
44   70   0.082
44   71   0.057
44   72   0.023
44   73   0.079
44   74   0.074
44   75   0.054
44   76   0.016
44   77   0.117
44   78   0.072
44   79   0.086
44   80   0.115
44   81   0.107
44   82   0.099
44   83   0.038
45   46   0.058
45   47   0.04
45   48   0.051
45   49   0.185
45   50   0.041
45   51   0.049
45   52   0.129
45   53   0.013
45   54   0.066
45   55   0.01
45   56   0.006
45   57   0.078
45   58   0.131
45   59   0.057
45   60   0.024
45   61   0.06
45   62   0.011
45   63   0.072
45   64   0.015
45   65   0.127
45   66   0.061
45   67   0.066
45   68   0.027
45   69   0.06
45   70   0.036
45   71   0.042
45   72   0.078
45   73   0.195
45   74   0.069
45   75   0.042
45   76   0.022
45   77   0.048
45   78   0.049
45   79   0.04
45   80   0.007
45   81   0.2
45   82   0.091
45   83   0.028
46   47   0.026
46   48   0.19
46   49   0.001
46   50   0.149
46   51   0.014
46   52   0.063
46   53   0.051
46   54   0.055
46   55   0.048
46   56   0.175
46   57   0.15
46   58   0.156
46   59   0.07
46   60   0.043
46   61   0.064
46   62   0.066
46   63   0.064
46   64   0.13
46   65   0.02
46   66   0.008
46   67   0.066
46   68   0.115
46   69   0.174
46   70   0.079
46   71   0.031
46   72   0.003
46   73   0.104
46   74   0.043
46   75   0.136
46   76   0.019
46   77   0.196
46   78   0.091
46   79   0.076
46   80   0.091
46   81   0.028
46   82   0.103
46   83   0.078
47   49   0.051
47   50   0.263
47   51   0.021
47   52   0.007
47   53   0.015
47   54   0.14
47   55   0.061
47   56   0.223
47   57   0.027
47   58   0.124
47   59   0.144
47   60   0.108
47   61   0.029
47   62   0.002
47   63   0.047
47   64   0.012
47   65   0.054
47   66   0.036
47   67   0.096
47   68   0.009
47   69   0.012
47   70   0.006
47   71   0.055
47   72   0.027
47   73   0.061
47   74   0.022
47   75   0.04
47   76   0.116
47   77   0.042
47   78   0.167
47   79   0.01
47   80   0.039
47   81   0.075
47   82   0.147
47   83   0.146
48   49   0.011
48   50   0.16
48   51   0.068
48   52   0.003
48   53   0.105
48   54   0.106
48   55   0.108
48   56   0.059
48   57   0.109
48   58   0.045
48   59   0.094
48   60   0.051
48   61   0.057
48   62   0.048
48   63   0.088
48   64   0.06
48   65   0.004
48   66   0.281
48   67   0.174
48   68   0.086
48   69   0.084
48   70   0.125
48   71   0.026
48   72   0.038
48   73   0.11
48   74   0.046
48   75   0.055
48   76   0.14
48   77   0.047
48   78   0.074
48   79   0.033
48   80   0.124
48   82   0.077
48   83   0.015
49   50   0.076
49   51   0.011
49   52   0.102
49   53   0.025
49   54   0.015
49   55   0.01
49   56   0.164
49   57   0.042
49   58   0.028
49   59   0.131
49   60   0.014
49   61   0.071
49   62   0.023
49   63   0.163
49   64   0.106
49   65   0.011
49   66   0.04
49   67   0.043
49   68   0.122
49   69   0.059
49   70   0.071
49   71   0.113
49   72   0.019
49   73   0.055
49   74   0.083
49   75   0.019
49   76   0.005
49   77   0.029
49   78   0.192
49   79   0.222
49   80   0.009
49   81   0.069
49   82   0.009
49   83   0.029
50   51   0.064
50   52   0.035
50   53   0.292
50   54   0.054
50   55   0.13
50   56   0.02
50   57   0.087
50   58   0.178
50   59   0.228
50   60   0.036
50   61   0.132
50   62   0.038
50   63   0.107
50   64   0.021
50   65   0.05
50   66   0.084
50   67   0.074
50   68   0.199
50   69   0.049
50   70   0.096
50   71   0.019
50   72   0.077
50   73   0.072
50   74   0.006
50   75   0.003
50   76   0.078
50   77   0.042
50   78   0.012
50   79   0.09
50   80   0.142
50   81   0.022
50   82   0.062
50   83   0.033
51   52   0.122
51   53   0.192
51   54   0.096
51   55   0.16
51   56   0.106
51   57   0.235
51   58   0.022
51   59   0.286
51   60   0.022
51   61   0.012
51   62   0.023
51   63   0.125
51   64   0.015
51   65   0.079
51   66   0.077
51   67   0.075
51   68   0.047
51   69   0.125
51   70   0.029
51   71   0.207
51   72   0.072
51   73   0.009
51   74   0.196
51   75   0.084
51   76   0.002
51   77   0.175
51   78   0.112
51   79   0.003
51   80   0.211
51   81   0.102
51   82   0.031
51   83   0.031
52   53   0.12
52   54   0.021
52   55   0.015
52   56   0.108
52   57   0.057
52   58   0.022
52   59   0.115
52   60   0.068
52   61   0.023
52   62   0.046
52   63   0.036
52   64   0.056
52   65   0.163
52   66   0.006
52   67   0.025
52   68   0.045
52   69   0.02
52   70   0.039
52   71   0.069
52   72   0.064
52   74   0.08
52   75   0.089
52   76   0.046
52   77   0.055
52   78   0.064
52   79   0.017
52   80   0.032
52   81   0.005
52   82   0.136
52   83   0.096
53   54   0.054
53   55   0.1
53   56   0.1
53   57   0.174
53   58   0.063
53   59   0.113
53   60   0.125
53   61   0.099
53   62   0.009
53   63   0.118
53   64   0.016
53   65   0.04
53   66   0.071
53   67   0.056
53   68   0.031
53   69   0.178
53   70   0.001
53   71   0.056
53   72   0.054
53   73   0.003
53   74   0.002
53   75   0.047
53   76   0.005
53   77   0.008
53   78   0.058
53   79   0.018
53   80   0.088
53   81   0.002
53   82   0.181
53   83   0.073
54   55   0.002
54   56   0.103
54   57   0.032
54   58   0.078
54   59   0.044
54   60   0.003
54   61   0.084
54   62   0.035
54   63   0.047
54   64   0.085
54   65   0.07
54   66   0.075
54   67   0.009
54   68   0.008
54   69   0.058
54   70   0.139
54   71   0.101
54   72   0.213
54   73   0.02
54   74   0.058
54   75   0.029
54   76   0.018
54   77   0.03
54   78   0.074
54   79   0.179
54   80   0.008
54   81   0.073
54   82   0.05
54   83   0.027
55   56   0.075
55   57   0.134
55   58   0.124
55   59   0.008
55   60   0.109
55   61   0.009
55   62   0.046
55   63   0.027
55   64   0.141
55   65   0.11
55   66   0.069
55   67   0.096
55   68   0.034
55   69   0.052
55   70   0.011
55   71   0.09
55   72   0.014
55   73   0.061
55   74   0.162
55   75   0.001
55   76   0.015
55   77   0.012
55   78   0.164
55   79   0.079
55   80   0.023
55   81   0.017
55   82   0.109
55   83   0.11
56   57   0.136
56   58   0.062
56   59   0.167
56   60   0.039
56   61   0.048
56   62   0.016
56   63   0.013
56   64   0.129
56   65   0.072
56   66   0.032
56   67   0.086
56   68   0.011
56   69   0.066
56   70   0.102
56   71   0.063
56   72   0.025
56   73   0.05
56   74   0.128
56   75   0.096
56   76   0.078
56   77   0.125
56   78   0.027
56   79   0.108
56   80   0.005
56   81   0.029
56   82   0.015
56   83   0.017
57   58   0.004
57   59   0.128
57   60   0.112
57   61   0.02
57   62   0.123
57   63   0.084
57   64   0.011
57   65   0.106
57   66   0.026
57   67   0.199
57   68   0.012
57   69   0.04
57   70   0.16
57   71   0.036
57   72   0.015
57   73   0.015
57   74   0.025
57   75   0.077
57   76   0.093
57   77   0.065
57   78   0.037
57   79   0.036
57   80   0.003
57   81   0.059
57   82   0.003
57   83   0.216
58   59   0.062
58   60   0.071
58   61   0.132
58   62   0.006
58   63   0.1
58   64   0.047
58   65   0.031
58   66   0.025
58   67   0.011
58   68   0.013
58   69   0.112
58   70   0.005
58   71   0.028
58   72   0.039
58   73   0.011
58   74   0.065
58   75   0.074
58   76   0.197
58   77   0.132
58   78   0.052
58   79   0.058
58   80   0.088
58   82   0.199
58   83   0.143
59   60   0.258
59   61   0.047
59   62   0.085
59   63   0.085
59   64   0.062
59   65   0.015
59   66   0.012
59   67   0.086
59   68   0.084
59   69   0.063
59   70   0.056
59   71   0.137
59   72   0.078
59   73   0.176
59   74   0.088
59   75   0.026
59   76   0.102
59   77   0.004
59   78   0.107
59   79   0.151
59   80   0.074
59   81   0.133
59   82   0.064
59   83   0.033
60   61   0.21
60   62   0.061
60   63   0.062
60   64   0.009
60   65   0.123
60   66   0.035
60   67   0.055
60   68   0.048
60   69   0.032
60   70   0.021
60   71   0.08
60   72   0.033
60   73   0.116
60   74   0.02
60   75   0.064
60   76   0.082
60   77   0.129
60   78   0.014
60   79   0.009
60   80   0.06
60   81   0.065
60   82   0.063
60   83   0.026
61   62   0.221
61   63   0.116
61   64   0.043
61   65   0.014
61   66   0.246
61   67   0.006
61   68   0.088
61   69   0.229
61   70   0.103
61   71   0.053
61   72   0.015
61   73   0.011
61   74   0.034
61   75   0.047
61   76   0.068
61   77   0.126
61   78   0.03
61   79   0.075
61   80   0.1
61   81   0.044
61   82   0.086
61   83   0.066
62   63   0.009
62   64   0.227
62   65   0.15
62   66   0.054
62   67   0.026
62   68   0.092
62   69   0.062
62   70   0.08
62   71   0.077
62   72   0.037
62   73   0.178
62   74   0.14
62   75   0.116
62   76   0.01
62   77   0.029
62   78   0.109
62   79   0.126
62   80   0.049
62   81   0.019
62   82   0.039
62   83   0.1
63   64   0.035
63   65   0.184
63   66   0.014
63   67   0.108
63   68   0.059
63   69   0.027
63   70   0.066
63   71   0.051
63   72   0.007
63   73   0.06
63   74   0.096
63   75   0.047
63   76   0.012
63   77   0.048
63   78   0.074
63   79   0.049
63   80   0.052
63   81   0.094
63   82   0.096
63   83   0.07
64   65   0.014
64   66   0.21
64   67   0.146
64   68   0.01
64   69   0.094
64   70   0.041
64   71   0.052
64   72   0.05
64   73   0.082
64   74   0.004
64   75   0.041
64   76   0.075
64   77   0.187
64   78   0.032
64   79   0.084
64   81   0.173
64   82   0.091
64   83   0.062
65   66   0.078
65   67   0.079
65   68   0.065
65   69   0.137
65   70   0.094
65   71   0.073
65   72   0.06
65   73   0.126
65   74   0.226
65   75   0.027
65   76   0.082
65   77   0.158
65   78   0.113
65   79   0.051
65   80   0.002
65   81   0.118
65   82   0.1
65   83   0.184
66   67   0.052
66   68   0.093
66   69   0.076
66   70   0.08
66   71   0.067
66   72   0.195
66   73   0.184
66   74   0.027
66   75   0.091
66   76   0.153
66   77   0.022
66   78   0.021
66   79   0.184
66   80   0.189
66   81   0.003
66   82   0.005
66   83   0.065
67   68   0.041
67   69   0.004
67   70   0.126
67   71   0.023
67   72   0.118
67   73   0.066
67   74   0.026
67   75   0.094
67   76   0.081
67   77   0.096
67   78   0.068
67   79   0.134
67   80   0.132
67   81   0.078
67   82   0.107
67   83   0.156
68   69   0.183
68   70   0.017
68   71   0.028
68   72   0.002
68   73   0.128
68   74   0.338
68   75   0.047
68   76   0.003
68   77   0.143
68   78   0.087
68   79   0.097
68   80   0.105
68   81   0.096
68   82   0.091
68   83   0.076
69   70   0.117
69   71   0.126
69   72   0.053
69   73   0.024
69   74   0.037
69   75   0.138
69   76   0.046
69   77   0.004
69   78   0.087
69   79   0.017
69   80   0.097
69   81   0.053
69   82   0.105
69   83   0.103
70   71   0.077
70   72   0.147
70   73   0.105
70   74   0.039
70   75   0.008
70   76   0.049
70   77   0.067
70   78   0.215
70   79   0.006
70   80   0.208
70   81   0.037
70   82   0.011
70   83   0.133
71   72   0.032
71   73   0.127
71   74   0.048
71   75   0.117
71   76   0.035
71   77   0.035
71   78   0.13
71   79   0.037
71   80   0.071
71   81   0.011
71   82   0.018
71   83   0.056
72   73   0.106
72   74   0.034
72   75   0.129
72   76   0.015
72   77   0.15
72   78   0.072
72   79   0.063
72   80   0.122
72   81   0.008
72   82   0.159
72   83   0.035
73   74   0.013
73   75   0.065
73   76   0.088
73   77   0.121
73   78   0.001
73   79   0.122
73   80   0.042
73   81   0.137
73   82   0.022
73   83   0.109
74   75   0.036
74   76   0.059
74   77   0.044
74   78   0.081
74   79   0.054
74   80   0.02
74   81   0.122
74   82   0.02
74   83   0.073
75   76   0.006
75   77   0.045
75   78   0.025
75   79   0.074
75   80   0.101
75   81   0.072
75   82   0.074
75   83   0.021
76   77   0.057
76   78   0.053
76   79   0.106
76   80   0.003
76   81   0.095
76   82   0.066
76   83   0.034
77   78   0.032
77   79   0.147
77   80   0.028
77   81   0.083
77   82   0.046
77   83   0.022
78   79   0.08
78   80   0.122
78   81   0.043
78   82   0.099
78   83   0.034
79   80   0.109
79   81   0.091
79   82   0.112
79   83   0.079
80   81   0.151
80   82   0.114
80   83   0.057
81   82   0.058
81   83   0.062
82   83   0.067
