1   7   0.037
1   8   0.159
1   10   0.072
1   14   0.022
1   17   0.017
1   21   0.016
1   23   0.034
1   29   0.162
1   30   0.022
1   34   0.073
2   9   0.021
2   13   0.103
2   17   0.091
2   22   0.143
2   24   0.138
2   25   0.027
2   26   0.118
2   27   0.139
2   36   0.068
2   37   0.02
2   38   0.015
2   44   0.042
2   51   0.05
2   52   0.3
2   62   0.021
2   74   0.037
2   75   0.081
2   76   0.128
3   6   0.037
3   7   0.049
3   8   0.023
3   14   0.1
3   17   0.04
3   19   0.091
3   21   0.052
3   23   0.007
3   24   0.034
3   26   0.035
3   27   0.073
3   28   0.001
3   29   0.007
3   30   0.025
3   34   0.01
3   36   0.085
3   37   0.042
3   38   0.059
3   39   0.056
3   40   0.097
3   43   0.025
3   44   0.045
3   45   0.07
3   51   0.083
3   52   0.135
3   65   0.036
3   66   0.047
3   72   0.074
3   73   0.036
3   75   0.115
3   76   0.133
3   77   0.02
4   6   0.093
4   7   0.034
4   8   0.106
4   9   0.008
4   10   0.15
4   12   0.084
4   14   0.077
4   15   0.024
4   20   0.027
4   24   0.07
4   28   0.068
4   34   0.082
4   36   0.129
4   38   0.087
4   40   0.152
4   47   0.002
4   53   0.091
4   58   0.006
4   61   0.084
4   73   0.032
4   77   0.016
5   6   0.015
5   15   0.015
5   32   0.009
5   40   0.001
5   41   0.125
6   7   0.043
6   8   0.071
6   9   0.18
6   10   0.076
6   12   0.037
6   14   0.067
6   15   0.028
6   20   0.079
6   23   0.071
6   24   0.019
6   28   0.068
6   29   0.028
6   30   0.023
6   32   0.022
6   36   0.105
6   38   0.05
6   40   0.059
6   41   0.121
6   73   0.072
6   77   0.062
7   8   0.074
7   9   0.051
7   10   0.035
7   12   0.008
7   14   0.099
7   15   0.056
7   17   0.035
7   20   0.078
7   21   0.066
7   23   0.029
7   24   0.016
7   26   0.004
7   27   0.059
7   28   0.07
7   29   0.08
7   30   0.085
7   33   0.064
7   34   0.048
7   35   0.075
7   36   0.044
7   38   0.01
7   39   0.002
7   40   0.008
7   43   0.047
7   58   0.031
7   59   0.033
7   73   0.011
7   76   0.01
7   77   0.059
8   10   0.018
8   12   0.098
8   14   0.063
8   15   0.068
8   17   0.062
8   19   0.041
8   20   0.048
8   21   0.137
8   23   0.071
8   24   0.034
8   26   0.047
8   27   0.047
8   28   0.1
8   29   0.015
8   30   0.127
8   34   0.057
8   36   0.026
8   38   0.142
8   40   0.018
8   41   0.142
8   73   0.056
8   77   0.089
9   10   0.081
9   12   0.019
9   14   0.042
9   15   0.002
9   20   0.035
9   22   0.015
9   24   0.07
9   25   0.009
9   26   0.084
9   27   0.068
9   28   0.01
9   29   0.01
9   34   0.104
9   37   0.048
9   38   0.007
9   40   0.129
9   43   0.038
9   45   0.017
9   47   0.097
9   53   0.108
9   56   0.116
9   58   0.011
9   59   0.109
9   61   0.144
9   69   0.094
9   73   0.079
9   76   0.044
9   77   0.065
9   78   0.047
10   12   0.066
10   14   0.086
10   15   0.042
10   20   0.134
10   23   0.111
10   24   0.012
10   28   0.072
10   29   0.017
10   30   0.008
10   34   0.074
10   35   0.014
10   36   0.082
10   38   0.073
10   40   0.135
10   41   0.022
10   43   0.027
10   53   0.048
10   56   0.024
10   58   0.021
10   73   0.026
10   77   0.027
11   13   0.171
11   17   0.048
11   18   0.108
11   19   0.036
11   25   0.044
11   26   0.159
11   27   0.021
11   34   0.041
11   36   0.137
11   37   0.108
11   38   0.196
11   62   0.095
11   75   0.103
11   76   0.106
12   14   0.134
12   15   0.03
12   20   0.031
12   24   0.013
12   28   0.089
12   29   0.032
12   34   0.109
12   36   0.141
12   38   0.066
12   40   0.028
12   41   0.12
12   47   0.021
12   53   0.096
12   59   0.028
12   73   0.136
12   77   0.003
13   22   0.027
13   25   0.067
13   26   0.176
13   27   0.009
13   31   0.084
13   34   0.187
13   37   0.024
13   38   0.121
13   44   0.021
13   62   0.064
13   74   0.003
13   75   0.056
13   76   0.026
14   17   0.119
14   19   0.01
14   20   0.087
14   21   0.206
14   23   0.133
14   24   0.049
14   26   0.04
14   27   0.065
14   28   0.089
14   29   0.061
14   30   0.129
14   33   0.038
14   34   0.065
14   36   0.101
14   38   0.133
14   40   0.096
14   41   0.007
14   43   0.082
14   73   0.045
14   77   0.005
15   20   0.1
15   22   0.021
15   24   0.01
15   27   0.085
15   28   0.038
15   36   0.121
15   40   0.084
15   73   0.172
15   77   0.056
16   17   0.091
16   21   0.085
16   22   0.052
16   23   0.146
16   24   0.043
16   27   0.055
16   28   0.008
16   34   0.018
16   36   0.048
16   37   0.045
16   38   0.065
16   39   0.072
16   40   0.016
16   45   0.03
16   52   0.033
16   65   0.018
16   70   0.053
16   71   0.022
16   72   0.009
16   73   0.122
16   76   0.03
16   77   0.005
17   18   0.185
17   19   0.153
17   21   0.076
17   23   0.121
17   24   0.071
17   26   0.084
17   27   0.084
17   28   0.121
17   29   0.028
17   30   0.1
17   33   0.057
17   34   0.114
17   36   0.116
17   37   0.102
17   38   0.024
17   39   0.041
17   51   0.02
17   52   0.009
17   72   0.069
17   75   0.009
17   76   0.047
18   19   0.045
18   23   0.108
18   26   0.004
18   27   0.009
18   34   0.052
18   36   0.013
18   37   0.113
18   38   0.18
18   75   0.085
18   76   0.03
19   23   0.093
19   26   0.035
19   27   0.093
19   29   0.033
19   30   0.068
19   34   0.06
19   36   0.077
19   37   0.029
19   38   0.112
19   39   0.06
19   51   0.151
19   75   0.051
19   76   0.067
20   24   0.037
20   28   0.066
20   29   0.009
20   34   0.122
20   36   0.05
20   38   0.083
20   40   0.127
20   53   0.003
20   58   0.081
20   59   0.004
20   61   0.241
20   73   0.11
20   77   0.069
21   22   0.034
21   23   0.155
21   24   0.015
21   26   0.062
21   27   0.051
21   28   0.034
21   30   0.092
21   33   0.013
21   34   0.1
21   35   0.01
21   36   0.054
21   37   0.086
21   38   0.008
21   39   0.008
21   40   0.021
21   43   0.065
21   45   0.052
21   65   0.061
21   70   0.11
21   71   0.045
21   72   0.043
21   73   0.017
21   76   0.02
21   77   0.159
21   78   0.035
21   79   0.078
21   84   0.03
22   23   0.028
22   24   0.063
22   25   0.034
22   26   0.113
22   27   0.087
22   28   0.058
22   36   0.091
22   37   0.119
22   38   0.129
22   40   0.101
22   43   0.026
22   52   0.053
22   65   0.006
22   70   0.06
22   71   0.057
22   72   0.022
22   73   0.112
22   75   0.028
22   76   0.024
22   77   0.082
23   24   0.055
23   26   0.11
23   27   0.053
23   28   0.045
23   29   0.002
23   30   0.13
23   33   0.021
23   34   0.107
23   35   0.086
23   36   0.018
23   37   0.024
23   38   0.026
23   39   0.042
23   40   0.061
23   43   0.058
23   45   0.028
23   46   0.049
23   52   0.019
23   65   0.079
23   70   0.08
23   71   0.053
23   72   0.055
23   73   0.057
23   76   0.094
23   77   0.166
23   79   0.021
23   84   0.034
24   25   0.062
24   26   0.022
24   27   0.018
24   28   0.041
24   29   0.022
24   30   0.061
24   33   0.093
24   34   0.001
24   35   0.034
24   36   0.048
24   37   0.238
24   38   0.076
24   39   0.027
24   40   0.018
24   41   0.105
24   43   0.039
24   45   0.052
24   47   0.024
24   51   0.084
24   52   0.22
24   53   0.015
24   55   0.104
24   56   0.066
24   58   0.026
24   59   0.024
24   61   0.01
24   63   0.08
24   65   0.001
24   70   0.105
24   71   0.041
24   72   0.034
24   73   0.017
24   75   0.152
24   76   0.165
24   77   0.056
24   78   0.029
24   79   0.133
24   83   0.033
24   84   0.019
25   26   0.053
25   27   0.002
25   31   0.067
25   37   0.061
25   38   0.015
25   45   0.061
25   51   0.223
25   62   0.024
25   74   0.063
25   75   0.054
25   76   0.045
26   27   0.09
26   28   0.01
26   29   0.084
26   30   0.016
26   31   0.026
26   34   0.08
26   35   0.053
26   36   0.062
26   37   0.015
26   38   0.058
26   39   0.033
26   43   0.029
26   44   0.083
26   45   0.051
26   46   0.094
26   51   0.15
26   52   0.036
26   60   0.012
26   62   0.046
26   66   0.085
26   67   0.019
26   68   0.013
26   71   0.175
26   72   0.043
26   73   0.013
26   74   0.024
26   75   0.123
26   76   0.123
26   80   0.108
26   83   0.102
26   84   0.03
27   28   0.033
27   29   0.037
27   30   0.11
27   31   0.126
27   34   0.026
27   35   0.042
27   36   0.047
27   37   0.043
27   38   0.01
27   39   0.062
27   40   0.044
27   43   0.035
27   44   0.066
27   45   0.017
27   46   0.091
27   51   0.162
27   52   0.172
27   56   0.021
27   58   0.15
27   60   0.1
27   65   0.124
27   66   0.014
27   67   0.051
27   68   0.022
27   70   0.113
27   71   0.06
27   72   0.18
27   73   0.099
27   74   0.059
27   75   0.087
27   76   0.082
27   77   0.183
27   79   0.038
27   80   0.054
27   83   0.078
27   84   0.007
28   29   0.004
28   30   0.008
28   33   0.059
28   34   0.073
28   35   0.093
28   36   0.112
28   37   0.169
28   38   0.054
28   39   0.04
28   40   0.057
28   41   0.075
28   43   0.084
28   45   0.068
28   47   0.08
28   52   0.006
28   53   0.118
28   55   0.003
28   56   0.142
28   57   0.067
28   58   0.017
28   59   0.028
28   61   0.06
28   63   0.03
28   65   0.138
28   69   0.103
28   70   0.125
28   71   0.001
28   72   0.028
28   73   0.066
28   76   0.004
28   77   0.111
28   78   0.031
28   79   0.019
28   83   0.138
28   84   0.035
29   30   0.061
29   32   0.09
29   33   0.175
29   34   0.121
29   36   0.031
29   38   0.025
29   40   0.163
29   43   0.063
29   73   0.068
29   77   0.021
30   33   0.043
30   34   0.001
30   36   0.049
30   38   0.101
30   39   0.069
30   40   0.044
30   65   0.073
30   70   0.049
30   76   0.156
31   37   0.13
31   38   0.001
31   62   0.015
31   75   0.053
31   76   0.007
31   80   0.073
32   34   0.02
32   36   0.032
32   40   0.088
32   41   0.029
33   34   0.067
33   38   0.083
34   36   0.01
34   37   0.029
34   38   0.129
34   39   0.069
34   40   0.026
34   41   0.05
34   73   0.031
34   75   0.019
34   76   0.027
34   77   0.006
35   36   0.184
35   37   0.089
35   38   0.173
35   39   0.001
35   41   0.147
35   43   0.128
35   44   0.084
35   45   0.059
35   46   0.049
35   72   0.067
35   76   0.07
35   77   0.046
35   84   0.004
36   37   0.169
36   38   0.176
36   39   0.128
36   40   0.017
36   41   0.081
36   43   0.033
36   44   0.081
36   45   0.069
36   46   0.099
36   47   0.106
36   51   0.087
36   52   0.003
36   56   0.167
36   58   0.021
36   65   0.148
36   70   0.049
36   71   0.067
36   72   0.163
36   73   0.047
36   75   0.028
36   76   0.04
36   77   0.074
36   83   0.064
36   84   0.1
37   38   0.056
37   39   0.121
37   40   0.005
37   43   0.062
37   44   0.012
37   45   0.031
37   51   0.022
37   52   0.009
37   62   0.006
37   74   0.043
37   75   0.075
37   76   0.022
37   80   0.045
37   84   0.126
38   39   0.059
38   40   0.113
38   41   0.142
38   43   0.043
38   44   0.072
38   45   0.095
38   46   0.03
38   51   0.039
38   52   0.012
38   56   0.086
38   62   0.067
38   65   0.116
38   71   0.156
38   72   0.258
38   73   0.009
38   75   0.015
38   76   0.071
38   83   0.048
38   84   0.1
39   40   0.087
39   43   0.019
39   72   0.021
39   73   0.04
39   75   0.033
39   76   0.028
39   77   0.039
39   84   0.013
40   41   0.007
40   43   0.001
40   47   0.003
40   58   0.068
40   59   0.148
40   61   0.012
40   73   0.148
40   77   0.122
43   44   0.046
43   45   0.174
43   46   0.1
43   47   0.005
43   48   0.034
43   51   0.101
43   52   0.057
43   53   0.059
43   55   0.122
43   56   0.116
43   57   0.042
43   58   0.022
43   59   0.147
43   61   0.129
43   63   0.052
43   64   0.034
43   65   0.046
43   67   0.029
43   68   0.002
43   69   0.079
43   70   0.051
43   71   0.093
43   72   0.038
43   73   0.001
43   75   0.025
43   76   0.021
43   77   0.077
43   78   0.029
43   79   0.015
43   83   0.149
43   84   0.166
44   45   0.144
44   46   0.102
44   47   0.042
44   49   0.119
44   51   0.08
44   52   0.095
44   56   0.027
44   60   0.069
44   62   0.021
44   65   0.052
44   66   0.197
44   67   0.119
44   68   0.005
44   70   0.078
44   71   0.068
44   72   0.07
44   73   0.186
44   75   0.049
44   76   0.051
44   77   0.166
44   80   0.04
44   83   0.076
44   84   0.065
45   46   0.162
45   47   0.138
45   48   0.194
45   49   0.123
45   50   0.187
45   51   0.017
45   52   0.031
45   53   0.057
45   55   0.057
45   56   0.123
45   57   0.166
45   58   0.011
45   59   0.155
45   60   0.082
45   61   0.068
45   62   0.163
45   63   0.179
45   65   0.02
45   66   0.083
45   67   0.148
45   68   0.012
45   69   0.057
45   70   0.028
45   71   0.082
45   72   0.057
45   73   0.023
45   74   0.079
45   75   0.074
45   76   0.054
45   77   0.016
45   78   0.117
45   79   0.072
45   80   0.086
45   82   0.107
45   83   0.099
45   84   0.038
46   47   0.058
46   48   0.04
46   52   0.049
46   56   0.01
46   63   0.011
46   65   0.015
46   66   0.127
46   67   0.061
46   68   0.066
46   70   0.06
46   72   0.042
46   73   0.078
46   75   0.069
46   76   0.042
46   77   0.022
46   79   0.049
46   83   0.091
46   84   0.028
47   48   0.026
47   52   0.014
47   53   0.063
47   54   0.051
47   55   0.055
47   56   0.048
47   57   0.175
47   58   0.15
47   59   0.156
47   61   0.043
47   63   0.066
47   64   0.064
47   69   0.115
47   71   0.079
47   72   0.031
47   73   0.003
47   76   0.136
47   77   0.019
47   78   0.196
47   79   0.091
47   81   0.091
47   83   0.103
47   84   0.078
48   54   0.015
48   55   0.14
48   57   0.223
48   59   0.124
48   61   0.108
48   63   0.002
48   73   0.027
48   77   0.116
48   81   0.039
48   83   0.147
49   60   0.094
50   56   0.01
50   57   0.164
50   59   0.028
50   63   0.023
50   75   0.083
50   77   0.005
50   78   0.029
50   79   0.192
50   83   0.009
51   58   0.087
51   62   0.132
51   68   0.074
51   71   0.096
51   73   0.077
51   74   0.072
51   75   0.006
51   76   0.003
52   56   0.16
52   59   0.022
52   66   0.079
52   68   0.075
52   70   0.125
52   72   0.207
52   73   0.072
52   75   0.196
52   76   0.084
52   77   0.002
52   79   0.112
52   83   0.031
52   84   0.031
53   55   0.021
53   56   0.015
53   57   0.108
53   58   0.057
53   59   0.022
53   61   0.068
53   63   0.046
53   69   0.045
53   73   0.064
53   77   0.046
53   78   0.055
53   83   0.136
54   55   0.054
54   64   0.118
55   56   0.002
55   57   0.103
55   58   0.032
55   59   0.078
55   61   0.003
55   63   0.035
55   64   0.047
55   69   0.008
55   73   0.213
55   77   0.018
55   78   0.03
55   83   0.05
56   57   0.075
56   58   0.134
56   59   0.124
56   61   0.109
56   63   0.046
56   64   0.027
56   66   0.11
56   68   0.096
56   69   0.034
56   70   0.052
56   72   0.09
56   73   0.014
56   75   0.162
56   76   0.001
56   77   0.015
56   78   0.012
56   79   0.164
56   82   0.017
56   83   0.109
57   59   0.062
57   61   0.039
57   63   0.016
57   64   0.013
57   66   0.072
57   69   0.011
57   70   0.066
57   72   0.063
57   73   0.025
57   75   0.128
57   76   0.096
57   77   0.078
57   78   0.125
57   79   0.027
57   83   0.015
58   59   0.004
58   61   0.112
58   63   0.123
58   64   0.084
58   69   0.012
58   71   0.16
58   73   0.015
58   74   0.015
58   76   0.077
58   77   0.093
58   78   0.065
58   83   0.003
59   61   0.071
59   63   0.006
59   64   0.1
59   69   0.013
59   73   0.039
59   77   0.197
59   78   0.132
59   83   0.199
60   62   0.047
60   66   0.015
60   67   0.012
60   68   0.086
60   75   0.088
60   76   0.026
60   83   0.064
61   63   0.061
61   64   0.062
61   69   0.048
61   73   0.033
61   77   0.082
61   78   0.129
61   83   0.063
62   74   0.011
62   75   0.034
62   76   0.047
62   83   0.086
63   66   0.15
63   68   0.026
63   69   0.092
63   70   0.062
63   72   0.077
63   73   0.037
63   75   0.14
63   76   0.116
63   77   0.01
63   78   0.029
63   79   0.109
63   83   0.039
64   69   0.059
64   71   0.066
64   73   0.007
64   76   0.047
64   77   0.012
65   70   0.094
65   71   0.041
65   72   0.052
65   73   0.05
65   76   0.041
65   77   0.075
65   79   0.032
65   83   0.091
65   84   0.062
66   67   0.078
66   68   0.079
66   70   0.137
66   72   0.073
66   73   0.06
66   75   0.226
66   76   0.027
66   77   0.082
66   78   0.158
66   79   0.113
66   83   0.1
67   68   0.052
67   70   0.076
67   72   0.067
67   75   0.027
67   76   0.091
67   83   0.005
68   70   0.004
68   72   0.023
68   75   0.026
68   76   0.094
68   77   0.081
68   79   0.068
68   83   0.107
69   73   0.002
69   77   0.003
69   78   0.143
69   83   0.091
70   71   0.117
70   72   0.126
70   73   0.053
70   75   0.037
70   76   0.138
70   77   0.046
70   78   0.004
70   79   0.087
70   82   0.053
70   83   0.105
70   84   0.103
71   72   0.077
71   73   0.147
71   74   0.105
71   76   0.008
71   77   0.049
72   73   0.032
72   75   0.048
72   76   0.117
72   77   0.035
72   78   0.035
72   79   0.13
72   83   0.018
72   84   0.056
73   74   0.106
73   76   0.129
73   77   0.015
73   78   0.15
73   79   0.072
73   83   0.159
73   84   0.035
74   76   0.065
75   76   0.036
75   77   0.059
75   78   0.044
75   79   0.081
75   80   0.054
75   83   0.02
75   84   0.073
76   77   0.006
76   78   0.045
76   79   0.025
76   80   0.074
76   83   0.074
76   84   0.021
77   78   0.057
77   79   0.053
77   82   0.095
77   83   0.066
77   84   0.034
78   79   0.032
78   81   0.028
78   82   0.083
78   83   0.046
79   82   0.043
79   83   0.099
81   83   0.114
82   83   0.058
