1   7   0.0765166527210694
1   8   0.032008694805836
1   10   0.0450867957942866
1   14   0.0916499462891074
1   17   0.12517558343531396
1   21   0.055626196050829635
1   23   0.03151462221575019
1   28   0.13333959441467397
1   29   0.11549544978915122
1   30   0.17092558398615113
1   34   0.02205063647813108
2   9   0.028820909914027183
2   13   0.004635481619281694
2   17   0.03541171109260622
2   19   0.15428864986573498
2   22   0.050671151564679114
2   24   0.011284142747666384
2   25   0.11689061692996713
2   26   0.09264691212805479
2   27   0.07213821084906982
2   34   0.013832065346156105
2   36   0.009742487377706867
2   37   0.03940934851084191
2   38   0.12961242990597113
2   43   0.09629807798827457
2   44   0.005089241874163357
2   51   0.001125955636000121
2   52   0.017535275253671333
2   62   0.0145872103628059
2   74   0.17346022822392343
2   75   0.06297048885731167
2   76   0.06522891274219918
3   6   0.10369013757702464
3   7   0.1742071880529874
3   8   0.07144872155807128
3   14   0.020897661032296205
3   17   0.060120166097847615
3   19   0.16933629770193045
3   21   0.13635493647787572
3   23   0.08121464777220806
3   24   0.023694903776413284
3   26   0.10729508941961638
3   27   0.061775174695920206
3   28   0.12488852818445847
3   29   0.01632197179951508
3   30   0.10952181369308436
3   34   0.04948980406679637
3   36   0.1472541768891333
3   37   0.014678968757270696
3   38   0.12141381738333507
3   39   0.05823303136431695
3   40   0.08574378945710008
3   43   0.03392358439204815
3   44   0.06437073783686291
3   45   0.004902203379052047
3   46   0.05787729877412003
3   51   0.05684188637009721
3   52   0.06592701371309147
3   65   0.023740695690763335
3   66   0.07587966377217366
3   72   0.09268821312164455
3   73   0.05945008066760686
3   75   0.04551223906154481
3   76   0.015191057272440803
3   77   0.049999720567892036
4   6   0.01794916520486007
4   7   0.17696176061856556
4   8   0.06803789303794877
4   9   0.10556859030639333
4   10   0.1411282842449822
4   12   0.07967483812076522
4   14   0.18643714187581845
4   15   0.10411803144183855
4   20   0.0714177361087141
4   24   0.18065751579360093
4   28   0.03340832789080214
4   29   0.15498533409342788
4   34   0.006049314986240808
4   36   0.16156427994552355
4   38   0.09016690221266087
4   40   0.02298086675526798
4   47   0.05365646301113108
4   53   0.07055153402057178
4   58   0.17831158833840074
4   61   0.08952000430439636
4   73   0.0526142242452445
4   77   0.0654397898451165
5   6   0.08781032648201922
5   15   0.04891373102448105
5   32   0.15951011012931576
5   40   0.038495849614983715
5   41   0.05541466733817181
6   7   0.1685027412923727
6   8   0.058989837722324204
6   9   0.026764538957476047
6   10   0.011112278885069419
6   12   0.10661769489826982
6   14   0.07070577872255403
6   15   0.16116091606775781
6   20   0.040773120716534515
6   23   0.10832996936196529
6   24   0.07497456769591641
6   28   0.06002151685526883
6   29   0.05197958317623315
6   30   0.09122510333333825
6   34   0.17260487199896313
6   36   0.10413383929093202
6   38   0.08618004827369719
6   40   0.04895058632526629
6   41   0.043320092342024934
6   73   0.04257575144649307
6   77   0.01925541402663224
7   8   0.10260396547968062
7   9   0.061012677648852834
7   10   0.1045661136230925
7   12   0.058897079328538784
7   14   0.014852364003360886
7   15   0.028116981847090015
7   17   0.058785214504838694
7   20   0.1972466477410249
7   21   0.013208064171899424
7   23   0.07615332098147065
7   24   0.06104338842056126
7   26   0.01069493907993952
7   27   0.050804207107869384
7   28   0.06889792338856818
7   29   0.012136526402364657
7   30   0.030351070879977064
7   33   0.06464734336329392
7   34   0.08024301433019469
7   35   0.11029824683851687
7   36   0.11329314053129715
7   38   0.04516124197521643
7   39   0.1041084615303902
7   40   0.05882528389950121
7   43   0.19699921406792492
7   58   0.04965082481925257
7   59   0.019162263515823483
7   73   0.08742345032095146
7   76   0.012575815380117879
7   77   0.0816488891405358
8   10   0.048277256418370634
8   12   0.10428840227009303
8   14   0.1253910238472943
8   15   0.015857668036204947
8   17   0.015749014247762066
8   19   0.07958142120829448
8   20   0.06431672893870718
8   21   0.02384159567016721
8   23   0.10345840962635343
8   24   0.0843765049328908
8   26   0.14041775008668436
8   27   0.07618002133944243
8   28   0.1489177906461075
8   29   0.07629168735514458
8   30   0.026844835010288372
8   34   0.0066203863223161016
8   36   0.03831153783016098
8   38   0.008375382690374978
8   39   0.08030579464991687
8   40   0.045980190847019445
8   41   0.08903152404620193
8   73   0.04525390338676056
8   77   0.07415488438415409
9   10   0.03854367236579721
9   12   0.1172568054776885
9   14   0.03361618323659088
9   15   0.055865938689115366
9   20   0.05684935210631067
9   22   0.07481098200587483
9   24   0.0485948442643909
9   25   0.04861485429261355
9   26   0.14958395377681236
9   27   0.026216892179054
9   28   0.019021112525467402
9   29   0.10755399824265664
9   34   0.044853240227395695
9   36   0.14949396512881702
9   37   0.1753634875578513
9   38   0.07861672767133604
9   40   0.08320221838273277
9   43   0.1352150343011813
9   45   0.14618032089891925
9   47   0.01058043114078066
9   53   0.025773853660501403
9   56   0.03152082995394001
9   58   0.009702394719237846
9   59   0.013787582695719563
9   61   0.007175145699294666
9   69   0.019575470973799025
9   73   0.00985789747330878
9   76   0.10178142850754132
9   77   0.04834280383223875
9   78   0.1585258480123297
10   12   0.03892694648055914
10   14   0.07517553263513718
10   15   0.04860928769476066
10   20   0.0594415100179729
10   24   0.16505213213307132
10   28   0.09545875672193907
10   29   0.08176990457597927
10   30   0.1037708486718872
10   34   0.034149351647781025
10   35   0.07194478973983774
10   36   0.08543419100046251
10   38   0.09040454936204577
10   40   0.07786000241762413
10   41   0.022653086300646563
10   43   0.022716357738162475
10   53   0.1204067294840018
10   56   0.053578569358776085
10   58   0.08586824184871629
10   73   0.0305750377879386
10   77   0.020562966618825916
11   13   0.03479375814262257
11   17   0.028120334820537114
11   18   0.11634017409842377
11   19   0.038825856939174425
11   25   0.06430940931795029
11   26   0.027095466278374686
11   27   0.020532899242490518
11   34   0.007117520403407805
11   36   0.025463742413696894
11   37   0.03601261266357632
11   38   0.07828643007461542
11   62   0.08210847681590137
11   75   0.022023551709984743
11   76   0.01054145952048606
12   14   0.08993520676420592
12   15   0.03317903720138938
12   20   0.004837261021994166
12   24   0.06125445098862195
12   28   0.13351513219479616
12   29   0.21415519472659825
12   34   0.0900741714759526
12   36   0.12454404682344257
12   38   0.07022318666037412
12   40   0.12711122918545212
12   41   0.03351342497860903
12   53   0.009419928100332306
12   58   0.1393750450058796
12   59   0.0192346697061159
12   73   0.032246869027373185
12   77   0.03715489053139148
13   22   0.11956858457646882
13   25   0.0038241223214583327
13   26   0.2240352770877214
13   27   0.004412239794284366
13   31   0.0011541701916162462
13   34   0.06540454052304587
13   37   0.0074121739380466865
13   38   0.1511367669467341
13   44   0.06035561464130627
13   45   0.09257939326311938
13   62   0.06821627563266885
13   74   0.12867293682636696
13   75   0.004108148243424582
13   76   0.012423073005203837
14   17   0.026235032849933823
14   19   0.10431523433255664
14   20   0.05780664605853703
14   21   0.009715712557147451
14   23   0.050687957687495865
14   24   0.07492026569517207
14   26   0.08928900848747207
14   27   0.0186712794324155
14   28   0.16574850144136888
14   29   0.08277164155999406
14   30   0.04066108745270621
14   34   0.029722464998165436
14   36   0.06952925828094259
14   38   0.06700182632220847
14   40   0.029210831409477524
14   41   0.010440551373525831
14   73   0.09290737420973087
14   77   0.009305724457264419
15   20   0.014215070997975001
15   22   0.09209177997534682
15   24   0.09233688688339241
15   27   0.06289854661910309
15   28   0.0547653064677814
15   29   0.0707357722412995
15   36   0.08032528336800797
15   40   0.044257590229035026
15   73   0.035039747893768056
15   77   0.019649319680311743
16   21   0.0639033985064975
16   22   0.007188046179276984
16   23   0.08051883741786464
16   24   0.09524938932858851
16   27   0.041286765229708484
16   28   0.008657760211443453
16   34   0.0031409201879731546
16   36   0.05135030397223031
16   37   0.02630834736281461
16   38   0.007172907973289113
16   39   0.009532805355067184
16   40   0.008696523234860476
16   43   0.06787690177691005
16   45   0.011857264988247664
16   52   0.004214278065940425
16   65   0.0026598857937463432
16   70   0.09295071324529962
16   71   0.08532585235970724
16   72   0.006640762361947017
16   73   0.03670965512690619
16   76   0.013963904910309523
16   77   0.09943979162375392
16   79   0.099074720066795
17   18   0.028664757392935614
17   19   0.2497394776032566
17   21   0.11763211610027238
17   23   0.04638723212064019
17   24   0.12879133729677134
17   26   0.052493659359266774
17   27   0.04937786422592005
17   28   0.14509808702986055
17   29   0.023999236180756934
17   30   0.03714008134909039
17   33   0.01877193157743838
17   34   0.06972767833332623
17   36   0.026230364217270298
17   37   0.02835574647186181
17   38   0.014129468897235063
17   39   0.08566774131156933
17   43   0.03524617241915316
17   51   0.05241063701069239
17   52   0.034268462263168036
17   66   0.03541109097546338
17   72   0.015452631649113141
17   75   0.05491140668513173
17   76   0.028272386461367153
18   19   0.08441874392207635
18   23   0.015138185805322439
18   26   0.03246242351957746
18   27   0.10098571242427688
18   34   0.02493170728286239
18   36   0.016674666430740965
18   37   0.06363618884471023
18   38   0.1595564394266184
18   39   0.01972381927922232
18   75   0.12241973075416848
18   76   0.1499288021089972
19   23   0.08351278783482288
19   26   0.17925999011289032
19   27   0.10423022436778334
19   29   0.06629511714292317
19   30   0.009740464315506198
19   34   0.051681284211392724
19   36   0.047506907842784836
19   37   0.040041242265946804
19   38   0.03011859831866414
19   39   0.04808057638600472
19   51   0.18184107384337872
19   75   0.05344364024907159
19   76   0.12389767638777462
20   24   0.07880514135393116
20   28   0.10966448052197594
20   29   0.13631234739045203
20   34   0.013173880984990349
20   36   0.06733143090835737
20   38   0.13642713332107723
20   40   0.008920055420182378
20   53   0.07510004705507047
20   58   0.16857337271370174
20   61   0.0038963434711030477
20   73   0.014782383046106127
20   77   0.04817981801971949
21   22   0.06648343352223367
21   23   0.05183374766718311
21   24   0.007303654038733401
21   26   0.03209189648545804
21   27   0.08911098625293631
21   28   0.01682350103834911
21   29   0.01081341372563281
21   30   0.052015196587765496
21   33   0.02179333275697533
21   34   0.04738599621596608
21   35   0.020665474093882537
21   36   0.056487863877281747
21   37   0.03142828860808874
21   38   0.01964478832297689
21   39   0.017613190317627734
21   40   0.030321603489408742
21   43   0.06735417365811003
21   45   0.04148646124369017
21   65   0.01644927812136027
21   70   0.008229097457319534
21   71   0.0508907330662545
21   72   0.07756992893250594
21   73   0.11279609860762767
21   76   0.05250315429093691
21   77   0.029740894415455903
21   78   0.07033716912436622
21   79   0.0019214773341546315
21   84   0.007990565047776583
22   23   0.008442187330018464
22   24   0.11622047727622227
22   25   0.26141281156118534
22   27   0.07326488335270197
22   28   0.03608140432772172
22   36   0.07234674505942638
22   37   0.17782912809627588
22   38   0.10754380388489707
22   43   0.023475954300399428
22   52   0.012080183515663357
22   65   0.09038512247924514
22   70   0.09458754255522019
22   71   0.00201650295966165
22   72   0.10692090581083878
22   73   0.010282273102363673
22   75   0.09081695905776266
22   76   0.06056245712475551
22   77   0.10686821746257841
23   24   0.19255297895160825
23   26   0.08755346956280809
23   27   0.05774064513446665
23   28   0.05206700304309333
23   29   0.0957795644583909
23   30   0.04709770803545316
23   33   0.02963379143155164
23   34   0.011653849512032242
23   35   0.05773245273380592
23   36   0.005703758066114153
23   37   0.010447118733443303
23   38   0.22012964194777082
23   39   0.15452012792995004
23   40   0.03122091856247933
23   43   0.09496910026539868
23   45   0.004926167712482996
23   46   0.026967440869693913
23   52   0.051521631373626434
23   65   0.031707499147872444
23   70   0.011391178232626639
23   71   0.052475481542956316
23   72   0.07092111122146542
23   73   0.07725247657959759
23   76   0.0022039475438351552
23   77   0.042574683439577765
23   84   0.055566014567252894
24   25   0.11929517090696094
24   26   0.033450280383685416
24   27   0.05102960477503707
24   28   0.11018338261122343
24   29   0.011521306517360717
24   30   0.08525153951566165
24   33   0.08074680982947201
24   34   0.05251891479874002
24   36   0.09436333322091892
24   37   0.1252956472317607
24   38   0.1377073206293651
24   39   0.09562299854603319
24   40   0.05232328073086871
24   43   0.09022024401490043
24   45   0.034033207878306646
24   46   0.06170818610170472
24   47   0.08017625204100112
24   51   0.003040078798963249
24   52   0.06156796501496499
24   53   0.04739215912216282
24   55   0.009386782675206465
24   56   0.14624289983154606
24   58   0.01676554007372132
24   59   0.07422410527912113
24   61   0.010230719980539623
24   63   0.11085908831443025
24   65   0.14103752216289328
24   70   0.08566069249630928
24   71   0.008133523907073871
24   72   0.06442715846437223
24   73   0.027584901326613568
24   76   0.10415218681340463
24   77   0.0756956777299622
24   78   0.052288135278905995
24   79   0.10706748830487287
24   83   0.05158044623394922
24   84   0.022517930965254097
25   26   0.008449595656251906
25   27   0.05609992164637549
25   31   0.030121151562033755
25   37   0.017426562172485914
25   38   0.009754569048645306
25   45   0.059623033337424095
25   51   0.0862231086602577
25   62   0.08411757790876609
25   74   0.14857141193436701
25   75   0.14025941030989855
25   76   0.03230798645548153
26   27   0.1653668669634572
26   28   0.012681072830094082
26   29   0.06971864844779371
26   30   0.034373703890322634
26   31   0.05411585980799464
26   34   0.02773133864928739
26   36   0.14186891856725345
26   37   0.04432183756361539
26   38   0.21959677176897288
26   39   0.06649693998488096
26   43   0.021130119956293207
26   44   0.0029205133994628487
26   45   0.038681869644216924
26   46   0.050483236284530816
26   51   0.22663957444265417
26   52   0.08085153892276964
26   60   0.0921302666613266
26   62   0.006228685210416664
26   66   0.025930705556982174
26   67   0.05178106671884957
26   68   0.020385489088939605
26   72   0.04284456544566797
26   73   0.09139884488488664
26   74   0.1710236490333682
26   75   0.04381304941464146
26   76   0.03568309219418639
26   80   0.010494831053612914
26   83   0.09950098944164432
26   84   0.09239105760838952
27   28   0.09115998567979434
27   29   0.07110595376967324
27   30   0.045940882175507146
27   31   0.06065848443156515
27   34   0.024827387182033082
27   35   0.0013813486746779315
27   36   0.008623629443511308
27   37   0.0823856987940055
27   38   0.08075922600165994
27   39   0.13414392791429836
27   40   0.03823715718825436
27   43   0.0162133907484841
27   44   0.03008079428508821
27   45   0.05804846904623163
27   46   0.006834721377646738
27   51   0.1650960985051591
27   52   0.07349117282700493
27   56   0.01394974557216376
27   58   0.024895920529708855
27   60   0.06450408213337194
27   62   0.07893929638740423
27   65   0.060315092768069
27   66   0.1695676845896362
27   67   0.06773086727864407
27   68   0.06882408548770218
27   70   0.037345703487763414
27   71   0.18454613668608633
27   72   0.06390066360988315
27   73   0.029667849563013694
27   74   0.15159629206392902
27   75   0.056120146787379775
27   76   0.030079950134642538
27   77   0.11881593892153393
27   79   0.040169643100994315
27   80   0.044608535220990404
27   83   0.09984252124428228
27   84   0.03445162043208032
28   29   0.06269743965131579
28   30   0.027664482488591522
28   33   0.015562440953850001
28   34   0.07056454677887841
28   35   0.06073819999515623
28   36   0.07250623192430682
28   37   0.047480162671214333
28   38   0.16035533107653957
28   39   0.11612515748523232
28   40   0.05568817884823846
28   41   0.037258638514236865
28   43   0.07881409710502361
28   45   0.08242941343203433
28   47   0.10823681172970621
28   52   0.043420068670651964
28   53   0.1228612144715509
28   55   0.08641433938963727
28   56   0.14340772865749016
28   57   0.06968054506552258
28   58   0.014627345434872513
28   59   0.009278755229486202
28   61   0.011151139661655951
28   63   0.0771242663078148
28   65   0.06561227577733976
28   69   0.08664249114063474
28   70   0.0495200818080647
28   71   0.06097065001812952
28   72   0.026489134047063528
28   73   0.03150950096136379
28   76   0.006308188844885956
28   77   0.009015966899726741
28   78   0.04738025495391815
28   79   0.03235516549021891
28   83   0.05892436457161994
28   84   0.044372415399307884
29   30   0.04205364790004562
29   32   0.13588948436041556
29   33   0.1446923260820149
29   34   0.0018468371650912706
29   36   0.06723471454485337
29   38   0.06113538431927692
29   40   0.012123600412729094
29   43   0.10094228096911836
29   45   0.07832463816427776
29   73   0.04068286692089447
29   77   0.06534355570343882
30   33   0.0014419982269829733
30   34   0.019481836584708208
30   36   0.009312519275623127
30   38   0.07056514951838434
30   39   0.10929866625826519
30   40   0.04584772036655028
30   72   0.05606979050133632
30   76   0.003630393538072952
31   37   0.12076474658007086
31   38   0.09183757024327509
31   62   0.13342460364754738
31   75   0.05954262447391357
31   76   0.0075702349359739836
31   80   0.029027379319019185
32   34   0.026129947775747803
32   36   0.04432707440215702
32   41   0.003271460749526195
33   34   0.08896929256666732
33   38   0.1369978432943638
34   36   0.0005569339869074242
34   37   0.026236494166855556
34   38   0.010616337389096644
34   39   0.00032442800819092643
34   40   0.038089045415638
34   41   0.010775783613712663
34   45   0.034530968774114816
34   73   0.10464397962584188
34   75   0.07147568451461343
34   76   0.008253795667993164
34   77   0.029031987768100835
35   36   0.021855680174954602
35   37   0.018768390255016653
35   38   0.10411412247681825
35   39   0.040126772810961206
35   41   0.09374587412790057
35   43   0.10677074586389027
35   44   0.03979776874907178
35   46   0.08159031843897753
35   72   0.020765935480778014
35   76   0.026683420528375162
35   77   0.02575519567235953
35   84   0.06807919631969529
36   37   0.05188315263417767
36   38   0.04475711446096107
36   39   0.006798696395958316
36   40   0.035661068333277146
36   41   0.0031967257505027707
36   43   0.05377481397706243
36   45   0.011341030809665064
36   46   0.03868016936309879
36   47   0.06202373308387298
36   51   0.11623967833744904
36   52   0.08005982727749732
36   56   0.015527619137180726
36   58   0.022380975631279016
36   65   0.06408179083301907
36   66   0.0526085888095892
36   70   0.03736847752508354
36   71   0.105170169342328
36   72   0.02445270121251551
36   73   0.041438651793464995
36   75   0.034172624949771815
36   76   0.0005916059512242862
36   77   0.06869550472489734
36   83   0.07895903465972816
36   84   0.09842491722254879
37   38   0.019066224179542072
37   39   0.06751077726210525
37   40   0.08429864653738105
37   43   0.03951061416222995
37   44   0.12534183486351463
37   45   0.0479420713851399
37   51   0.13754340714243657
37   52   0.033788526874124425
37   62   0.08236633643365682
37   74   0.12171660362374265
37   75   0.03984330897102149
37   76   0.014654697251588016
37   80   0.021706988271893924
37   84   0.014890575616538665
38   39   0.023650844567808464
38   40   0.0052733136978074845
38   41   0.09944827507199117
38   43   0.005171445291237669
38   44   0.04058227678475747
38   45   0.007609303794817581
38   46   0.0009482739993965407
38   51   0.21086551845925566
38   52   0.06745043510929519
38   56   0.06978939020988736
38   58   0.016663288394191594
38   62   0.09361888550395243
38   71   0.12362249240363835
38   72   0.03890997337965846
38   73   0.0014924122083027624
38   75   0.07871985978345948
38   76   0.040614614395756705
38   77   0.007873314709425124
38   83   0.09331588720410106
38   84   0.04826117694422765
39   40   0.07418734140144304
39   43   0.040493526253323774
39   72   0.05744737218255075
39   75   0.008991010297105972
39   76   0.08868032056321976
39   84   0.07219834460365467
40   41   0.08130761403776367
40   43   0.03631080004676335
40   45   0.03568659497357327
40   47   0.014903212958152407
40   58   0.006613685394623111
40   59   0.055272532332777506
40   61   0.008728088236497109
40   73   0.025764417701271365
40   77   0.03374946283156065
43   44   0.07759640955701992
43   45   0.145607212917347
43   46   0.0019327250882260106
43   47   0.00746768498315615
43   48   0.04401431694810556
43   51   0.012755396265347857
43   52   0.044784887248684756
43   53   0.00012825321654154955
43   55   0.02123459178566612
43   56   0.004640609374258123
43   57   0.03419009575005531
43   58   0.013095009802302252
43   59   0.1477142227037609
43   61   0.13643221316748014
43   63   0.043974243022443724
43   64   0.09982486139991842
43   65   0.11522380744049648
43   66   0.04384332688030214
43   67   0.03255663782563953
43   68   0.23305570628663755
43   69   0.088040505828444
43   70   0.07300767769063025
43   71   0.012617692361655622
43   72   0.08783469376268978
43   73   0.004423826526164215
43   75   0.07027571046963026
43   76   0.06185874891992298
43   77   0.09345766933294933
43   78   0.01916417983603278
43   79   0.08612379300784564
43   83   0.09790347334307294
43   84   0.006012871795782652
44   45   0.04717014939412393
44   46   0.002036455367889592
44   47   0.09196633711310678
44   49   0.17966957983103013
44   51   0.14824715146857798
44   52   0.011134292156671624
44   56   0.00386253174788238
44   60   0.007405449030505595
44   62   0.011690479378121024
44   65   0.011484349332587443
44   66   0.0529856077587022
44   67   0.011674913707432311
44   68   0.0359027939540132
44   70   0.062443022216625975
44   71   0.0809159600817649
44   72   0.09406562257055243
44   73   0.05093699137282002
44   74   0.12013444358873994
44   75   0.007449659035004664
44   76   0.034369978881070816
44   77   0.05522168737047984
44   80   0.07288988713485119
44   83   0.0034168822042778746
44   84   0.00041729708056869187
45   46   0.06151367280165339
45   47   0.053002527568440545
45   48   0.07091182625084856
45   49   0.09645060588913014
45   50   0.03267492074076802
45   51   0.08673695335831742
45   52   0.024366292112543722
45   53   0.027774209127404425
45   55   0.0719666523590711
45   56   0.05512666351573327
45   57   0.029584810330994762
45   58   0.08806990918500997
45   59   0.03612569943098544
45   60   0.04524296993636143
45   61   0.008896138994955038
45   62   0.01718562786833939
45   63   0.035250127209354776
45   65   0.06250447863155524
45   66   0.03659776164015895
45   67   0.07145019208603016
45   68   0.16444935213939654
45   69   0.009346919989273499
45   70   0.1295694125029618
45   71   0.08986927234300877
45   72   0.18344954141449585
45   73   0.040576603736030836
45   74   0.13795002006587845
45   75   0.04740316896111662
45   76   0.057481468043098796
45   77   0.05037024100577922
45   78   0.0984526428061774
45   79   0.007411312073491258
45   80   0.07293980901695268
45   82   0.005395476574515142
45   83   0.15410147603123264
45   84   0.10086109613124108
46   47   0.027696305449828793
46   48   0.15604439524178595
46   52   0.002198162290972381
46   56   0.08339347467211357
46   63   0.13591326615929986
46   65   0.07073148708389697
46   66   0.024681514872749766
46   67   0.07120651427218243
46   68   0.09280311409468074
46   70   0.05914998075347217
46   72   0.14123714401631007
46   73   0.07080590300789898
46   75   0.038009852095406256
46   76   0.08977483024504158
46   77   0.0379851914233368
46   79   0.11350371869980612
46   83   0.061083528477796994
46   84   0.02432397513789039
47   48   0.06584818020330221
47   52   0.1995129354193196
47   53   0.011050999888588119
47   54   0.03494609826906756
47   55   0.03924588345119657
47   56   0.05004367053173852
47   57   0.09503258455219592
47   58   0.07638989200552479
47   59   0.037073968626314215
47   61   0.06215091160337014
47   63   0.0470511470357792
47   64   0.03384742345833254
47   69   0.01021144011040598
47   71   0.010698504920617006
47   72   0.17706697477595237
47   73   0.04985368848769445
47   76   0.026318782125095315
47   77   0.11167294726274314
47   78   0.01755018893916498
47   79   0.05025753140994402
47   81   0.08119547030909875
47   83   0.07230468229509408
47   84   0.13934533540609453
48   54   0.02492388278527612
48   55   0.0022633090008039912
48   57   0.05176476757174866
48   59   0.08345575072360026
48   61   0.0009715164195390768
48   63   0.07381711052319792
48   73   0.004488725439269066
48   77   0.013882692312010649
48   78   0.03680693105753385
48   81   0.01055664854026627
48   83   0.06999782236153722
49   60   0.058920427638425164
50   56   0.06611961253930439
50   57   0.18262145939087246
50   59   0.05491116238464042
50   63   0.0829981405304864
50   72   0.01997884436678534
50   75   0.09801411901550895
50   77   0.0543082611083349
50   78   0.0294730237091292
50   79   0.046916872140569485
50   83   0.07829537993358299
51   58   0.10702136127123395
51   71   0.11563154599805302
51   73   0.08177604577207319
51   74   0.07738740415408196
51   75   0.16328313851400675
51   76   0.044781260111922024
51   83   0.13828963285310628
52   56   0.037585295624255353
52   59   0.0018007525233597256
52   66   0.15601932071752603
52   68   0.18633051616377663
52   70   0.13422851086174564
52   72   0.04851235467083598
52   73   0.07484632075401881
52   75   0.23597053723009842
52   76   0.05399199125935141
52   77   0.08301344149787712
52   79   0.08398936303266583
52   83   0.07147037691019595
52   84   0.04611011233045238
53   55   0.018099061494829233
53   56   0.010040917635673137
53   57   0.08367094424589591
53   58   0.10514913026479758
53   59   0.004735178429776169
53   61   0.1306263579882689
53   63   0.02855733160811998
53   64   0.0629409951569307
53   69   0.10103262127935349
53   73   0.005383880691376464
53   77   0.033437160707993976
53   78   0.013048405801354612
53   83   0.054268449176139814
54   55   0.07432045276941826
54   64   0.0005313845790263664
55   56   0.001177427428619733
55   57   0.020489839894135563
55   58   0.05306142110924481
55   59   0.05372543942669367
55   61   0.07480282157766775
55   63   0.026219453922755435
55   64   0.27902771442663143
55   69   0.06892320226597137
55   73   0.014039061418516161
55   77   0.01548928269557523
55   78   0.05392815623949658
55   83   0.06501017924086426
56   57   0.11773921942643518
56   58   0.14521858418664604
56   59   0.10608459496460498
56   61   0.12040842569721337
56   63   0.05461525655056632
56   66   0.07897460143324163
56   68   0.007843962971099938
56   69   0.1077175220420085
56   70   0.03492929408105737
56   72   0.07794824546029155
56   73   0.036783045768297044
56   75   0.0016064493867137453
56   76   0.0743206954900968
56   77   0.14567024015576074
56   78   0.09547966358040803
56   79   0.07846276907672667
56   82   0.07555692762299066
56   83   0.07859861474483407
57   59   0.05164215477521636
57   61   0.10552545631263209
57   63   0.058077802224816615
57   64   0.06145694601480084
57   66   0.01723709638108932
57   69   0.049821078326221666
57   70   0.07381236711755035
57   72   0.03652934352305653
57   73   0.052545564970981964
57   75   0.06273136365451641
57   76   0.0133723561725614
57   77   0.05096524151804343
57   78   0.17945394145191818
57   79   0.05921448290108023
57   83   0.08880690857114014
58   59   0.050321238410020945
58   61   0.02884066208486463
58   63   0.05166648311192575
58   64   0.004466960896155641
58   69   0.011849072991491164
58   71   0.07865915897264886
58   73   0.04266895188029588
58   74   0.06626863022831406
58   76   0.10828846906315281
58   77   0.07843034737426645
58   78   0.06428773260098472
58   83   0.027532176116781073
59   61   0.016309095199840404
59   63   0.0010547208118122
59   64   0.11170590506416474
59   69   0.06935890945903243
59   73   0.011849210067275755
59   77   0.004199703558468748
59   78   0.029528440079276887
59   83   0.11602865130566964
60   62   0.029057539867753484
60   66   0.15901180324745584
60   67   0.14885983984271775
60   68   0.05790487954734757
60   74   0.15601535782355722
60   75   0.08443952420447753
60   76   0.049752196612484624
60   83   0.03766541450299308
61   63   0.05774091600831209
61   64   0.01368094459120454
61   69   0.11583967202908502
61   73   0.026002837136400427
61   77   0.049226032497817054
61   78   0.05063733486777572
61   83   0.11358892999675092
62   71   0.09259883909806142
62   74   0.09332709182495467
62   75   0.12581036310082452
62   76   0.05183137109209735
62   83   0.024517845917479995
63   66   0.04655891694179782
63   68   0.0012740499998589601
63   69   0.027353708886535995
63   70   0.028157966342089166
63   72   0.052164738835619354
63   73   0.05982495803665356
63   75   0.036092517121827206
63   76   0.0901199232841387
63   77   0.12484227412239203
63   78   0.07754017059405603
63   79   0.0037164969431955426
63   83   0.04316080149603587
64   69   0.09411659437127871
64   71   0.014955268603369765
64   73   0.05060471029751126
64   76   0.07594832350550655
64   77   0.006213478735034294
65   70   0.018559580906585604
65   71   0.09383702231860026
65   72   0.0583609809331981
65   73   0.05373508788896575
65   76   0.005616040512646202
65   77   0.12762319716918738
65   79   0.09336199694340108
65   83   0.09801718893588694
65   84   0.007314328072819671
66   67   0.009451492153588039
66   68   0.16618564394951763
66   70   0.00980464930091752
66   72   0.03529427503182291
66   73   0.040465305458130395
66   75   0.03773278029278458
66   76   0.023555069987660823
66   77   0.02832955092489916
66   78   0.022410234830490237
66   79   0.15548086440729142
66   83   0.0541377703183559
67   68   0.011680023139134296
67   72   0.22066933235699085
67   75   0.023767913769107547
67   76   0.030720352583677432
67   83   0.09048260607244991
68   70   0.10526593305449103
68   72   0.05074168004750389
68   75   0.16579523673902327
68   76   0.04655613116677056
68   77   0.011193186995211487
68   79   0.04182039020841606
68   83   0.021145082978354792
69   73   0.026651484434257595
69   77   0.11071226432996736
69   78   0.05061310146849277
69   83   0.099087072256491
70   71   0.03266077240042136
70   72   0.03354907328786386
70   73   0.12345468765045453
70   75   0.022028614924081955
70   76   0.030810588641911867
70   77   0.14263527047359412
70   78   0.021308526046383326
70   79   0.10930779605799017
70   82   0.0925926981533643
70   83   0.1563426033228133
70   84   0.0541962027052195
71   72   0.061361710606490025
71   73   0.024349009512509137
71   74   0.039420881412660716
71   76   0.12612432654172984
71   77   0.03420926315402429
72   73   0.05608573507520587
72   75   0.11488890587438401
72   76   0.07202553939658483
72   77   0.016004354029552192
72   78   0.040878311866827985
72   79   0.025711331324131694
72   83   0.037662179670628175
72   84   0.013255498389646375
73   74   0.1169136401371003
73   76   0.08094021121952238
73   77   0.09865261601616827
73   78   0.07143584557059753
73   79   0.04787249402894115
73   82   0.11230154568069126
73   83   0.08215581061073393
73   84   0.042958268173924216
74   76   0.041424395500486405
75   76   0.05349586334037947
75   77   0.1156849362276052
75   78   0.007842522945067675
75   79   0.052155936374390616
75   80   0.04779190863419723
75   83   0.01639276504307204
75   84   0.044595396686534866
76   77   0.006424139469049647
76   78   0.1048123889177959
76   79   0.050347021936791074
76   80   0.0216375486120125
76   83   0.018348395299272506
76   84   0.013405986357535869
77   78   0.05186055107979428
77   79   0.0022524307139789417
77   82   0.0029139813494030217
77   83   0.10867769042904195
77   84   0.027328903533044357
78   79   0.0667858569790617
78   81   0.04645327994543635
78   82   0.062264588523679006
78   83   0.053073793077209844
79   82   0.04127010390335493
79   83   0.04175495384994832
81   83   0.036301679435661344
82   83   0.043292201428996285
