1   3   0.04272502328251419
1   6   0.026974187853630843
1   7   0.0765166527210694
1   8   0.032008694805836
1   10   0.0450867957942866
1   14   0.0916499462891074
1   17   0.12517558343531396
1   19   0.1413088034730807
1   21   0.055626196050829635
1   23   0.03151462221575019
1   24   0.05803773074328433
1   26   0.051399653410860634
1   27   0.057454713258197586
1   28   0.13333959441467397
1   29   0.11549544978915122
1   30   0.17092558398615113
1   33   0.08086669724491936
1   34   0.02205063647813108
1   36   0.017280252189441448
1   38   0.09760537329263211
1   73   0.10737356701472228
1   77   0.11125030864427776
2   3   0.016222262616778164
2   9   0.028820909914027183
2   11   0.017056234458246965
2   13   0.004635481619281694
2   15   0.00897900650200458
2   16   0.013479289537236821
2   17   0.03541171109260622
2   18   0.03063656450102512
2   19   0.15428864986573498
2   22   0.050671151564679114
2   23   0.04740030381788263
2   24   0.011284142747666384
2   25   0.11689061692996713
2   26   0.09264691212805479
2   27   0.07213821084906982
2   28   0.012639788841860079
2   31   0.012362322292422307
2   34   0.013832065346156105
2   36   0.009742487377706867
2   37   0.03940934851084191
2   38   0.12961242990597113
2   39   0.07852043773453873
2   42   0.12405034179866496
2   43   0.09629807798827457
2   44   0.005089241874163357
2   45   0.013060531198566611
2   49   0.01935711368937964
2   51   0.001125955636000121
2   52   0.017535275253671333
2   62   0.0145872103628059
2   66   0.041820842421010654
2   68   0.11853016951850574
2   71   0.05168224397933756
2   72   0.08466994674051989
2   74   0.17346022822392343
2   75   0.06297048885731167
2   76   0.06522891274219918
2   80   0.02826020198131448
3   6   0.10369013757702464
3   7   0.1742071880529874
3   8   0.07144872155807128
3   10   0.05266440922561576
3   14   0.020897661032296205
3   17   0.060120166097847615
3   18   0.0269784037856082
3   19   0.16933629770193045
3   21   0.13635493647787572
3   22   0.07764604756654069
3   23   0.08121464777220806
3   24   0.023694903776413284
3   26   0.10729508941961638
3   27   0.061775174695920206
3   28   0.12488852818445847
3   29   0.01632197179951508
3   30   0.10952181369308436
3   33   0.0051419074688256764
3   34   0.04948980406679637
3   36   0.1472541768891333
3   37   0.014678968757270696
3   38   0.12141381738333507
3   39   0.05823303136431695
3   40   0.08574378945710008
3   43   0.03392358439204815
3   44   0.06437073783686291
3   45   0.004902203379052047
3   46   0.05787729877412003
3   51   0.05684188637009721
3   52   0.06592701371309147
3   65   0.023740695690763335
3   66   0.07587966377217366
3   68   0.040929773349969986
3   71   0.19313639539268984
3   72   0.09268821312164455
3   75   0.04551223906154481
3   76   0.015191057272440803
4   5   0.060897050908592605
4   6   0.01794916520486007
4   7   0.17696176061856556
4   8   0.06803789303794877
4   9   0.10556859030639333
4   10   0.1411282842449822
4   12   0.07967483812076522
4   14   0.18643714187581845
4   15   0.10411803144183855
4   20   0.0714177361087141
4   24   0.18065751579360093
4   28   0.03340832789080214
4   29   0.15498533409342788
4   34   0.006049314986240808
4   36   0.16156427994552355
4   38   0.09016690221266087
4   40   0.02298086675526798
4   41   0.07840107443543463
4   47   0.05365646301113108
4   53   0.07055153402057178
4   58   0.17831158833840074
4   59   0.007790340130213024
4   61   0.08952000430439636
4   69   0.08088420091068207
4   73   0.0526142242452445
4   77   0.0654397898451165
5   6   0.08781032648201922
5   7   0.04469821005923346
5   8   0.06087557417974061
5   9   0.016512482279334453
5   10   0.00042853538765275014
5   12   0.019524245465947016
5   15   0.04891373102448105
5   20   0.013798862531899558
5   24   0.0064849470436214455
5   27   0.009644138660039742
5   28   0.010183181194450525
5   29   0.06356718040439051
5   32   0.15951011012931576
5   34   0.00886238929097429
5   35   0.054619150949603186
5   36   0.09575883135601816
5   40   0.038495849614983715
5   41   0.05541466733817181
5   47   0.08118760741397593
5   84   0.01143177025066708
6   7   0.1685027412923727
6   8   0.058989837722324204
6   9   0.026764538957476047
6   10   0.011112278885069419
6   12   0.10661769489826982
6   13   0.07534420724371338
6   14   0.07070577872255403
6   15   0.16116091606775781
6   17   0.03716881718596479
6   20   0.040773120716534515
6   23   0.10832996936196529
6   24   0.07497456769591641
6   26   0.04512795416932815
6   28   0.06002151685526883
6   29   0.05197958317623315
6   30   0.09122510333333825
6   32   0.15034996277779686
6   34   0.17260487199896313
6   36   0.10413383929093202
6   38   0.08618004827369719
6   39   0.037842316084564454
6   40   0.04895058632526629
6   41   0.043320092342024934
6   42   0.13972873640957825
6   47   0.027317931179024844
6   58   0.09294269344475772
6   59   0.0010996587249028952
6   73   0.04257575144649307
6   77   0.01925541402663224
7   8   0.10260396547968062
7   9   0.061012677648852834
7   10   0.1045661136230925
7   12   0.058897079328538784
7   14   0.014852364003360886
7   15   0.028116981847090015
7   17   0.058785214504838694
7   19   0.04872256760089291
7   20   0.1972466477410249
7   21   0.013208064171899424
7   23   0.07615332098147065
7   24   0.06104338842056126
7   26   0.01069493907993952
7   27   0.050804207107869384
7   28   0.06889792338856818
7   29   0.012136526402364657
7   30   0.030351070879977064
7   32   0.008418844349531957
7   33   0.06464734336329392
7   34   0.08024301433019469
7   36   0.11329314053129715
7   37   0.008413069932501427
7   38   0.04516124197521643
7   39   0.1041084615303902
7   40   0.05882528389950121
7   41   0.08655689212072007
7   43   0.19699921406792492
7   45   0.14163791008411164
7   47   0.09893032763846385
7   58   0.04965082481925257
7   73   0.08742345032095146
7   77   0.0816488891405358
8   9   0.02580793171182331
8   10   0.048277256418370634
8   12   0.10428840227009303
8   13   0.054045401505222114
8   14   0.1253910238472943
8   15   0.015857668036204947
8   17   0.015749014247762066
8   18   0.14691170206288273
8   19   0.07958142120829448
8   20   0.06431672893870718
8   21   0.02384159567016721
8   23   0.10345840962635343
8   24   0.0843765049328908
8   26   0.14041775008668436
8   27   0.07618002133944243
8   28   0.1489177906461075
8   29   0.07629168735514458
8   30   0.026844835010288372
8   32   0.034629883051776736
8   33   0.1650249921601289
8   34   0.0066203863223161016
8   36   0.03831153783016098
8   38   0.008375382690374978
8   39   0.08030579464991687
8   40   0.045980190847019445
8   41   0.08903152404620193
8   42   0.18679675199378323
8   43   0.005392925395610603
8   56   0.06772659695558547
8   58   0.12191684136732586
8   73   0.04525390338676056
8   77   0.07415488438415409
9   10   0.03854367236579721
9   12   0.1172568054776885
9   13   0.10698189174288109
9   14   0.03361618323659088
9   15   0.055865938689115366
9   16   0.06602933681491892
9   17   0.14512701402380426
9   20   0.05684935210631067
9   21   0.04880207978376515
9   22   0.07481098200587483
9   23   0.09628204903824594
9   24   0.0485948442643909
9   25   0.04861485429261355
9   26   0.14958395377681236
9   27   0.026216892179054
9   28   0.019021112525467402
9   29   0.10755399824265664
9   30   0.009072202662582409
9   31   0.12223110386333481
9   33   0.20988847528056692
9   34   0.044853240227395695
9   36   0.14949396512881702
9   37   0.1753634875578513
9   38   0.07861672767133604
9   39   0.07538227367036836
9   40   0.08320221838273277
9   41   0.03654386468462679
9   42   0.04128767388107092
9   43   0.1352150343011813
9   45   0.14618032089891925
9   47   0.01058043114078066
9   49   0.10519751615601913
9   53   0.025773853660501403
9   56   0.03152082995394001
9   58   0.009702394719237846
9   59   0.013787582695719563
9   61   0.007175145699294666
9   62   0.0565246553677402
9   63   0.003454386856220773
9   64   0.02387174077462751
9   65   0.10768386957519113
9   69   0.019575470973799025
9   70   0.0926982442456721
9   71   0.0714745287369295
9   72   0.11686064115167297
9   73   0.00985789747330878
9   75   0.13596525427459288
9   76   0.10178142850754132
9   77   0.04834280383223875
9   78   0.1585258480123297
9   79   0.03319341448383592
9   80   0.015436377603273045
9   83   0.07564414285359118
10   12   0.03892694648055914
10   13   0.010540093952103511
10   14   0.07517553263513718
10   15   0.04860928769476066
10   20   0.0594415100179729
10   24   0.16505213213307132
10   28   0.09545875672193907
10   29   0.08176990457597927
10   30   0.1037708486718872
10   32   0.03035754912430827
10   33   0.052473818675790956
10   34   0.034149351647781025
10   36   0.08543419100046251
10   38   0.09040454936204577
10   39   0.029691813913348918
10   40   0.07786000241762413
10   41   0.022653086300646563
10   43   0.022716357738162475
10   47   0.03569999283629262
10   53   0.1204067294840018
10   55   0.07232079014225758
10   57   0.12018878780461781
10   58   0.08586824184871629
10   59   0.026196045470467572
10   61   0.04163461013942006
10   64   0.13474860558307208
10   69   0.04739136917182554
10   73   0.0305750377879386
10   77   0.020562966618825916
11   13   0.03479375814262257
11   14   0.035998680680677034
11   17   0.028120334820537114
11   18   0.11634017409842377
11   19   0.038825856939174425
11   23   0.03851862710262767
11   25   0.06430940931795029
11   26   0.027095466278374686
11   27   0.020532899242490518
11   29   0.03652550980521039
11   31   0.11081781348887842
11   32   0.06700604687561915
11   34   0.007117520403407805
11   36   0.025463742413696894
11   37   0.03601261266357632
11   38   0.07828643007461542
11   39   0.02095446430593899
11   41   0.16993804369306123
11   42   0.0608714424513495
11   44   0.0715798034571013
11   49   0.1089435837680906
11   51   0.06937445951401137
11   60   0.10386830760115388
11   62   0.08210847681590137
11   67   0.12715299937055557
11   74   0.07740569387432329
11   75   0.022023551709984743
11   76   0.01054145952048606
11   80   0.014520714366064703
12   13   0.06113221802796461
12   14   0.08993520676420592
12   15   0.03317903720138938
12   20   0.004837261021994166
12   24   0.06125445098862195
12   28   0.13351513219479616
12   29   0.21415519472659825
12   32   0.08928738872363114
12   34   0.0900741714759526
12   35   0.08799498371226877
12   36   0.12454404682344257
12   38   0.07022318666037412
12   40   0.12711122918545212
12   41   0.03351342497860903
12   42   0.10031905353888117
12   47   0.006942676761336314
12   53   0.009419928100332306
12   54   0.07855742966418611
12   58   0.1393750450058796
12   59   0.0192346697061159
12   61   0.01784883305890907
12   64   0.06396941453863195
12   69   0.057607109545910404
12   73   0.032246869027373185
12   77   0.03715489053139148
13   14   0.0630843212806214
13   18   0.023711876857996982
13   22   0.11956858457646882
13   24   0.04884581353222466
13   25   0.0038241223214583327
13   26   0.2240352770877214
13   27   0.004412239794284366
13   29   0.049328177349298626
13   31   0.0011541701916162462
13   32   0.08324558596107332
13   34   0.06540454052304587
13   36   0.11235350988177312
13   37   0.0074121739380466865
13   38   0.1511367669467341
13   39   0.1486334962017555
13   40   0.061018060041280624
13   41   0.0171129012868456
13   42   0.18397439125138862
13   43   0.11081690449215334
13   44   0.06035561464130627
13   45   0.09257939326311938
13   46   0.10152880941887521
13   48   0.0360916230669728
13   49   0.07396615787135533
13   51   0.1403870446153257
13   60   0.047035299554371364
13   62   0.06821627563266885
13   67   0.1308241923414165
13   71   0.046574425034289775
13   74   0.12867293682636696
13   75   0.004108148243424582
13   76   0.012423073005203837
13   80   0.00551017748780407
13   83   0.021515761522842153
14   15   0.03142479652760323
14   17   0.026235032849933823
14   18   0.0810972211037091
14   19   0.10431523433255664
14   20   0.05780664605853703
14   21   0.009715712557147451
14   23   0.050687957687495865
14   24   0.07492026569517207
14   26   0.08928900848747207
14   27   0.0186712794324155
14   28   0.16574850144136888
14   29   0.08277164155999406
14   30   0.04066108745270621
14   32   0.13798260642800664
14   33   0.19155602291794616
14   34   0.029722464998165436
14   36   0.06952925828094259
14   38   0.06700182632220847
14   39   0.13098843522268364
14   40   0.029210831409477524
14   41   0.010440551373525831
14   42   0.12521253632108978
14   73   0.09290737420973087
14   77   0.009305724457264419
15   20   0.014215070997975001
15   21   0.0603575307818862
15   22   0.09209177997534682
15   23   0.04422892144777354
15   24   0.09233688688339241
15   27   0.06289854661910309
15   28   0.0547653064677814
15   29   0.0707357722412995
15   30   0.04713694836556917
15   32   0.05177364711277657
15   34   0.04828276497216773
15   35   0.002030139979698727
15   36   0.08032528336800797
15   37   0.022875451269876543
15   38   0.02597137513175122
15   39   0.1061522661369465
15   40   0.044257590229035026
15   41   0.0698639968904821
15   43   0.09855587782703383
15   47   0.04711223851871289
15   53   0.20020583304313908
15   58   0.01866129495734549
15   59   0.05754834296625824
15   61   0.05782412224830721
15   69   0.13146771445951327
15   73   0.035039747893768056
15   77   0.019649319680311743
15   84   0.020625889579433326
16   17   0.08267171686566202
16   21   0.0639033985064975
16   22   0.007188046179276984
16   23   0.08051883741786464
16   24   0.09524938932858851
16   27   0.041286765229708484
16   28   0.008657760211443453
16   30   0.04849470266518469
16   34   0.0031409201879731546
16   36   0.05135030397223031
16   37   0.02630834736281461
16   38   0.007172907973289113
16   39   0.009532805355067184
16   40   0.008696523234860476
16   43   0.06787690177691005
16   45   0.011857264988247664
16   46   0.01657717919104496
16   52   0.004214278065940425
16   65   0.0026598857937463432
16   70   0.09295071324529962
16   71   0.08532585235970724
16   72   0.006640762361947017
16   73   0.03670965512690619
16   76   0.013963904910309523
16   77   0.09943979162375392
16   79   0.099074720066795
17   18   0.028664757392935614
17   19   0.2497394776032566
17   21   0.11763211610027238
17   22   0.05486429817708327
17   23   0.04638723212064019
17   24   0.12879133729677134
17   26   0.052493659359266774
17   27   0.04937786422592005
17   28   0.14509808702986055
17   29   0.023999236180756934
17   30   0.03714008134909039
17   33   0.01877193157743838
17   34   0.06972767833332623
17   36   0.026230364217270298
17   37   0.02835574647186181
17   38   0.014129468897235063
17   39   0.08566774131156933
17   43   0.03524617241915316
17   44   0.04875308409053019
17   51   0.05241063701069239
17   52   0.034268462263168036
17   66   0.03541109097546338
17   72   0.015452631649113141
17   75   0.05491140668513173
17   76   0.028272386461367153
18   19   0.08441874392207635
18   21   0.07256612262094257
18   23   0.015138185805322439
18   25   0.11038425365441784
18   26   0.03246242351957746
18   27   0.10098571242427688
18   29   0.14082679760540662
18   30   0.08144831038455284
18   31   0.11520253994463153
18   34   0.02493170728286239
18   36   0.016674666430740965
18   37   0.06363618884471023
18   38   0.1595564394266184
18   39   0.01972381927922232
18   42   0.11935719146221277
18   44   0.010482911191161383
18   62   0.13657320231176723
18   67   0.1852423615283344
18   74   0.047848594262243666
18   75   0.12241973075416848
18   76   0.1499288021089972
18   80   0.08021342340213328
19   21   0.0747258181652231
19   23   0.08351278783482288
19   25   0.04742429544834284
19   26   0.17925999011289032
19   27   0.10423022436778334
19   29   0.06629511714292317
19   30   0.009740464315506198
19   31   0.11631034446177978
19   33   0.016430248500429043
19   34   0.051681284211392724
19   36   0.047506907842784836
19   37   0.040041242265946804
19   38   0.03011859831866414
19   39   0.04808057638600472
19   44   0.028855486927030133
19   51   0.18184107384337872
19   52   0.16765604887673682
19   68   0.020439728874852913
19   74   0.056730903578269994
19   75   0.05344364024907159
19   76   0.12389767638777462
19   80   0.0027637258353252893
20   24   0.07880514135393116
20   28   0.10966448052197594
20   29   0.13631234739045203
20   32   0.15485973521092497
20   34   0.013173880984990349
20   36   0.06733143090835737
20   38   0.13642713332107723
20   40   0.008920055420182378
20   41   0.08333294059329666
20   47   0.028780371470934825
20   53   0.07510004705507047
20   58   0.16857337271370174
20   59   0.00992736239931601
20   61   0.0038963434711030477
20   64   0.1141780837138986
20   69   0.04003574802076608
20   73   0.014782383046106127
20   77   0.04817981801971949
21   22   0.06648343352223367
21   23   0.05183374766718311
21   24   0.007303654038733401
21   26   0.03209189648545804
21   27   0.08911098625293631
21   28   0.01682350103834911
21   29   0.01081341372563281
21   30   0.052015196587765496
21   33   0.02179333275697533
21   34   0.04738599621596608
21   35   0.020665474093882537
21   36   0.056487863877281747
21   37   0.03142828860808874
21   38   0.01964478832297689
21   39   0.017613190317627734
21   40   0.030321603489408742
21   41   0.08866966717045274
21   43   0.06735417365811003
21   65   0.01644927812136027
21   70   0.008229097457319534
21   71   0.0508907330662545
21   72   0.07756992893250594
21   73   0.11279609860762767
21   76   0.05250315429093691
21   77   0.029740894415455903
21   78   0.07033716912436622
21   79   0.0019214773341546315
21   82   0.0339953936994192
22   23   0.008442187330018464
22   24   0.11622047727622227
22   25   0.26141281156118534
22   26   0.13781444289902434
22   27   0.07326488335270197
22   28   0.03608140432772172
22   29   0.11520059329017078
22   30   0.10157988702103304
22   31   0.015286903798262003
22   34   0.10167436997106764
22   36   0.07234674505942638
22   37   0.17782912809627588
22   38   0.10754380388489707
22   39   0.019350821573734366
22   40   0.021492300337415046
22   42   0.16226229970623296
22   43   0.023475954300399428
22   44   0.09186556034501034
22   45   0.08633534758689279
22   46   0.05824294036595818
22   51   0.045271002797693485
22   52   0.012080183515663357
22   58   0.012488833946218473
22   62   0.018870703814661167
22   65   0.09038512247924514
22   70   0.09458754255522019
22   71   0.00201650295966165
22   72   0.10692090581083878
22   73   0.010282273102363673
22   75   0.09081695905776266
22   76   0.06056245712475551
22   77   0.10686821746257841
22   79   0.05404529137648694
22   80   0.11711936633398413
23   24   0.19255297895160825
23   26   0.08755346956280809
23   27   0.05774064513446665
23   28   0.05206700304309333
23   29   0.0957795644583909
23   30   0.04709770803545316
23   33   0.02963379143155164
23   34   0.011653849512032242
23   35   0.05773245273380592
23   36   0.005703758066114153
23   37   0.010447118733443303
23   38   0.22012964194777082
23   39   0.15452012792995004
23   40   0.03122091856247933
23   41   0.15747966855748388
23   43   0.09496910026539868
23   44   0.011235754131292212
23   45   0.004926167712482996
23   46   0.026967440869693913
23   51   0.047942212389649685
23   52   0.051521631373626434
23   65   0.031707499147872444
23   66   0.10715175424209629
23   70   0.011391178232626639
23   71   0.052475481542956316
23   72   0.07092111122146542
23   73   0.07725247657959759
23   76   0.0022039475438351552
23   77   0.042574683439577765
23   79   0.026182445640970966
23   84   0.055566014567252894
24   25   0.11929517090696094
24   26   0.033450280383685416
24   27   0.05102960477503707
24   28   0.11018338261122343
24   29   0.011521306517360717
24   30   0.08525153951566165
24   31   0.11343482680884825
24   32   0.023187691654484078
24   33   0.08074680982947201
24   34   0.05251891479874002
24   36   0.09436333322091892
24   37   0.1252956472317607
24   38   0.1377073206293651
24   39   0.09562299854603319
24   40   0.05232328073086871
24   41   0.08069649127441736
24   42   0.006074661131512268
24   43   0.09022024401490043
24   45   0.034033207878306646
24   46   0.06170818610170472
24   47   0.08017625204100112
24   48   0.057421742648192615
24   50   0.13424332063875366
24   51   0.003040078798963249
24   52   0.06156796501496499
24   53   0.04739215912216282
24   55   0.009386782675206465
24   56   0.14624289983154606
24   57   0.07374646875726953
24   58   0.01676554007372132
24   59   0.07422410527912113
24   61   0.010230719980539623
24   62   0.09834383278405683
24   63   0.11085908831443025
24   64   0.023858611271769067
24   65   0.14103752216289328
24   69   0.05420808402884783
24   70   0.08566069249630928
24   71   0.008133523907073871
24   72   0.06442715846437223
24   73   0.027584901326613568
24   76   0.10415218681340463
24   77   0.0756956777299622
24   78   0.052288135278905995
24   79   0.10706748830487287
24   80   0.0032136542249669746
24   82   0.015365541607857731
24   83   0.05158044623394922
25   26   0.008449595656251906
25   27   0.05609992164637549
25   31   0.030121151562033755
25   34   0.04037640177506677
25   36   0.04521868128140876
25   37   0.017426562172485914
25   38   0.009754569048645306
25   42   0.050919918952101746
25   43   0.02399611905065441
25   44   0.07768780091752249
25   45   0.059623033337424095
25   49   0.11787673986250276
25   51   0.0862231086602577
25   60   0.07724218839917603
25   62   0.08411757790876609
25   67   0.05561605231332271
25   74   0.14857141193436701
25   75   0.14025941030989855
25   76   0.03230798645548153
25   80   0.1611411098776924
26   27   0.1653668669634572
26   28   0.012681072830094082
26   29   0.06971864844779371
26   30   0.034373703890322634
26   31   0.05411585980799464
26   33   0.06557614179443964
26   34   0.02773133864928739
26   36   0.14186891856725345
26   37   0.04432183756361539
26   38   0.21959677176897288
26   39   0.06649693998488096
26   42   0.10083309926738077
26   43   0.021130119956293207
26   44   0.0029205133994628487
26   45   0.038681869644216924
26   46   0.050483236284530816
26   49   0.006414512136489665
26   51   0.22663957444265417
26   52   0.08085153892276964
26   60   0.0921302666613266
26   62   0.006228685210416664
26   66   0.025930705556982174
26   67   0.05178106671884957
26   68   0.020385489088939605
26   71   0.2485511649743231
26   74   0.1710236490333682
26   75   0.04381304941464146
26   76   0.03568309219418639
26   80   0.010494831053612914
26   83   0.09950098944164432
27   28   0.09115998567979434
27   29   0.07110595376967324
27   30   0.045940882175507146
27   31   0.06065848443156515
27   33   0.015118156650974294
27   34   0.024827387182033082
27   35   0.0013813486746779315
27   36   0.008623629443511308
27   37   0.0823856987940055
27   38   0.08075922600165994
27   39   0.13414392791429836
27   40   0.03823715718825436
27   41   0.020916022568409767
27   42   0.01687181218037032
27   43   0.0162133907484841
27   44   0.03008079428508821
27   45   0.05804846904623163
27   46   0.006834721377646738
27   47   0.12292856145322514
27   49   0.03702096401113054
27   51   0.1650960985051591
27   52   0.07349117282700493
27   58   0.024895920529708855
27   60   0.06450408213337194
27   62   0.07893929638740423
27   65   0.060315092768069
27   66   0.1695676845896362
27   67   0.06773086727864407
27   68   0.06882408548770218
27   70   0.037345703487763414
27   71   0.18454613668608633
27   72   0.06390066360988315
27   73   0.029667849563013694
27   74   0.15159629206392902
27   75   0.056120146787379775
27   76   0.030079950134642538
27   77   0.11881593892153393
27   80   0.044608535220990404
27   83   0.09984252124428228
27   84   0.03445162043208032
28   29   0.06269743965131579
28   30   0.027664482488591522
28   32   0.040367926022913725
28   33   0.015562440953850001
28   34   0.07056454677887841
28   35   0.06073819999515623
28   36   0.07250623192430682
28   37   0.047480162671214333
28   38   0.16035533107653957
28   39   0.11612515748523232
28   40   0.05568817884823846
28   41   0.037258638514236865
28   43   0.07881409710502361
28   45   0.08242941343203433
28   46   0.11250804578238656
28   47   0.10823681172970621
28   48   0.05048371974823403
28   50   0.025190942146395456
28   53   0.1228612144715509
28   55   0.08641433938963727
28   56   0.14340772865749016
28   57   0.06968054506552258
28   58   0.014627345434872513
28   59   0.009278755229486202
28   61   0.011151139661655951
28   63   0.0771242663078148
28   64   0.047598692968979554
28   65   0.06561227577733976
28   69   0.08664249114063474
28   70   0.0495200818080647
28   71   0.06097065001812952
28   72   0.026489134047063528
28   73   0.03150950096136379
28   76   0.006308188844885956
28   77   0.009015966899726741
28   78   0.04738025495391815
28   79   0.03235516549021891
28   82   0.03139262122060919
28   83   0.05892436457161994
29   30   0.04205364790004562
29   32   0.13588948436041556
29   33   0.1446923260820149
29   34   0.0018468371650912706
29   36   0.06723471454485337
29   38   0.06113538431927692
29   39   0.012820939430160536
29   40   0.012123600412729094
29   41   0.042371723693433214
29   42   0.2005613462208292
29   43   0.10094228096911836
29   58   0.06985945155184403
29   73   0.04068286692089447
29   77   0.06534355570343882
30   33   0.0014419982269829733
30   34   0.019481836584708208
30   36   0.009312519275623127
30   37   0.0021973120578078617
30   38   0.07056514951838434
30   39   0.10929866625826519
30   40   0.04584772036655028
30   41   0.023378628669940688
30   43   0.004402432220653545
30   45   0.05231338014016022
30   58   0.01787235282061378
30   65   0.05471792289551406
30   70   0.014310255159627512
30   71   0.11958064960507159
30   73   0.08795141910486118
30   77   0.09487248573512204
30   78   0.04665006679185233
30   79   0.025460027281096843
31   34   0.1518922991666826
31   36   0.06261101200791665
31   37   0.12076474658007086
31   38   0.09183757024327509
31   42   0.06671599411873957
31   43   0.009830828934817657
31   44   0.0793968670420886
31   45   0.0713132511474372
31   49   0.16564801936161427
31   51   0.01005926546738215
31   60   0.11713792536848175
31   62   0.13342460364754738
31   67   0.152309788709591
31   68   0.017683950457035344
31   71   0.09143793882097048
31   74   0.12914172047733471
31   75   0.05954262447391357
31   76   0.0075702349359739836
31   80   0.029027379319019185
32   34   0.026129947775747803
32   36   0.04432707440215702
32   38   0.11912222079008496
32   39   0.029895959691679852
32   40   0.025743698781914785
32   41   0.003271460749526195
32   42   0.10361265160258082
33   34   0.08896929256666732
33   36   0.0377334780496588
33   38   0.1369978432943638
33   43   0.11826345482625386
33   73   0.07074213072247648
33   77   0.03238763131351901
34   36   0.0005569339869074242
34   37   0.026236494166855556
34   38   0.010616337389096644
34   39   0.00032442800819092643
34   40   0.038089045415638
34   41   0.010775783613712663
34   42   0.07169883080929393
34   43   0.05899996865631895
34   49   0.06928369153552533
34   51   0.05238218560447999
34   58   0.049991098121142455
34   62   0.09561870060031866
34   73   0.10464397962584188
34   75   0.07147568451461343
34   76   0.008253795667993164
34   77   0.029031987768100835
34   80   0.002898504614584236
35   36   0.021855680174954602
35   37   0.018768390255016653
35   38   0.10411412247681825
35   39   0.040126772810961206
35   40   0.011579095772016493
35   41   0.09374587412790057
35   42   0.10845353073764115
35   43   0.10677074586389027
35   44   0.03979776874907178
35   45   0.19409543791177183
35   46   0.08159031843897753
35   47   0.047727760994406475
35   48   0.045254787466077764
35   54   0.03978605808258443
35   64   0.13716309487127454
35   72   0.020765935480778014
35   84   0.06807919631969529
36   37   0.05188315263417767
36   38   0.04475711446096107
36   39   0.006798696395958316
36   40   0.035661068333277146
36   41   0.0031967257505027707
36   42   0.0700004922085412
36   43   0.05377481397706243
36   44   0.01410452293061815
36   45   0.011341030809665064
36   46   0.03868016936309879
36   47   0.06202373308387298
36   48   0.05482661918322109
36   51   0.11623967833744904
36   52   0.08005982727749732
36   56   0.015527619137180726
36   58   0.022380975631279016
36   64   0.02668753762793464
36   65   0.06408179083301907
36   66   0.0526085888095892
36   68   0.012379291382317456
36   70   0.03736847752508354
36   71   0.105170169342328
36   72   0.02445270121251551
36   73   0.041438651793464995
36   74   0.0052736622285263456
36   75   0.034172624949771815
36   76   0.0005916059512242862
36   77   0.06869550472489734
36   78   0.06160644441843316
36   79   0.09248945534264683
36   80   0.05511407459495616
36   82   0.011430643248700733
36   83   0.07895903465972816
36   84   0.09842491722254879
37   38   0.019066224179542072
37   39   0.06751077726210525
37   40   0.08429864653738105
37   41   0.029213115230027696
37   42   0.020114075534324295
37   43   0.03951061416222995
37   44   0.12534183486351463
37   45   0.0479420713851399
37   46   0.09710834359319054
37   49   0.007775761751112959
37   51   0.13754340714243657
37   52   0.033788526874124425
37   60   0.041345554248391266
37   62   0.08236633643365682
37   65   0.1394446454709035
37   67   0.04881378409897602
37   68   0.12279757783952798
37   71   0.22263207750014635
37   72   0.027713520233013142
37   74   0.12171660362374265
37   75   0.03984330897102149
37   76   0.014654697251588016
37   80   0.021706988271893924
37   84   0.014890575616538665
38   39   0.023650844567808464
38   40   0.0052733136978074845
38   41   0.09944827507199117
38   42   0.04264965351637623
38   43   0.005171445291237669
38   44   0.04058227678475747
38   45   0.007609303794817581
38   46   0.0009482739993965407
38   48   0.06393673989986833
38   49   0.054682373255097484
38   51   0.21086551845925566
38   52   0.06745043510929519
38   56   0.06978939020988736
38   58   0.016663288394191594
38   62   0.09361888550395243
38   65   0.07049760844317249
38   66   0.0524972615748451
38   67   0.10905750265348958
38   68   0.08906381975256455
38   71   0.12362249240363835
38   72   0.03890997337965846
38   73   0.0014924122083027624
38   74   0.09326258693984556
38   75   0.07871985978345948
38   76   0.040614614395756705
38   77   0.007873314709425124
38   80   0.0702221056625178
38   84   0.04826117694422765
39   40   0.07418734140144304
39   41   0.04725750774615232
39   42   0.013235579016820449
39   43   0.040493526253323774
39   44   0.03132898892804413
39   45   0.12117404035309573
39   46   0.16332610505842404
39   48   0.13958429705631512
39   51   0.030606153869043667
39   52   0.019226853880494423
39   65   0.07893287494241805
39   71   0.1581267754594421
39   72   0.05744737218255075
39   73   0.013116170968796992
39   75   0.008991010297105972
39   76   0.08868032056321976
39   77   0.11443828932140565
39   84   0.07219834460365467
40   41   0.08130761403776367
40   42   0.06345115822226938
40   43   0.03631080004676335
40   45   0.03568659497357327
40   47   0.014903212958152407
40   48   0.09742628979425942
40   53   0.03318791110212171
40   54   0.1162167686548307
40   56   0.06960096271037614
40   58   0.006613685394623111
40   59   0.055272532332777506
40   61   0.008728088236497109
40   64   0.06370186682331161
40   69   0.13851515601195907
40   73   0.025764417701271365
40   76   0.08538968111883731
40   77   0.03374946283156065
40   78   0.09642614626623003
40   84   0.029764930837644307
41   42   0.07745725406299717
41   43   0.016002491886204128
41   45   0.20379465717875514
41   46   0.16809336135079686
41   47   0.15083173318045787
41   48   0.11970256620345593
41   49   0.022693119155200142
41   57   0.20335107567780872
41   73   0.11480491429183988
41   77   0.04424474305089817
41   83   0.19429659197344704
41   84   0.00607319541066224
42   44   0.07620067357263065
42   45   0.04750530348107387
42   46   0.03520118786689761
42   48   0.04601943287976025
42   49   0.06384309737794903
42   51   0.04550240321435322
42   60   0.09454747932089619
42   62   0.20551848224570704
42   74   0.14758096201681442
42   75   0.028228809578078606
42   76   0.010214264587569825
42   80   0.09332245767645662
42   83   0.11522285375369842
43   44   0.07759640955701992
43   45   0.145607212917347
43   46   0.0019327250882260106
43   47   0.00746768498315615
43   48   0.04401431694810556
43   49   0.012484442450755794
43   50   0.020091965085019023
43   51   0.012755396265347857
43   52   0.044784887248684756
43   53   0.00012825321654154955
43   54   0.0767103746022932
43   55   0.02123459178566612
43   56   0.004640609374258123
43   57   0.03419009575005531
43   58   0.013095009802302252
43   59   0.1477142227037609
43   60   0.06568011791179804
43   61   0.13643221316748014
43   62   0.057651525573313246
43   63   0.043974243022443724
43   64   0.09982486139991842
43   65   0.11522380744049648
43   66   0.04384332688030214
43   67   0.03255663782563953
43   68   0.23305570628663755
43   69   0.088040505828444
43   70   0.07300767769063025
43   71   0.012617692361655622
43   72   0.08783469376268978
43   73   0.004423826526164215
43   74   0.06317716415139732
43   75   0.07027571046963026
43   76   0.06185874891992298
43   77   0.09345766933294933
43   78   0.01916417983603278
43   79   0.08612379300784564
43   80   0.044517595819966026
43   81   0.004439667950892048
43   82   0.031862660911914566
43   83   0.09790347334307294
43   84   0.006012871795782652
44   45   0.04717014939412393
44   46   0.002036455367889592
44   47   0.09196633711310678
44   48   0.011882603064364358
44   49   0.17966957983103013
44   51   0.14824715146857798
44   52   0.011134292156671624
44   56   0.00386253174788238
44   60   0.007405449030505595
44   62   0.011690479378121024
44   63   0.04966970113651382
44   65   0.011484349332587443
44   66   0.0529856077587022
44   67   0.011674913707432311
44   68   0.0359027939540132
44   70   0.062443022216625975
44   71   0.0809159600817649
44   72   0.09406562257055243
44   73   0.05093699137282002
44   74   0.12013444358873994
44   75   0.007449659035004664
44   76   0.034369978881070816
44   77   0.05522168737047984
44   79   0.01929738578103805
44   80   0.07288988713485119
44   83   0.0034168822042778746
44   84   0.00041729708056869187
45   46   0.06151367280165339
45   47   0.053002527568440545
45   48   0.07091182625084856
45   49   0.09645060588913014
45   50   0.03267492074076802
45   51   0.08673695335831742
45   52   0.024366292112543722
45   53   0.027774209127404425
45   55   0.0719666523590711
45   56   0.05512666351573327
45   57   0.029584810330994762
45   58   0.08806990918500997
45   59   0.03612569943098544
45   60   0.04524296993636143
45   61   0.008896138994955038
45   62   0.01718562786833939
45   63   0.035250127209354776
45   64   0.0888422325829797
45   65   0.06250447863155524
45   66   0.03659776164015895
45   67   0.07145019208603016
45   68   0.16444935213939654
45   69   0.009346919989273499
45   70   0.1295694125029618
45   71   0.08986927234300877
45   72   0.18344954141449585
45   73   0.040576603736030836
45   74   0.13795002006587845
45   75   0.04740316896111662
45   76   0.057481468043098796
45   77   0.05037024100577922
45   78   0.0984526428061774
45   79   0.007411312073491258
45   80   0.07293980901695268
45   81   0.05337286938517246
45   82   0.005395476574515142
45   83   0.15410147603123264
45   84   0.10086109613124108
46   47   0.027696305449828793
46   48   0.15604439524178595
46   49   0.12059388706518423
46   51   0.09773513402086798
46   52   0.002198162290972381
46   55   0.014186088486349273
46   56   0.08339347467211357
46   57   0.07355283909496113
46   58   0.2803755143392957
46   59   0.051079269663590346
46   60   0.16310793965120865
46   63   0.13591326615929986
46   64   0.05067293021966519
46   65   0.07073148708389697
46   66   0.024681514872749766
46   67   0.07120651427218243
46   68   0.09280311409468074
46   70   0.05914998075347217
46   71   0.09739673651901248
46   72   0.14123714401631007
46   73   0.07080590300789898
46   75   0.038009852095406256
46   76   0.08977483024504158
46   77   0.0379851914233368
46   78   0.01308941627818676
46   79   0.11350371869980612
46   80   0.06383153409542658
46   81   0.09744759599017551
46   83   0.061083528477796994
46   84   0.02432397513789039
47   48   0.06584818020330221
47   49   0.003469349257449484
47   51   0.06262376806539426
47   52   0.1995129354193196
47   53   0.011050999888588119
47   54   0.03494609826906756
47   55   0.03924588345119657
47   56   0.05004367053173852
47   57   0.09503258455219592
47   58   0.07638989200552479
47   59   0.037073968626314215
47   61   0.06215091160337014
47   63   0.0470511470357792
47   64   0.03384742345833254
47   65   0.08481548418348107
47   69   0.01021144011040598
47   70   0.15416287177367524
47   71   0.010698504920617006
47   72   0.17706697477595237
47   73   0.04985368848769445
47   75   0.06747550636968666
47   76   0.026318782125095315
47   77   0.11167294726274314
47   78   0.01755018893916498
47   79   0.05025753140994402
47   81   0.08119547030909875
47   83   0.07230468229509408
47   84   0.13934533540609453
48   49   0.02058618588181111
48   53   0.04968286735780897
48   54   0.02492388278527612
48   55   0.0022633090008039912
48   56   0.09687666088217849
48   57   0.05176476757174866
48   58   0.12817955151367988
48   59   0.08345575072360026
48   60   0.016245452540233164
48   61   0.0009715164195390768
48   62   0.1632683186161308
48   63   0.07381711052319792
48   64   0.04363086182148147
48   69   0.06460559892401052
48   70   0.15324094128189453
48   72   0.11318133863258319
48   73   0.004488725439269066
48   75   0.03294126212848615
48   76   0.11266665259977751
48   77   0.013882692312010649
48   78   0.03680693105753385
48   79   0.007131960062419647
48   81   0.01055664854026627
48   83   0.06999782236153722
48   84   0.08492143307768618
49   51   0.03381278557631442
49   57   0.07837566869310987
49   58   0.055593208441080885
49   60   0.058920427638425164
49   62   0.006051175147003968
49   63   0.11055417647701811
49   67   0.04432581798186085
49   71   0.031122770252675014
49   73   0.00901107057310072
49   74   0.022550957437290103
49   75   0.12140354608390024
49   76   0.05688354927894491
49   80   0.026500505753980358
49   83   0.05528910210296607
49   84   0.1063753205887451
50   52   0.030555101852649327
50   56   0.06611961253930439
50   57   0.18262145939087246
50   58   0.04239913826910582
50   59   0.05491116238464042
50   63   0.0829981405304864
50   66   0.05286859130518621
50   68   0.05313538014327881
50   70   0.05431750777699205
50   72   0.01997884436678534
50   73   0.052325469631659
50   75   0.09801411901550895
50   76   0.061596052889189255
50   77   0.0543082611083349
50   78   0.0294730237091292
50   79   0.046916872140569485
50   82   0.023900046091373844
50   83   0.07829537993358299
51   52   0.033379063846686874
51   54   0.004476196501843689
51   58   0.10702136127123395
51   60   0.00067435205365297
51   62   0.02375190911177417
51   64   0.033831281801072505
51   65   0.0022284520011036004
51   66   0.11315418688127409
51   68   0.1626837846556966
51   71   0.11563154599805302
51   72   0.014024478462177003
51   73   0.08177604577207319
51   74   0.07738740415408196
51   75   0.16328313851400675
51   76   0.044781260111922024
51   77   0.057432372114015216
51   80   0.13381541173141676
51   83   0.13828963285310628
52   55   0.00427923568975327
52   56   0.037585295624255353
52   57   0.016961368748255736
52   59   0.0018007525233597256
52   63   0.036951506149268454
52   66   0.15601932071752603
52   67   0.1163890032831928
52   68   0.18633051616377663
52   70   0.13422851086174564
52   71   0.12668331115849094
52   72   0.04851235467083598
52   73   0.07484632075401881
52   75   0.23597053723009842
52   76   0.05399199125935141
52   77   0.08301344149787712
52   78   0.015823259077251513
52   79   0.08398936303266583
52   83   0.07147037691019595
53   54   0.07159826415343408
53   55   0.018099061494829233
53   56   0.010040917635673137
53   57   0.08367094424589591
53   58   0.10514913026479758
53   59   0.004735178429776169
53   61   0.1306263579882689
53   63   0.02855733160811998
53   64   0.0629409951569307
53   69   0.10103262127935349
53   73   0.005383880691376464
53   77   0.033437160707993976
53   78   0.013048405801354612
53   83   0.054268449176139814
54   55   0.07432045276941826
54   56   0.052010900581567925
54   57   0.09398809783545817
54   58   0.025172046373930317
54   59   0.07277268601964353
54   61   0.026360007209300523
54   64   0.0005313845790263664
54   69   0.1276565133583621
54   71   0.009740667158500842
54   73   0.030093065219884245
54   76   0.01765944903876264
54   77   0.08212157958342654
54   78   0.034459567242504235
54   81   0.09284672037128436
54   83   0.10209943411851878
54   84   0.01439050108364278
55   56   0.001177427428619733
55   57   0.020489839894135563
55   58   0.05306142110924481
55   59   0.05372543942669367
55   61   0.07480282157766775
55   63   0.026219453922755435
55   64   0.27902771442663143
55   69   0.06892320226597137
55   72   0.05870116454255349
55   73   0.014039061418516161
55   77   0.01548928269557523
55   78   0.05392815623949658
55   81   0.07643891619457116
55   83   0.06501017924086426
56   57   0.11773921942643518
56   58   0.14521858418664604
56   59   0.10608459496460498
56   60   0.046768156151472444
56   61   0.12040842569721337
56   63   0.05461525655056632
56   64   0.029315895886164952
56   66   0.07897460143324163
56   67   0.032456755106937886
56   68   0.007843962971099938
56   69   0.1077175220420085
56   70   0.03492929408105737
56   72   0.07794824546029155
56   73   0.036783045768297044
56   75   0.0016064493867137453
56   76   0.0743206954900968
56   77   0.14567024015576074
56   78   0.09547966358040803
56   79   0.07846276907672667
56   81   0.017402367726930344
56   82   0.07555692762299066
56   83   0.07859861474483407
57   58   0.14409034121186953
57   59   0.05164215477521636
57   60   0.08440584230330311
57   61   0.10552545631263209
57   63   0.058077802224816615
57   64   0.06145694601480084
57   66   0.01723709638108932
57   67   0.04664804242955298
57   68   0.05338729225291583
57   69   0.049821078326221666
57   70   0.07381236711755035
57   72   0.03652934352305653
57   73   0.052545564970981964
57   75   0.06273136365451641
57   76   0.0133723561725614
57   77   0.05096524151804343
57   78   0.17945394145191818
57   79   0.05921448290108023
57   81   0.009930186134406653
57   83   0.08880690857114014
58   59   0.050321238410020945
58   61   0.02884066208486463
58   62   0.13831791747829317
58   63   0.05166648311192575
58   64   0.004466960896155641
58   69   0.011849072991491164
58   71   0.07865915897264886
58   73   0.04266895188029588
58   74   0.06626863022831406
58   75   0.08972546114879794
58   76   0.10828846906315281
58   77   0.07843034737426645
58   78   0.06428773260098472
58   79   0.021976624151327145
58   80   0.0760643732518393
58   82   0.08583556151823205
58   83   0.027532176116781073
59   60   0.0598091911808351
59   61   0.016309095199840404
59   63   0.0010547208118122
59   64   0.11170590506416474
59   69   0.06935890945903243
59   73   0.011849210067275755
59   77   0.004199703558468748
59   78   0.029528440079276887
59   81   0.12491143938884915
59   82   0.07268071789655108
59   83   0.11602865130566964
60   61   0.0787319341536401
60   62   0.029057539867753484
60   63   0.05128631429138912
60   66   0.15901180324745584
60   67   0.14885983984271775
60   68   0.05790487954734757
60   70   0.1069799319945759
60   72   0.018687266939785698
60   74   0.15601535782355722
60   75   0.08443952420447753
60   76   0.049752196612484624
60   78   0.02555272965479958
60   79   0.05506708772131033
60   80   0.09585176806334333
60   81   0.07101860018099679
60   83   0.03766541450299308
61   63   0.05774091600831209
61   64   0.01368094459120454
61   69   0.11583967202908502
61   73   0.026002837136400427
61   77   0.049226032497817054
61   78   0.05063733486777572
61   81   0.12667959937198048
61   83   0.11358892999675092
62   67   0.02660239433940968
62   71   0.09259883909806142
62   73   0.03278537582509041
62   74   0.09332709182495467
62   75   0.12581036310082452
62   76   0.05183137109209735
62   78   0.17804589080704253
62   80   0.07795326202006782
62   81   0.17661818434199864
62   83   0.024517845917479995
63   64   0.023799665633155283
63   66   0.04655891694179782
63   67   0.02959436344953542
63   68   0.0012740499998589601
63   69   0.027353708886535995
63   70   0.028157966342089166
63   72   0.052164738835619354
63   73   0.05982495803665356
63   75   0.036092517121827206
63   76   0.0901199232841387
63   77   0.12484227412239203
63   78   0.07754017059405603
63   79   0.0037164969431955426
63   80   0.01876621144779773
63   81   0.015609538232521964
63   82   0.12744723719005754
63   83   0.04316080149603587
64   69   0.09411659437127871
64   70   0.0007705249159537419
64   71   0.014955268603369765
64   72   0.015026230864097967
64   73   0.05060471029751126
64   74   0.019757443729375757
64   76   0.07594832350550655
64   77   0.006213478735034294
64   78   0.033312026393173794
64   79   0.02031233646533835
64   81   0.008298058431093026
64   83   0.037796181296659945
64   84   0.02845605513506826
65   70   0.018559580906585604
65   71   0.09383702231860026
65   72   0.0583609809331981
65   73   0.05373508788896575
65   76   0.005616040512646202
65   77   0.12762319716918738
65   79   0.09336199694340108
65   82   0.11691775893572794
65   83   0.09801718893588694
65   84   0.007314328072819671
66   67   0.009451492153588039
66   68   0.16618564394951763
66   70   0.00980464930091752
66   71   0.12428217397725581
66   72   0.03529427503182291
66   73   0.040465305458130395
66   75   0.03773278029278458
66   76   0.023555069987660823
66   77   0.02832955092489916
66   78   0.022410234830490237
66   79   0.15548086440729142
66   82   0.00962890249076452
66   83   0.0541377703183559
67   68   0.011680023139134296
67   70   0.04501117978128227
67   72   0.22066933235699085
67   74   0.036299841659757213
67   75   0.023767913769107547
67   76   0.030720352583677432
67   77   0.08466511157122972
67   78   0.04905520506786066
67   79   0.09820836368420743
67   80   0.10082012893304536
67   83   0.09048260607244991
68   70   0.10526593305449103
68   72   0.05074168004750389
68   74   0.006628621818164614
68   75   0.16579523673902327
68   76   0.04655613116677056
68   77   0.011193186995211487
68   78   0.00157330696833133
68   79   0.04182039020841606
68   80   0.07921742741284066
68   82   0.09545228298416751
68   83   0.021145082978354792
69   73   0.026651484434257595
69   77   0.11071226432996736
69   78   0.05061310146849277
69   83   0.099087072256491
70   71   0.03266077240042136
70   72   0.03354907328786386
70   73   0.12345468765045453
70   75   0.022028614924081955
70   76   0.030810588641911867
70   77   0.14263527047359412
70   78   0.021308526046383326
70   79   0.10930779605799017
70   82   0.0925926981533643
70   83   0.1563426033228133
70   84   0.0541962027052195
71   72   0.061361710606490025
71   73   0.024349009512509137
71   74   0.039420881412660716
71   75   0.05104357624936062
71   76   0.12612432654172984
71   77   0.03420926315402429
71   78   0.01067709163262316
71   79   0.032802504855753346
71   80   0.07789475167370177
71   83   0.02628086271151917
72   73   0.05608573507520587
72   75   0.11488890587438401
72   76   0.07202553939658483
72   77   0.016004354029552192
72   78   0.040878311866827985
72   79   0.025711331324131694
72   82   0.021827009849887394
72   83   0.037662179670628175
72   84   0.013255498389646375
73   74   0.1169136401371003
73   75   0.07756020080238392
73   76   0.08094021121952238
73   77   0.09865261601616827
73   78   0.07143584557059753
73   79   0.04787249402894115
73   80   0.10953219195370481
73   81   0.10103919811922595
73   82   0.11230154568069126
73   83   0.08215581061073393
74   75   0.10687618817299704
74   76   0.041424395500486405
74   80   0.030801540832867676
74   83   0.21742755937602587
75   76   0.05349586334037947
75   77   0.1156849362276052
75   78   0.007842522945067675
75   79   0.052155936374390616
75   80   0.04779190863419723
75   82   0.05195912366019871
75   83   0.01639276504307204
76   77   0.006424139469049647
76   78   0.1048123889177959
76   79   0.050347021936791074
76   80   0.0216375486120125
76   82   0.1331803382090533
76   83   0.018348395299272506
76   84   0.013405986357535869
77   78   0.05186055107979428
77   79   0.0022524307139789417
77   81   0.07390615796633493
77   82   0.0029139813494030217
77   83   0.10867769042904195
77   84   0.027328903533044357
78   79   0.0667858569790617
78   80   0.1864743503613183
78   81   0.04645327994543635
78   82   0.062264588523679006
78   83   0.053073793077209844
79   82   0.04127010390335493
79   83   0.04175495384994832
80   83   0.14128086561440664
81   83   0.036301679435661344
82   83   0.043292201428996285
