1   7   0.112
1   8   0.049
1   10   0.073
1   14   0.116
1   17   0.2
1   21   0.077
1   23   0.045
1   28   0.11
1   29   0.132
1   30   0.181
1   34   0.069
2   9   0.079
2   13   0.035
2   17   0.044
2   19   0.078
2   22   0.095
2   24   0.053
2   25   0.107
2   26   0.09
2   27   0.102
2   34   0.004
2   36   0.022
2   37   0.064
2   38   0.058
2   43   0.157
2   44   0.07
2   51   0.025
2   62   0.01
2   74   0.162
2   75   0.083
2   76   0.102
3   6   0.059
3   7   0.049
3   8   0.065
3   14   0.014
3   17   0.063
3   19   0.061
3   21   0.152
3   23   0.141
3   24   0.055
3   26   0.214
3   27   0.139
3   28   0.12
3   29   0.039
3   30   0.098
3   34   0.183
3   36   0.15
3   37   0.065
3   38   0.129
3   39   0.075
3   40   0.077
3   43   0.101
3   44   0.057
3   45   0.098
3   46   0.025
3   51   0.125
3   52   0.005
3   65   0.084
3   66   0.101
3   72   0.127
3   73   0.018
3   75   0.1
3   76   0.096
3   77   0.09
4   6   0.04
4   7   0.225
4   8   0.085
4   9   0.081
4   10   0.153
4   12   0.023
4   14   0.175
4   15   0.079
4   20   0.123
4   24   0.218
4   28   0.037
4   29   0.14
4   34   0.023
4   36   0.16
4   38   0.183
4   40   0.042
4   47   0.034
4   53   0.115
4   58   0.12
4   61   0.108
4   73   0.012
4   77   0.064
5   6   0.076
5   15   0.048
5   32   0.117
5   40   0.066
5   41   0.075
6   7   0.155
6   8   0.028
6   9   0.038
6   10   0.021
6   12   0.065
6   14   0.047
6   15   0.148
6   20   0.08
6   23   0.108
6   24   0.124
6   28   0.059
6   29   0.063
6   30   0.101
6   34   0.145
6   36   0.073
6   38   0.044
6   40   0.027
6   41   0.027
6   73   0.046
6   77   0.009
7   8   0.132
7   9   0.04
7   10   0.023
7   12   0.086
7   14   0.028
7   15   0.014
7   17   0.153
7   20   0.194
7   21   0.036
7   23   0.037
7   24   0.034
7   26   0.079
7   27   0.08
7   28   0.075
7   29   0.043
7   30   0.078
7   33   0.022
7   34   0.151
7   35   0.159
7   36   0.093
7   38   0.108
7   39   0.126
7   40   0.074
7   43   0.161
7   58   0.078
7   59   0.057
7   73   0.031
7   76   0.003
7   77   0.008
8   10   0.046
8   12   0.118
8   14   0.039
8   15   0.002
8   17   0.171
8   19   0.198
8   20   0.034
8   21   0.05
8   23   0.134
8   24   0.099
8   26   0.169
8   27   0.061
8   28   0.128
8   29   0.085
8   30   0.029
8   34   0.085
8   36   0.06
8   38   0.002
8   39   0.072
8   40   0.061
8   41   0.118
8   73   0.058
8   77   0.087
9   10   0.035
9   12   0.096
9   14   0.007
9   15   0.044
9   20   0.06
9   22   0.14
9   24   0.079
9   25   0.125
9   26   0.192
9   27   0.008
9   28   0.001
9   29   0.1
9   34   0.123
9   36   0.148
9   37   0.189
9   38   0.035
9   40   0.045
9   43   0.174
9   45   0.184
9   47   0.009
9   53   0.09
9   56   0.05
9   58   0.065
9   59   0.062
9   61   0.033
9   69   0.011
9   73   0.029
9   76   0.15
9   77   0.077
9   78   0.154
10   12   0.022
10   14   0.135
10   15   0.082
10   20   0.041
10   24   0.214
10   28   0.162
10   29   0.066
10   30   0.101
10   34   0.08
10   35   0.059
10   36   0.041
10   38   0.157
10   40   0.106
10   41   0.023
10   43   0.079
10   53   0.186
10   56   0.041
10   58   0.024
10   73   0.058
10   77   0.05
11   13   0.055
11   17   0.029
11   18   0.101
11   19   0.022
11   25   0.121
11   26   0.054
11   27   0.009
11   34   0.053
11   36   0.041
11   37   0.053
11   38   0.04
11   62   0.106
11   75   0.075
11   76   0.009
12   14   0.136
12   15   0.05
12   20   0.016
12   24   0.068
12   28   0.09
12   29   0.191
12   34   0.084
12   36   0.165
12   38   0.191
12   40   0.074
12   41   0.02
12   53   0.118
12   58   0.061
12   59   0.138
12   73   0.02
12   77   0.005
13   22   0.128
13   25   0.067
13   26   0.168
13   27   0.077
13   31   0.022
13   34   0.165
13   37   0.019
13   38   0.063
13   44   0.135
13   45   0.082
13   62   0.118
13   74   0.145
13   75   0.009
13   76   0.044
14   17   0.138
14   19   0.177
14   20   0.06
14   21   0.041
14   23   0.141
14   24   0.07
14   26   0.087
14   27   0.029
14   28   0.141
14   29   0.005
14   30   0.02
14   34   0.088
14   36   0.002
14   38   0.131
14   40   0.01
14   41   0.043
14   73   0.058
14   77   0.059
15   20   0.005
15   22   0.137
15   24   0.119
15   27   0.054
15   28   0.057
15   29   0.117
15   36   0.043
15   40   0.033
15   73   0.045
15   77   0.076
16   21   0.082
16   22   0.049
16   23   0.152
16   24   0.089
16   27   0.07
16   28   0.101
16   34   0.061
16   36   0.013
16   37   0.003
16   38   0.036
16   39   0.02
16   40   0.055
16   43   0.005
16   45   0.07
16   52   0.091
16   65   0.001
16   70   0.154
16   71   0.168
16   72   0.014
16   73   0.041
16   76   0.031
16   77   0.115
16   79   0.129
17   18   0.011
17   19   0.125
17   21   0.099
17   23   0.002
17   24   0.068
17   26   0.039
17   27   0.068
17   28   0.144
17   29   0.025
17   30   0.12
17   33   0.024
17   34   0.098
17   36   0.011
17   37   0.096
17   38   0.058
17   39   0.019
17   43   0.019
17   51   0.141
17   52   0.012
17   66   0.04
17   72   0.053
17   75   0.138
17   76   0.013
18   19   0.016
18   23   0.008
18   26   0.054
18   27   0.131
18   34   0.053
18   36   0.021
18   37   0.039
18   38   0.134
18   39   0.029
18   75   0.096
18   76   0.147
19   23   0.122
19   26   0.136
19   27   0.027
19   29   0.171
19   30   0.104
19   34   0.048
19   36   0.025
19   37   0.105
19   38   0.055
19   39   0.059
19   51   0.209
19   75   0.121
19   76   0.073
20   24   0.166
20   28   0.047
20   29   0.111
20   34   0.088
20   36   0.047
20   38   0.155
20   40   0.013
20   53   0.131
20   58   0.082
20   61   0.013
20   73   0.055
20   77   0.009
21   22   0.12
21   23   0.048
21   24   0.004
21   26   0.096
21   27   0.083
21   28   0.055
21   29   0.037
21   30   0.079
21   33   0.028
21   34   0.045
21   35   0.033
21   36   0.106
21   37   0.075
21   38   0.078
21   39   0.055
21   40   0.02
21   43   0.09
21   45   0.017
21   65   0.019
21   70   0.062
21   71   0.079
21   72   0.057
21   73   0.028
21   76   0.117
21   77   0.129
21   78   0.001
21   79   0.11
21   84   0.036
22   23   0.113
22   24   0.15
22   25   0.317
22   27   0.018
22   28   0.065
22   36   0.092
22   37   0.133
22   38   0.118
22   43   0.019
22   52   0.048
22   65   0.109
22   70   0.126
22   71   0.027
22   72   0.102
22   73   0.07
22   75   0.138
22   76   0.048
22   77   0.2
23   24   0.106
23   26   0.038
23   27   0.091
23   28   0.022
23   29   0.168
23   30   0.067
23   33   0.007
23   34   0.111
23   35   0.013
23   36   0.069
23   37   0.025
23   38   0.152
23   39   0.154
23   40   0.048
23   43   0.044
23   45   0.118
23   46   0.093
23   52   0.078
23   65   0.101
23   70   0.055
23   71   0.201
23   72   0.002
23   73   0.125
23   76   0.136
23   77   0.055
23   84   0.02
24   25   0.172
24   26   0.015
24   27   0.049
24   28   0.185
24   29   0.012
24   30   0.067
24   33   0.131
24   34   0.022
24   36   0.09
24   37   0.064
24   38   0.141
24   39   0.035
24   40   0.091
24   43   0.138
24   45   0.153
24   46   0.086
24   47   0.07
24   51   0.053
24   52   0.03
24   53   0.045
24   55   0.054
24   56   0.154
24   58   0.081
24   59   0.071
24   61   0.045
24   63   0.017
24   65   0.085
24   70   0.143
24   71   0.01
24   72   0.105
24   73   0.07
24   76   0.1
24   77   0.152
24   78   0.002
24   79   0.138
24   83   0.026
24   84   0.115
25   26   0.035
25   27   0.047
25   31   0.01
25   37   0.029
25   38   0.1
25   45   0.008
25   51   0.066
25   62   0.173
25   74   0.166
25   75   0.13
25   76   0.039
26   27   0.088
26   28   0.056
26   29   0.004
26   30   0.013
26   31   0.008
26   34   0.185
26   36   0.209
26   37   0.025
26   38   0.285
26   39   0.113
26   43   0.093
26   44   0.044
26   45   0.13
26   46   0.008
26   51   0.31
26   52   0.083
26   60   0.036
26   62   0.116
26   66   0.004
26   67   0.033
26   68   0.049
26   72   0.073
26   73   0.102
26   74   0.238
26   75   0.136
26   76   0.091
26   80   0.034
26   83   0.184
26   84   0.155
27   28   0.003
27   29   0.008
27   30   0.027
27   31   0.071
27   34   0.069
27   35   0.032
27   36   0.012
27   37   0.029
27   38   0.061
27   39   0.127
27   40   0.042
27   43   0.005
27   44   0.03
27   45   0.132
27   46   0.043
27   51   0.159
27   52   0.11
27   56   0.006
27   58   0.026
27   60   0.007
27   62   0.05
27   65   0.002
27   66   0.101
27   67   0.082
27   68   0.074
27   70   0.004
27   71   0.17
27   72   0.119
27   73   0.025
27   74   0.214
27   75   0.111
27   76   0.042
27   77   0.198
27   79   0.103
27   80   0.038
27   83   0.181
27   84   0.069
28   29   0.012
28   30   0.017
28   33   0.035
28   34   0.048
28   35   0.02
28   36   0.013
28   37   0.037
28   38   0.186
28   39   0.121
28   40   0.039
28   41   0.044
28   43   0.133
28   45   0.158
28   47   0.05
28   52   0.038
28   53   0.145
28   55   0.01
28   56   0.111
28   57   0.004
28   58   0.055
28   59   0.052
28   61   0.034
28   63   0.005
28   65   0.021
28   69   0.103
28   70   0.069
28   71   0.052
28   72   0.028
28   73   0.026
28   76   0.055
28   77   0.049
28   78   0.09
28   79   0.102
28   83   0.107
28   84   0.111
29   30   0.079
29   32   0.033
29   33   0.13
29   34   0.071
29   36   0.033
29   38   0.158
29   40   0.059
29   43   0.168
29   45   0.014
29   73   0.09
29   77   0.103
30   33   0.136
30   34   0.008
30   36   0.055
30   38   0.098
30   39   0.136
30   40   0.001
30   72   0.044
30   76   0.084
31   37   0.075
31   38   0.068
31   62   0.065
31   75   0.095
31   76   0.079
31   80   0.092
32   34   0.071
32   36   0.043
32   41   0.009
33   34   0.097
33   38   0.21
34   36   0.072
34   37   0.006
34   38   0.058
34   39   0.138
34   40   0.072
34   41   0.027
34   45   0.095
34   73   0.207
34   75   0.047
34   76   0.094
34   77   0.113
35   36   0.068
35   37   0.03
35   38   0.028
35   39   0.006
35   41   0.058
35   43   0.179
35   44   0.03
35   46   0.081
35   72   0.103
35   76   0.02
35   77   0.093
35   84   0.021
36   37   0.101
36   38   0.02
36   39   0.103
36   40   0.034
36   41   0.051
36   43   0.147
36   45   0.113
36   46   0.027
36   47   0.144
36   51   0.162
36   52   0.135
36   56   0.01
36   58   0.109
36   65   0.202
36   66   0.056
36   70   0.117
36   71   0.216
36   72   0.113
36   73   0.093
36   75   0.073
36   76   0.012
36   77   0.08
36   83   0.203
36   84   0.115
37   38   0.001
37   39   0.13
37   40   0.053
37   43   0.021
37   44   0.169
37   45   0.069
37   51   0.115
37   52   0.003
37   62   0.091
37   74   0.12
37   75   0.033
37   76   0.077
37   80   0.101
37   84   0.045
38   39   0.094
38   40   0.021
38   41   0.057
38   43   0.117
38   44   0.021
38   45   0.073
38   46   0.035
38   51   0.231
38   52   0.173
38   56   0.056
38   58   0.079
38   62   0.038
38   71   0.243
38   72   0.101
38   73   0.036
38   75   0.082
38   76   0.034
38   77   0.002
38   83   0.049
38   84   0.043
39   40   0.056
39   43   0.081
39   72   0.001
39   75   0.033
39   76   0.029
39   84   0.007
40   41   0.138
40   43   0.104
40   45   0.161
40   47   0.075
40   58   0.105
40   59   0.132
40   61   0.023
40   73   0.087
40   77   0.093
43   44   0.13
43   45   0.122
43   46   0.034
43   47   0.029
43   48   0.051
43   51   0.007
43   52   0.111
43   53   0.006
43   55   0.108
43   56   0.059
43   57   0.111
43   58   0.095
43   59   0.139
43   61   0.165
43   63   0.017
43   64   0.017
43   65   0.027
43   66   0.017
43   67   0.09
43   68   0.323
43   69   0.12
43   70   0.102
43   71   0.023
43   72   0.042
43   73   0.004
43   75   0.04
43   76   0.105
43   77   0.181
43   78   0.039
43   79   0.078
43   83   0.006
43   84   0.036
44   45   0.023
44   46   0.069
44   47   0.051
44   49   0.202
44   51   0.044
44   52   0.111
44   56   0.023
44   60   0.037
44   62   0.01
44   65   0.084
44   66   0.133
44   67   0.049
44   68   0.14
44   70   0.038
44   71   0.087
44   72   0.093
44   73   0.074
44   74   0.046
44   75   0.053
44   76   0.023
44   77   0.022
44   80   0.104
44   83   0.019
44   84   0.015
45   46   0.062
45   47   0.068
45   48   0.071
45   49   0.15
45   50   0.068
45   51   0.092
45   52   0.09
45   53   0.054
45   55   0.137
45   56   0.112
45   57   0.087
45   58   0.172
45   59   0.009
45   60   0.063
45   61   0.069
45   62   0.003
45   63   0.042
45   65   0.05
45   66   0.035
45   67   0.001
45   68   0.144
45   69   0.048
45   70   0.156
45   71   0.161
45   72   0.126
45   73   0.092
45   74   0.14
45   75   0.122
45   76   0.077
45   77   0.085
45   78   0.104
45   79   0.031
45   80   0.157
45   82   0.041
45   83   0.229
45   84   0.131
46   47   0.15
46   48   0.197
46   52   0.055
46   56   0.113
46   63   0.099
46   65   0.01
46   66   0.035
46   67   0.064
46   68   0.104
46   70   0.151
46   72   0.178
46   73   0.08
46   75   0.117
46   76   0.128
46   77   0.048
46   79   0.093
46   83   0.005
46   84   0.094
47   48   0.13
47   52   0.217
47   53   0.015
47   54   0.008
47   55   0.067
47   56   0.018
47   57   0.128
47   58   0.027
47   59   0.028
47   61   0.005
47   63   0.095
47   64   0.201
47   69   0.022
47   71   0.14
47   72   0.197
47   73   0.106
47   76   0.018
47   77   0.155
47   78   0.064
47   79   0.032
47   83   0.005
47   84   0.111
48   54   0.016
48   55   0.007
48   57   0.055
48   59   0.164
48   61   0.096
48   63   0.148
48   73   0.04
48   78   0.07
48   81   0.109
48   83   0.074
49   60   0.042
50   56   0.088
50   57   0.117
50   59   0.027
50   63   0.077
50   72   0.041
50   75   0.124
50   77   0.009
50   78   0.071
50   79   0.028
50   83   0.15
51   58   0.096
51   71   0.157
51   73   0.03
51   74   0.159
51   75   0.19
51   76   0.018
51   83   0.06
52   56   0.007
52   59   0.008
52   66   0.155
52   68   0.114
52   70   0.143
52   72   0.023
52   73   0.07
52   75   0.263
52   76   0.122
52   77   0.058
52   79   0.178
52   83   0.184
52   84   0.047
53   55   0.028
53   56   0.069
53   57   0.14
53   58   0.186
53   59   0.017
53   61   0.086
53   63   0.063
53   64   0.049
53   69   0.089
53   73   0.043
53   77   0.083
53   78   0.027
53   83   0.076
54   55   0.023
54   64   0.063
55   56   0.005
55   57   0.002
55   58   0.065
55   59   0.034
55   61   0.085
55   63   0.023
55   64   0.162
55   69   0.109
55   73   0.134
55   77   0.094
55   78   0.001
55   83   0.066
56   57   0.036
56   58   0.028
56   59   0.163
56   61   0.092
56   63   0.091
56   66   0.042
56   68   0.068
56   69   0.131
56   70   0.037
56   72   0.117
56   73   0.082
56   75   0.059
56   76   0.03
56   77   0.173
56   78   0.02
56   79   0.132
56   82   0.031
56   83   0.103
57   59   0.017
57   61   0.113
57   63   0.031
57   64   0.075
57   66   0.133
57   69   0.085
57   70   0.135
57   72   0.06
57   73   0.054
57   75   0.041
57   76   0.016
57   77   0.111
57   78   0.221
57   79   0.142
57   83   0.141
58   59   0.053
58   61   0.045
58   63   0.063
58   64   0.116
58   69   0.08
58   71   0.16
58   73   0.072
58   74   0.048
58   76   0.131
58   77   0.026
58   78   0.172
58   83   0.135
59   61   0.018
59   63   0.037
59   64   0.068
59   69   0.063
59   73   0.023
59   77   0.064
59   78   0.021
59   83   0.117
60   62   0.053
60   66   0.169
60   67   0.053
60   68   0.093
60   74   0.214
60   75   0.03
60   76   0.054
60   83   0.006
61   63   0.055
61   64   0.013
61   69   0.086
61   73   0.01
61   77   0.124
61   78   0.076
61   83   0.156
62   71   0.081
62   74   0.118
62   75   0.178
62   76   0.129
62   83   0.013
63   66   0.052
63   68   0.019
63   69   0.034
63   70   0.127
63   72   0.05
63   73   0.015
63   75   0.064
63   76   0.02
63   77   0.135
63   78   0.095
63   79   0.083
63   83   0.081
64   69   0.051
64   71   0.087
64   73   0.042
64   76   0.126
64   77   0.022
65   70   0.044
65   71   0.104
65   72   0.11
65   73   0.007
65   76   0.037
65   77   0.158
65   79   0.048
65   84   0.083
66   67   0.035
66   68   0.18
66   70   0.077
66   72   0.029
66   73   0.014
66   75   0.063
66   76   0.038
66   77   0.024
66   78   0.032
66   79   0.196
66   83   0.064
67   68   0.096
67   72   0.201
67   75   0.039
67   76   0.066
67   83   0.081
68   70   0.046
68   72   0.06
68   75   0.198
68   76   0.063
68   77   0.028
68   79   0.03
68   83   0.115
69   73   0.007
69   77   0.182
69   78   0.058
69   83   0.152
70   71   0.067
70   72   0.047
70   73   0.111
70   75   0.063
70   76   0.022
70   77   0.113
70   78   0.05
70   79   0.094
70   82   0.045
70   83   0.182
70   84   0.068
71   72   0.122
71   73   0.106
71   74   0.013
71   76   0.142
71   77   0.087
72   73   0.031
72   75   0.043
72   76   0.081
72   77   0.007
72   78   0.063
72   79   0.085
72   83   0.018
72   84   0.017
73   74   0.116
73   76   0.088
73   77   0.148
73   78   0.018
73   79   0.021
73   82   0.056
73   83   0.003
73   84   0.069
74   76   0.034
75   76   0.013
75   77   0.097
75   78   0.009
75   79   0.117
75   80   0.028
75   83   0.106
75   84   0.021
76   77   0.07
76   78   0.024
76   79   0.134
76   80   0.116
76   83   0.053
76   84   0.078
77   78   0.076
77   79   0.088
77   82   0.049
77   83   0.092
77   84   0.043
78   79   0.116
78   81   0.06
78   82   0.084
78   83   0.016
79   82   0.042
79   83   0.05
81   83   0.042
82   83   0.014
