1   7   0.069
1   8   0.126
1   14   0.053
1   23   0.064
1   29   0.049
1   30   0.022
2   9   0.03
2   13   0.035
2   22   0.067
2   24   0.066
2   25   0.04
2   26   0.069
2   27   0.001
2   31   0.132
2   36   0.016
2   37   0.031
2   38   0.085
2   42   0.015
2   51   0.064
2   76   0.107
3   7   0.044
3   8   0.123
3   17   0.052
3   21   0.109
3   23   0.08
3   26   0.054
3   27   0.163
3   36   0.058
3   37   0.106
3   38   0.127
3   39   0.112
3   76   0.068
4   9   0.004
4   10   0.1
4   12   0.081
4   15   0.03
4   20   0.121
4   24   0.009
4   28   0.049
5   6   0.108
5   12   0.093
5   15   0.126
5   24   0.008
5   32   0.134
5   34   0.133
5   40   0.118
5   41   0.108
6   7   0.028
6   8   0.003
6   10   0.068
6   12   0.147
6   15   0.028
6   28   0.071
6   32   0.099
6   40   0.084
6   41   0.035
7   8   0.023
7   10   0.008
7   14   0.099
7   23   0.05
7   24   0.03
7   28   0.007
7   29   0.027
7   30   0.114
7   33   0.009
7   36   0.021
7   38   0.071
8   10   0.019
8   12   0.021
8   14   0.024
8   17   0.022
8   23   0.075
8   28   0.018
8   30   0.045
8   32   0.043
8   40   0.018
8   41   0.07
9   10   0.023
9   12   0.022
9   15   0.097
9   20   0.012
9   22   0.117
9   24   0.048
9   27   0.029
9   28   0.048
9   36   0.077
9   40   0.104
9   58   0.042
9   73   0.008
9   77   0.017
10   12   0.066
10   14   0.073
10   15   0.205
10   20   0.041
10   28   0.078
10   29   0.054
10   34   0.004
10   36   0.076
10   40   0.004
10   41   0.012
11   13   0.036
11   17   0.075
11   18   0.097
11   19   0.11
11   26   0.186
11   27   0.194
11   31   0.126
11   34   0.066
11   37   0.034
11   38   0.001
11   42   0.043
11   49   0.096
11   62   0.175
11   80   0.015
12   15   0.071
12   20   0.04
12   24   0.078
12   28   0.056
12   40   0.014
13   25   0.127
13   26   0.049
13   27   0.093
13   31   0.055
13   34   0.034
13   36   0.087
13   37   0.027
13   38   0.104
13   41   0.115
13   42   0.169
13   44   0.086
13   49   0.103
13   62   0.075
13   74   0.071
13   75   0.012
13   76   0.07
13   80   0.057
14   17   0.045
14   23   0.08
14   28   0.005
14   29   0.024
14   30   0.072
14   32   0.025
14   34   0.031
14   41   0.029
15   20   0.064
15   24   0.09
15   28   0.047
15   36   0.043
15   40   0.052
16   21   0.06
16   22   0.022
16   23   0.019
16   24   0.103
16   27   0.036
16   28   0.012
16   36   0.043
16   38   0.015
16   39   0.165
16   65   0.041
16   71   0.066
16   72   0.009
16   76   0.055
17   18   0.057
17   19   0.028
17   21   0.032
17   23   0.028
17   26   0.113
17   27   0.088
17   29   0.03
17   30   0.015
17   34   0.002
17   36   0.053
17   37   0.064
17   38   0.083
17   76   0.038
18   19   0.009
18   26   0.001
18   27   0.229
18   31   0.198
18   34   0.099
18   36   0.001
18   37   0.142
18   38   0.123
18   76   0.086
19   26   0.101
19   27   0.151
19   34   0.109
19   36   0.024
19   37   0.067
19   38   0.109
19   76   0.062
20   24   0.123
20   28   0.068
21   23   0.022
21   28   0.131
21   30   0.031
21   33   0.068
21   34   0.054
21   36   0.009
21   37   0.007
21   38   0.001
21   39   0.036
22   23   0.03
22   24   0.008
22   25   0.092
22   27   0.132
22   28   0.024
22   65   0.055
22   71   0.113
22   72   0.031
22   76   0.096
23   27   0.038
23   28   0.108
23   29   0.115
23   30   0.081
23   33   0.055
23   34   0.038
23   36   0.035
23   37   0.005
23   38   0.01
23   39   0.004
23   40   0.001
23   65   0.004
23   71   0.045
24   27   0.085
24   28   0.006
24   33   0.09
24   36   0.007
24   40   0.057
24   58   0.052
24   71   0.008
24   73   0.043
24   77   0.029
25   26   0.154
25   27   0.01
25   31   0.012
25   42   0.073
25   49   0.04
25   62   0.139
25   74   0.024
25   75   0.003
25   76   0.021
25   80   0.002
26   27   0.159
26   31   0.079
26   34   0.147
26   36   0.113
26   37   0.142
26   38   0.151
26   39   0.054
26   42   0.001
26   51   0.056
26   62   0.107
26   67   0.035
26   74   0.095
26   75   0.053
26   76   0.052
26   80   0.066
27   28   0.092
27   31   0.12
27   34   0.195
27   36   0.001
27   37   0.052
27   38   0.091
27   39   0.011
27   43   0.088
27   44   0.035
27   45   0.05
27   46   0.046
27   51   0.106
27   52   0.065
27   62   0.077
27   65   0.065
27   66   0.088
27   68   0.053
27   71   0.114
27   72   0.001
27   74   0.031
27   75   0.016
27   76   0.081
27   80   0.059
28   29   0.034
28   30   0.16
28   33   0.051
28   34   0.104
28   36   0.003
28   38   0.069
28   39   0.006
28   40   0.072
28   58   0.021
28   73   0.055
28   77   0.048
29   30   0.043
29   32   0.124
29   33   0.075
29   34   0.109
29   41   0.023
30   33   0.068
30   34   0.011
30   36   0.041
30   38   0.064
31   34   0.051
31   37   0.019
31   38   0.05
31   62   0.062
31   74   0.087
31   75   0.049
31   76   0.009
31   80   0.025
32   34   0.055
32   36   0.028
32   40   0.016
32   41   0.049
33   34   0.009
33   38   0.012
34   36   0.058
34   38   0.188
34   41   0.028
34   42   0.056
35   36   0.048
35   39   0.157
35   46   0.009
35   84   0.136
36   37   0.057
36   38   0.06
36   39   0.207
36   40   0.011
36   41   0.197
36   42   0.05
36   76   0.041
36   84   0.071
37   38   0.018
37   39   0.104
37   42   0.079
37   76   0.061
38   39   0.021
38   41   0.021
38   42   0.061
38   76   0.105
39   40   0.098
39   41   0.014
39   76   0.086
39   84   0.023
40   41   0.014
42   44   0.044
42   49   0.146
42   62   0.119
43   44   0.06
43   45   0.02
43   46   0.079
43   47   0.004
43   48   0.078
43   49   0.015
43   51   0.041
43   52   0.18
43   56   0.044
43   58   0.091
43   59   0.043
43   64   0.039
43   65   0.062
43   67   0.028
43   68   0.039
43   70   0.084
43   72   0.041
43   73   0.104
43   75   0.11
43   76   0.101
43   77   0.074
43   81   0.093
43   83   0.015
43   84   0.024
44   45   0.087
44   46   0.052
44   49   0.266
44   51   0.036
44   52   0.13
44   60   0.02
44   62   0.023
44   66   0.038
44   67   0.085
44   68   0.07
44   70   0.158
44   72   0.15
44   75   0.059
44   76   0.073
44   80   0.016
45   46   0.232
45   48   0.121
45   49   0.134
45   51   0.027
45   52   0.145
45   56   0.073
45   59   0.073
45   60   0.022
45   62   0.026
45   66   0.046
45   67   0.144
45   68   0.062
45   70   0.04
45   72   0.027
45   73   0.054
45   75   0.101
45   76   0.117
45   77   0.004
45   78   0.013
45   79   0.049
45   80   0.069
45   82   0.113
45   83   0.001
46   47   0.087
46   48   0.1
46   52   0.007
46   65   0.079
46   70   0.12
46   72   0.111
46   75   0.053
46   76   0.054
46   77   0.014
46   84   0.075
47   48   0.058
47   54   0.031
47   55   0.063
47   56   0.07
47   57   0.071
47   58   0.047
47   59   0.085
47   61   0.057
47   63   0.021
47   64   0.075
47   72   0.031
47   73   0.009
47   77   0.081
47   81   0.093
48   54   0.158
48   55   0.122
48   57   0.022
48   59   0.034
48   63   0.01
48   77   0.127
48   78   0.046
48   81   0.011
48   83   0.007
49   51   0.008
49   60   0.064
49   62   0.103
49   74   0.166
49   80   0.011
49   83   0.151
50   56   0.012
50   57   0.014
50   63   0.024
50   77   0.084
50   78   0.046
50   79   0.012
51   58   0.089
51   62   0.023
51   71   0.137
51   73   0.189
51   74   0.026
51   75   0.033
51   76   0.037
52   56   0.076
52   57   0.072
52   66   0.036
52   68   0.071
52   72   0.068
52   75   0.03
52   76   0.039
52   77   0.09
53   58   0.043
53   59   0.014
53   61   0.043
53   64   0.052
53   69   0.096
53   73   0.078
53   77   0.048
54   55   0.117
54   64   0.12
54   73   0.021
54   81   0.057
54   83   0.125
55   56   0.126
55   57   0.018
55   59   0.04
55   61   0.056
55   64   0.115
55   77   0.121
55   81   0.084
56   57   0.02
56   59   0.107
56   63   0.011
56   66   0.177
56   70   0.09
56   72   0.047
56   77   0.083
56   78   0.05
56   79   0.016
56   82   0.033
56   83   0.021
57   59   0.041
57   61   0.019
57   63   0.012
57   64   0.015
57   77   0.039
57   79   0.076
57   81   0.015
58   59   0.057
58   61   0.006
58   64   0.053
58   71   0.011
58   73   0.087
58   76   0.128
58   77   0.092
59   61   0.061
59   63   0.002
59   64   0.137
59   69   0.066
59   77   0.01
59   78   0.111
59   83   0.057
60   62   0.028
60   67   0.02
60   68   0.045
60   74   0.084
60   75   0.054
60   80   0.08
60   83   0.192
61   64   0.098
61   69   0.001
61   73   0.083
61   77   0.041
62   74   0.061
62   76   0.122
62   80   0.041
62   83   0.065
63   75   0.102
63   77   0.004
63   78   0.017
63   79   0.049
63   81   0.06
63   83   0.049
64   69   0.104
64   73   0.081
64   77   0.03
65   70   0.155
65   71   0.097
65   72   0.162
65   73   0.124
65   76   0.144
65   77   0.12
66   67   0.051
66   68   0.068
66   70   0.007
66   72   0.038
66   75   0.053
66   76   0.111
66   79   0.105
66   83   0.062
67   68   0.046
67   75   0.046
67   76   0.117
67   80   0.085
67   83   0.072
68   72   0.027
68   75   0.005
68   76   0.098
68   79   0.105
68   83   0.078
69   73   0.04
69   77   0.044
70   72   0.058
70   77   0.01
70   79   0.001
70   82   0.048
70   83   0.091
71   72   0.031
71   73   0.095
71   74   0.109
71   76   0.145
71   77   0.064
72   75   0.032
72   76   0.032
72   77   0.114
72   79   0.015
72   83   0.095
73   76   0.157
73   77   0.12
73   78   0.051
73   82   0.023
74   75   0.033
74   76   0.015
74   80   0.112
75   76   0.028
75   80   0.097
75   83   0.003
76   80   0.05
76   83   0.081
77   78   0.005
77   79   0.047
77   82   0.013
77   83   0.009
78   79   0.029
78   81   0.01
78   82   0.042
78   83   0.009
79   82   0.092
79   83   0.131
80   83   0.101
81   83   0.049
82   83   0.148
