1   7   0.112
1   8   0.049
1   14   0.116
1   17   0.2
1   23   0.045
1   28   0.11
1   29   0.132
1   30   0.181
2   9   0.079
2   13   0.035
2   17   0.044
2   22   0.095
2   24   0.053
2   25   0.107
2   26   0.09
2   27   0.102
2   31   0.046
2   36   0.022
2   37   0.064
2   38   0.058
2   42   0.132
2   51   0.025
2   62   0.01
2   75   0.083
2   76   0.102
2   80   0.08
3   7   0.049
3   8   0.065
3   14   0.014
3   17   0.063
3   19   0.061
3   21   0.152
3   23   0.141
3   26   0.214
3   27   0.139
3   28   0.12
3   30   0.098
3   34   0.183
3   36   0.15
3   37   0.065
3   38   0.129
3   39   0.075
3   51   0.125
3   52   0.005
3   76   0.096
4   9   0.081
4   10   0.153
4   12   0.023
4   15   0.079
4   20   0.123
4   24   0.218
4   28   0.037
5   6   0.076
5   9   0.081
5   12   0.09
5   15   0.048
5   24   0.02
5   32   0.117
5   34   0.002
5   36   0.066
5   40   0.066
5   41   0.075
6   7   0.155
6   8   0.028
6   10   0.021
6   12   0.065
6   14   0.047
6   15   0.148
6   20   0.08
6   28   0.059
6   32   0.134
6   36   0.073
6   40   0.027
6   41   0.027
7   8   0.132
7   9   0.04
7   10   0.023
7   14   0.028
7   15   0.014
7   17   0.153
7   21   0.036
7   23   0.037
7   24   0.034
7   28   0.075
7   29   0.043
7   30   0.078
7   33   0.022
7   34   0.151
7   36   0.093
7   38   0.108
7   39   0.126
7   40   0.074
7   41   0.085
8   10   0.046
8   12   0.118
8   14   0.039
8   15   0.002
8   17   0.171
8   23   0.134
8   26   0.169
8   28   0.128
8   29   0.085
8   30   0.029
8   32   0.112
8   34   0.085
8   36   0.06
8   40   0.061
8   41   0.118
9   10   0.035
9   12   0.096
9   15   0.044
9   20   0.06
9   22   0.14
9   24   0.079
9   25   0.125
9   27   0.008
9   28   0.001
9   29   0.1
9   36   0.148
9   40   0.045
9   42   0.115
9   58   0.065
9   73   0.029
9   77   0.077
10   12   0.022
10   14   0.135
10   15   0.082
10   20   0.041
10   24   0.214
10   28   0.162
10   29   0.066
10   34   0.08
10   36   0.041
10   38   0.157
10   40   0.106
10   41   0.023
11   13   0.055
11   17   0.029
11   18   0.101
11   19   0.022
11   25   0.121
11   26   0.054
11   27   0.009
11   31   0.08
11   34   0.053
11   37   0.053
11   38   0.04
11   42   0.098
11   49   0.047
11   62   0.106
11   76   0.009
11   80   0.016
12   14   0.136
12   15   0.05
12   20   0.016
12   24   0.068
12   28   0.09
12   34   0.084
12   36   0.165
12   40   0.074
12   41   0.02
13   22   0.128
13   25   0.067
13   26   0.168
13   27   0.077
13   31   0.022
13   32   0.042
13   34   0.165
13   36   0.088
13   37   0.019
13   38   0.063
13   41   0.028
13   42   0.235
13   44   0.135
13   49   0.058
13   60   0.001
13   62   0.118
13   74   0.145
13   75   0.009
13   76   0.044
13   80   0.078
14   17   0.138
14   23   0.141
14   26   0.087
14   28   0.141
14   29   0.005
14   30   0.02
14   32   0.068
14   34   0.088
14   36   0.002
14   40   0.01
14   41   0.043
15   20   0.005
15   24   0.119
15   27   0.054
15   28   0.057
15   32   0.093
15   36   0.043
15   40   0.033
16   21   0.082
16   22   0.049
16   23   0.152
16   24   0.089
16   27   0.07
16   28   0.101
16   36   0.013
16   37   0.003
16   38   0.036
16   39   0.02
16   65   0.001
16   70   0.154
16   71   0.168
16   72   0.014
16   73   0.041
16   76   0.031
17   18   0.011
17   19   0.125
17   21   0.099
17   23   0.002
17   26   0.039
17   27   0.068
17   29   0.025
17   30   0.12
17   33   0.024
17   34   0.098
17   36   0.011
17   37   0.096
17   38   0.058
17   39   0.019
17   76   0.013
18   19   0.016
18   26   0.054
18   27   0.131
18   31   0.147
18   34   0.053
18   36   0.021
18   37   0.039
18   38   0.134
18   75   0.096
18   76   0.147
18   80   0.084
19   23   0.122
19   26   0.136
19   27   0.027
19   34   0.048
19   36   0.025
19   37   0.105
19   38   0.055
19   75   0.121
19   76   0.073
20   24   0.166
20   28   0.047
20   36   0.047
20   40   0.013
21   22   0.12
21   23   0.048
21   27   0.083
21   28   0.055
21   29   0.037
21   30   0.079
21   33   0.028
21   34   0.045
21   36   0.106
21   37   0.075
21   38   0.078
21   39   0.055
21   40   0.02
21   65   0.019
22   23   0.113
22   24   0.15
22   25   0.317
22   27   0.018
22   28   0.065
22   36   0.092
22   38   0.118
22   42   0.219
22   65   0.109
22   71   0.027
22   72   0.102
22   73   0.07
22   76   0.048
23   26   0.038
23   27   0.091
23   28   0.022
23   29   0.168
23   30   0.067
23   33   0.007
23   34   0.111
23   36   0.069
23   37   0.025
23   38   0.152
23   39   0.154
23   40   0.048
23   65   0.101
23   71   0.201
23   72   0.002
23   76   0.136
24   25   0.172
24   27   0.049
24   28   0.185
24   29   0.012
24   33   0.131
24   36   0.09
24   38   0.141
24   39   0.035
24   40   0.091
24   43   0.138
24   47   0.07
24   58   0.081
24   65   0.085
24   71   0.01
24   73   0.07
24   77   0.152
25   26   0.035
25   27   0.047
25   31   0.01
25   37   0.029
25   38   0.1
25   42   0.002
25   49   0.046
25   62   0.173
25   74   0.166
25   75   0.13
25   76   0.039
25   80   0.093
26   27   0.088
26   31   0.008
26   34   0.185
26   36   0.209
26   37   0.025
26   38   0.285
26   39   0.113
26   42   0.115
26   44   0.044
26   45   0.13
26   51   0.31
26   62   0.116
26   67   0.033
26   68   0.049
26   74   0.238
26   75   0.136
26   76   0.091
26   80   0.034
27   28   0.003
27   31   0.071
27   34   0.069
27   36   0.012
27   37   0.029
27   38   0.061
27   39   0.127
27   40   0.042
27   42   0.067
27   43   0.005
27   44   0.03
27   45   0.132
27   46   0.043
27   51   0.159
27   52   0.11
27   62   0.05
27   65   0.002
27   66   0.101
27   67   0.082
27   68   0.074
27   71   0.17
27   72   0.119
27   74   0.214
27   75   0.111
27   76   0.042
27   80   0.038
28   29   0.012
28   30   0.017
28   33   0.035
28   34   0.048
28   36   0.013
28   38   0.186
28   39   0.121
28   40   0.039
28   41   0.044
28   43   0.133
28   47   0.05
28   58   0.055
28   73   0.026
28   77   0.049
29   30   0.079
29   32   0.033
29   33   0.13
29   34   0.071
29   36   0.033
29   38   0.158
29   40   0.059
29   41   0.03
30   33   0.136
30   34   0.008
30   36   0.055
30   38   0.098
30   39   0.136
31   34   0.124
31   37   0.075
31   38   0.068
31   42   0.005
31   44   0.192
31   60   0.022
31   62   0.065
31   74   0.112
31   75   0.095
31   76   0.079
31   80   0.092
32   34   0.071
32   36   0.043
32   40   0.025
32   41   0.009
33   34   0.097
33   38   0.21
34   36   0.072
34   37   0.006
34   38   0.058
34   40   0.072
34   41   0.027
34   42   0.037
35   36   0.068
35   37   0.03
35   39   0.006
35   41   0.058
35   43   0.179
35   46   0.081
35   84   0.021
36   37   0.101
36   38   0.02
36   39   0.103
36   40   0.034
36   41   0.051
36   42   0.119
36   43   0.147
36   73   0.093
36   76   0.012
36   77   0.08
36   84   0.115
37   38   0.001
37   39   0.13
37   40   0.053
37   42   0.003
37   49   0.006
37   62   0.091
37   75   0.033
37   76   0.077
37   80   0.101
38   39   0.094
38   40   0.021
38   41   0.057
38   42   0.061
38   76   0.034
39   40   0.056
39   41   0.03
39   76   0.029
39   84   0.007
40   41   0.138
40   73   0.087
40   77   0.093
42   44   0.054
42   45   0.096
42   49   0.079
42   60   0.075
42   62   0.227
42   74   0.148
43   44   0.13
43   45   0.122
43   46   0.034
43   47   0.029
43   48   0.051
43   49   0.048
43   51   0.007
43   52   0.111
43   54   0.029
43   55   0.108
43   56   0.059
43   57   0.111
43   58   0.095
43   59   0.139
43   61   0.165
43   63   0.017
43   64   0.017
43   65   0.027
43   66   0.017
43   67   0.09
43   68   0.323
43   70   0.102
43   71   0.023
43   72   0.042
43   73   0.004
43   75   0.04
43   76   0.105
43   77   0.181
43   78   0.039
43   79   0.078
43   80   0.057
43   83   0.006
43   84   0.036
44   45   0.023
44   46   0.069
44   47   0.051
44   49   0.202
44   51   0.044
44   52   0.111
44   60   0.037
44   62   0.01
44   65   0.084
44   66   0.133
44   67   0.049
44   68   0.14
44   70   0.038
44   72   0.093
44   74   0.046
44   75   0.053
44   76   0.023
44   80   0.104
44   84   0.015
45   46   0.062
45   47   0.068
45   48   0.071
45   49   0.15
45   51   0.092
45   52   0.09
45   56   0.112
45   59   0.009
45   60   0.063
45   62   0.003
45   63   0.042
45   65   0.05
45   66   0.035
45   67   0.001
45   68   0.144
45   70   0.156
45   72   0.126
45   73   0.092
45   74   0.14
45   75   0.122
45   76   0.077
45   77   0.085
45   78   0.104
45   79   0.031
45   80   0.157
45   81   0.014
45   82   0.041
45   83   0.229
46   47   0.15
46   48   0.197
46   52   0.055
46   56   0.113
46   65   0.01
46   66   0.035
46   70   0.151
46   72   0.178
46   73   0.08
46   75   0.117
46   76   0.128
46   77   0.048
46   79   0.093
46   83   0.005
46   84   0.094
47   48   0.13
47   54   0.008
47   55   0.067
47   56   0.018
47   57   0.128
47   58   0.027
47   59   0.028
47   61   0.005
47   63   0.095
47   64   0.201
47   69   0.022
47   70   0.141
47   72   0.197
47   73   0.106
47   76   0.018
47   77   0.155
47   78   0.064
47   83   0.005
48   54   0.016
48   55   0.007
48   56   0.177
48   57   0.055
48   59   0.164
48   60   0.014
48   61   0.096
48   63   0.148
48   64   0.074
48   78   0.07
48   81   0.109
48   83   0.074
48   84   0.086
49   51   0.013
49   58   0.112
49   60   0.042
49   62   0.047
49   71   0.023
49   74   0.037
49   75   0.13
49   76   0.063
49   80   0.016
49   83   0.025
50   56   0.088
50   57   0.117
50   63   0.077
50   75   0.124
50   77   0.009
50   78   0.071
50   79   0.028
50   83   0.15
51   58   0.096
51   62   0.012
51   66   0.103
51   71   0.157
51   73   0.03
51   74   0.159
51   75   0.19
51   76   0.018
52   56   0.007
52   57   0.022
52   63   0.062
52   66   0.155
52   68   0.114
52   70   0.143
52   72   0.023
52   75   0.263
52   76   0.122
52   77   0.058
52   79   0.178
52   83   0.184
53   58   0.186
53   59   0.017
53   61   0.086
53   64   0.049
53   69   0.089
53   73   0.043
53   77   0.083
54   55   0.023
54   58   0.025
54   61   0.057
54   64   0.063
54   73   0.065
54   81   0.034
54   83   0.148
55   56   0.005
55   57   0.002
55   59   0.034
55   61   0.085
55   63   0.023
55   64   0.162
55   69   0.109
55   77   0.094
55   81   0.014
56   57   0.036
56   58   0.028
56   59   0.163
56   63   0.091
56   64   0.004
56   66   0.042
56   68   0.068
56   70   0.037
56   72   0.117
56   73   0.082
56   75   0.059
56   77   0.173
56   78   0.02
56   79   0.132
56   82   0.031
56   83   0.103
57   59   0.017
57   61   0.113
57   63   0.031
57   64   0.075
57   72   0.06
57   75   0.041
57   77   0.111
57   78   0.221
57   79   0.142
57   81   0.038
57   83   0.141
58   59   0.053
58   61   0.045
58   64   0.116
58   69   0.08
58   71   0.16
58   73   0.072
58   74   0.048
58   76   0.131
58   77   0.026
58   78   0.172
59   61   0.018
59   63   0.037
59   64   0.068
59   69   0.063
59   73   0.023
59   77   0.064
59   78   0.021
59   83   0.117
60   62   0.053
60   66   0.169
60   67   0.053
60   68   0.093
60   74   0.214
60   75   0.03
60   76   0.054
60   78   0.025
60   80   0.118
60   81   0.026
60   83   0.006
61   63   0.055
61   64   0.013
61   69   0.086
61   73   0.01
61   77   0.124
61   78   0.076
61   83   0.156
62   74   0.118
62   75   0.178
62   76   0.129
62   80   0.052
62   83   0.013
63   66   0.052
63   68   0.019
63   72   0.05
63   75   0.064
63   77   0.135
63   78   0.095
63   79   0.083
63   81   0.039
63   83   0.081
64   69   0.051
64   71   0.087
64   73   0.042
64   76   0.126
64   77   0.022
65   70   0.044
65   71   0.104
65   72   0.11
65   73   0.007
65   76   0.037
65   77   0.158
66   67   0.035
66   68   0.18
66   70   0.077
66   72   0.029
66   75   0.063
66   76   0.038
66   77   0.024
66   79   0.196
66   83   0.064
67   68   0.096
67   72   0.201
67   75   0.039
67   76   0.066
67   79   0.096
67   80   0.144
67   83   0.081
68   72   0.06
68   75   0.198
68   76   0.063
68   79   0.03
68   83   0.115
69   73   0.007
69   77   0.182
70   71   0.067
70   72   0.047
70   76   0.022
70   77   0.113
70   78   0.05
70   79   0.094
70   82   0.045
70   83   0.182
71   72   0.122
71   73   0.106
71   74   0.013
71   76   0.142
71   77   0.087
72   75   0.043
72   76   0.081
72   77   0.007
72   79   0.085
72   83   0.018
73   74   0.116
73   76   0.088
73   77   0.148
73   78   0.018
73   82   0.056
73   83   0.003
74   75   0.093
74   76   0.034
74   80   0.041
75   76   0.013
75   79   0.117
75   80   0.028
75   83   0.106
76   77   0.07
76   80   0.116
76   83   0.053
77   78   0.076
77   79   0.088
77   82   0.049
77   83   0.092
78   79   0.116
78   81   0.06
78   82   0.084
78   83   0.016
79   82   0.042
79   83   0.05
80   83   0.142
81   83   0.042
82   83   0.014
