1   7   0.087
1   8   0.087
1   10   0.057
1   14   0.006
1   17   0.101
1   21   0.076
1   23   0.147
1   28   0.052
1   29   0.039
1   30   0.055
1   34   0.138
2   9   0.087
2   13   0.095
2   17   0.013
2   19   0.111
2   22   0.177
2   24   0.131
2   25   0.085
2   26   0.059
2   27   0.045
2   34   0.102
2   36   0.158
2   37   0.105
2   38   0.085
2   43   0.129
2   44   0.073
2   51   0.122
2   52   0.104
2   62   0.075
2   74   0.148
2   75   0.069
2   76   0.171
3   6   0.001
3   7   0.039
3   14   0.031
3   17   0.023
3   19   0.078
3   21   0.116
3   23   0.17
3   24   0.037
3   26   0.002
3   27   0.024
3   28   0.109
3   29   0.004
3   30   0.046
3   34   0.026
3   36   0.041
3   37   0.161
3   38   0.043
3   39   0.103
3   40   0.016
3   43   0.027
3   44   0.092
3   45   0.011
3   46   0.062
3   51   0.008
3   52   0.084
3   65   0.189
3   66   0.052
3   72   0.186
3   73   0.05
3   75   0.089
3   76   0.126
3   77   0.202
4   6   0.016
4   7   0.199
4   8   0.123
4   9   0.013
4   10   0.099
4   12   0.066
4   14   0.005
4   15   0.048
4   20   0.022
4   24   0.133
4   28   0.02
4   29   0.025
4   34   0.068
4   36   0.046
4   38   0.014
4   40   0.009
4   47   0.037
4   53   0.006
4   58   0.084
4   61   0.011
4   73   0.052
4   77   0.036
5   6   0.043
5   15   0.122
5   32   0.104
5   40   0.073
5   41   0.058
6   7   0.088
6   8   0.132
6   9   0.074
6   10   0.113
6   12   0.043
6   14   0.048
6   15   0.038
6   20   0.075
6   23   0.116
6   24   0.038
6   28   0.055
6   29   0.093
6   30   0.005
6   34   0.031
6   36   0.034
6   38   0.011
6   40   0.062
6   41   0.04
6   73   0.007
6   77   0.003
7   8   0.092
7   9   0.058
7   10   0.061
7   12   0.073
7   14   0.038
7   15   0.057
7   17   0.17
7   20   0.19
7   21   0.038
7   23   0.118
7   24   0.074
7   26   0.032
7   27   0.062
7   28   0.115
7   29   0.085
7   30   0.001
7   33   0.027
7   34   0.036
7   35   0.124
7   36   0.052
7   38   0.093
7   39   0.099
7   40   0.04
7   43   0.096
7   58   0.074
7   59   0.067
7   73   0.047
7   76   0.078
7   77   0.061
8   10   0.006
8   12   0.086
8   14   0.011
8   15   0.016
8   17   0.116
8   19   0.103
8   20   0.047
8   21   0.051
8   23   0.069
8   24   0.052
8   26   0.054
8   27   0.073
8   28   0.074
8   29   0.139
8   30   0.088
8   34   0.001
8   36   0.103
8   38   0.067
8   39   0.007
8   40   0.074
8   41   0.051
8   73   0.001
8   77   0.022
9   10   0.02
9   12   0.034
9   14   0.045
9   15   0.116
9   20   0.011
9   22   0.051
9   24   0.067
9   25   0.042
9   26   0.122
9   27   0.034
9   28   0.058
9   29   0.17
9   34   0.061
9   36   0.006
9   37   0.023
9   38   0.088
9   40   0.107
9   45   0.003
9   53   0.068
9   56   0.011
9   58   0.193
9   59   0.002
9   61   0.119
9   69   0.04
9   73   0.046
9   76   0.029
9   77   0.011
9   78   0.084
10   12   0.092
10   14   0.087
10   15   0.241
10   20   0.001
10   24   0.076
10   28   0.11
10   29   0.007
10   30   0.006
10   34   0.026
10   35   0.058
10   36   0.006
10   38   0.037
10   40   0.014
10   41   0.046
10   43   0.063
10   53   0.008
10   56   0.003
10   58   0.03
10   73   0.013
10   77   0.019
11   13   0.115
11   17   0.078
11   18   0.1
11   19   0.007
11   25   0.177
11   26   0.26
11   27   0.119
11   34   0.106
11   36   0.094
11   37   0.006
11   38   0.018
11   62   0.001
11   75   0.015
11   76   0.052
12   14   0.108
12   15   0.01
12   20   0.077
12   24   0.218
12   28   0.167
12   29   0.018
12   34   0.046
12   36   0.003
12   38   0.088
12   40   0.05
12   41   0.041
12   53   0.088
12   58   0.06
12   59   0.106
12   73   0.119
12   77   0.114
13   22   0.054
13   25   0.023
13   26   0.018
13   27   0.121
13   31   0.192
13   34   0.05
13   37   0.167
13   38   0.046
13   44   0.033
13   45   0.053
13   62   0.132
13   74   0.075
13   75   0.029
13   76   0.08
14   17   0.167
14   19   0.019
14   20   0.011
14   21   0.145
14   23   0.138
14   24   0.017
14   26   0.058
14   27   0.058
14   28   0.09
14   29   0.031
14   30   0.069
14   34   0.149
14   36   0.045
14   38   0.141
14   40   0.01
14   41   0.091
14   73   0.004
14   77   0.041
15   20   0.062
15   22   0.048
15   24   0.154
15   27   0.073
15   28   0.105
15   29   0.085
15   36   0.081
15   40   0.052
15   73   0.044
15   77   0.079
16   21   0.166
16   22   0.068
16   23   0.02
16   24   0.048
16   27   0.22
16   28   0.056
16   34   0.028
16   36   0.013
16   37   0.044
16   38   0.058
16   39   0.106
16   40   0.054
16   43   0.045
16   45   0.08
16   52   0.028
16   65   0.025
16   70   0.076
16   71   0.073
16   72   0.001
16   73   0.02
16   76   0.051
16   77   0.103
16   79   0.165
17   18   0.008
17   19   0.01
17   21   0.178
17   23   0.02
17   24   0.082
17   26   0.131
17   27   0.089
17   28   0.123
17   29   0.1
17   30   0.197
17   33   0.036
17   34   0.002
17   36   0.041
17   37   0.104
17   38   0.146
17   39   0.134
17   43   0.034
17   51   0.093
17   52   0.137
17   66   0.022
17   72   0.037
17   75   0.099
17   76   0.036
18   23   0.043
18   26   0.034
18   27   0.269
18   34   0.102
18   36   0.178
18   37   0.131
18   38   0.116
18   39   0.026
18   75   0.046
18   76   0.044
19   23   0.013
19   26   0.008
19   27   0.189
19   29   0.164
19   30   0.087
19   34   0.073
19   36   0.134
19   37   0.177
19   38   0.059
19   39   0.049
19   51   0.039
19   75   0.064
19   76   0.03
20   24   0.053
20   28   0.028
20   29   0.028
20   34   0.072
20   36   0.046
20   38   0.036
20   40   0.128
20   53   0.115
20   58   0.026
20   61   0.149
20   73   0.135
20   77   0.087
21   22   0.138
21   23   0.08
21   24   0.008
21   26   0.003
21   27   0.041
21   28   0.079
21   29   0.177
21   30   0.027
21   33   0.13
21   34   0.123
21   35   0.118
21   36   0.086
21   37   0.246
21   39   0.059
21   40   0.079
21   43   0.173
21   45   0.096
21   65   0.019
21   70   0.007
21   71   0.042
21   72   0.07
21   73   0.003
21   76   0.187
21   77   0.12
21   78   0.125
21   79   0.097
21   84   0.15
22   23   0.034
22   24   0.072
22   25   0.025
22   27   0.159
22   28   0.071
22   36   0.076
22   37   0.008
22   38   0.038
22   43   0.042
22   52   0.1
22   65   0.001
22   70   0.059
22   71   0.034
22   72   0.156
22   73   0.152
22   75   0.022
22   76   0.094
22   77   0.04
23   24   0.11
23   26   0.035
23   27   0.003
23   28   0.106
23   29   0.143
23   30   0.16
23   33   0.032
23   34   0.182
23   35   0.146
23   36   0.012
23   37   0.06
23   38   0.086
23   39   0.134
23   40   0.073
23   43   0.123
23   45   0.121
23   46   0.104
23   52   0.057
23   65   0.072
23   70   0.026
23   71   0.145
23   72   0.007
23   73   0.051
23   76   0.093
23   77   0.031
23   84   0.08
24   25   0.081
24   26   0.039
24   27   0.109
24   28   0.142
24   29   0.017
24   30   0.051
24   33   0.124
24   34   0.009
24   36   0.001
24   37   0.114
24   38   0.018
24   39   0.009
24   40   0.032
24   43   0.032
24   45   0.076
24   46   0.013
24   47   0.077
24   51   0.096
24   52   0.003
24   53   0.055
24   55   0.07
24   56   0.044
24   58   0.058
24   59   0.008
24   61   0.046
24   63   0.056
24   65   0.057
24   70   0.004
24   71   0.061
24   72   0.035
24   73   0.032
24   76   0.091
24   77   0.002
24   78   0.047
24   79   0.119
24   83   0.015
24   84   0.099
25   26   0.142
25   27   0.111
25   31   0.014
25   37   0.09
25   38   0.219
25   45   0.077
25   51   0.126
25   62   0.11
25   74   0.16
25   75   0.047
25   76   0.143
26   27   0.173
26   28   0.007
26   29   0.075
26   30   0.025
26   31   0.128
26   34   0.085
26   36   0.119
26   37   0.144
26   38   0.063
26   39   0.019
26   43   0.026
26   44   0.314
26   45   0.042
26   46   0.012
26   51   0.036
26   52   0.102
26   60   0.008
26   62   0.028
26   66   0.125
26   67   0.06
26   68   0.038
26   72   0.129
26   73   0.12
26   74   0.079
26   75   0.052
26   76   0.065
26   80   0.031
26   83   0.073
26   84   0.045
27   28   0.038
27   29   0.106
27   30   0.04
27   31   0.003
27   34   0.027
27   35   0.096
27   36   0.094
27   37   0.062
27   38   0.078
27   39   0.043
27   40   0.047
27   43   0.022
27   44   0.215
27   45   0.036
27   46   0.071
27   51   0.048
27   52   0.087
27   56   0.106
27   58   0.01
27   60   0.046
27   62   0.007
27   65   0.066
27   66   0.017
27   67   0.157
27   68   0.019
27   70   0.132
27   71   0.07
27   72   0.195
27   73   0.053
27   75   0.047
27   76   0.088
27   77   0.126
27   79   0.045
27   80   0.009
27   83   0.091
27   84   0.147
28   29   0.031
28   30   0.101
28   33   0.006
28   34   0.011
28   35   0.132
28   36   0.034
28   37   0.109
28   38   0.03
28   39   0.057
28   40   0.156
28   41   0.138
28   43   0.024
28   45   0.067
28   47   0.082
28   52   0.016
28   53   0.017
28   55   0.11
28   56   0.148
28   57   0.008
28   58   0.102
28   59   0.054
28   61   0.009
28   63   0.048
28   65   0.011
28   69   0.047
28   70   0.01
28   71   0.058
28   72   0.038
28   73   0.012
28   76   0.096
28   77   0.005
28   78   0.087
28   79   0.049
28   83   0.043
28   84   0.143
29   30   0.123
29   32   0.001
29   33   0.044
29   34   0.029
29   36   0.013
29   38   0.044
29   40   0.047
29   43   0.05
29   45   0.112
29   73   0.071
29   77   0.097
30   33   0.174
30   34   0.059
30   36   0.06
30   38   0.109
30   39   0.077
30   40   0.006
30   72   0.027
30   76   0.049
31   37   0.034
31   38   0.015
31   62   0.001
31   75   0.053
31   76   0.026
31   80   0.04
32   34   0.047
32   36   0.047
32   41   0.086
33   34   0.155
33   38   0.037
34   36   0.058
34   37   0.035
34   38   0.086
34   39   0.02
34   40   0.135
34   41   0.127
34   45   0.136
34   73   0.034
34   75   0.065
34   76   0.03
34   77   0.026
35   36   0.084
35   37   0.051
35   38   0.079
35   39   0.002
35   41   0.109
35   43   0.231
35   44   0.008
35   46   0.093
35   72   0.069
35   76   0.033
35   77   0.02
35   84   0.188
36   37   0.112
36   38   0.061
36   39   0.196
36   40   0.058
36   41   0.172
36   43   0.047
36   45   0.002
36   46   0.037
36   47   0.009
36   51   0.155
36   52   0.104
36   56   0.099
36   58   0.071
36   65   0.076
36   66   0.145
36   70   0.026
36   71   0.119
36   72   0.035
36   73   0.055
36   75   0.139
36   76   0.107
36   77   0.027
36   83   0.019
36   84   0.122
37   38   0.125
37   39   0.118
37   40   0.037
37   43   0.039
37   44   0.026
37   45   0.029
37   51   0.129
37   52   0.153
37   62   0.034
37   74   0.032
37   75   0.117
37   76   0.176
37   80   0.063
37   84   0.123
38   39   0.136
38   40   0.019
38   41   0.181
38   43   0.065
38   44   0.165
38   45   0.257
38   46   0.241
38   51   0.018
38   52   0.019
38   56   0.075
38   58   0.054
38   62   0.131
38   71   0.001
38   72   0.074
38   73   0.061
38   75   0.055
38   76   0.086
38   77   0.028
38   83   0.119
38   84   0.054
39   40   0.049
39   43   0.127
39   72   0.017
39   75   0.119
39   76   0.141
39   84   0.2
40   41   0.026
40   43   0.102
40   45   0.121
40   47   0.037
40   58   0.084
40   59   0.051
40   61   0.118
40   73   0.009
40   77   0.051
43   44   0.06
43   45   0.139
43   46   0.088
43   47   0.058
43   48   0.063
43   51   0.014
43   52   0.091
43   53   0.034
43   55   0.032
43   56   0.005
43   57   0.007
43   58   0.027
43   59   0.003
43   61   0.118
43   63   0.023
43   64   0.037
43   65   0.142
43   66   0.125
43   67   0.037
43   68   0.202
43   69   0.063
43   70   0.069
43   71   0.01
43   72   0.003
43   73   0.055
43   75   0.155
43   76   0.022
43   77   0.041
43   78   0.109
43   79   0.191
43   83   0.03
43   84   0.021
44   45   0.132
44   46   0.168
44   47   0.033
44   49   0.079
44   51   0.083
44   52   0.178
44   56   0.006
44   60   0.051
44   62   0.047
44   65   0.089
44   66   0.082
44   67   0.074
44   68   0.064
44   70   0.079
44   71   0.048
44   72   0.009
44   73   0.026
44   74   0.056
44   75   0.121
44   76   0.056
44   77   0.04
44   80   0.125
44   83   0.029
44   84   0.02
45   46   0.06
45   47   0.074
45   48   0.053
45   49   0.031
45   50   0.109
45   51   0.042
45   52   0.172
45   53   0.07
45   55   0.11
45   56   0.041
45   57   0.165
45   58   0.115
45   59   0.036
45   60   0.101
45   61   0.031
45   62   0.066
45   63   0.042
45   65   0.1
45   66   0.105
45   67   0.139
45   68   0.141
45   69   0.04
45   70   0.04
45   71   0.081
45   72   0.053
45   73   0.001
45   74   0.124
45   75   0.086
45   76   0.105
45   77   0.039
45   78   0.082
45   79   0.003
45   80   0.118
45   82   0.112
45   83   0.118
45   84   0.099
46   47   0.023
46   48   0.147
46   52   0.107
46   56   0.014
46   63   0.11
46   65   0.021
46   66   0.161
46   67   0.01
46   68   0.015
46   70   0.06
46   72   0.036
46   73   0.043
46   75   0.109
46   76   0.02
46   77   0.043
46   79   0.036
46   83   0.069
46   84   0.047
47   48   0.08
47   52   0.053
47   53   0.037
47   54   0.108
47   55   0.057
47   56   0.045
47   57   0.061
47   58   0.003
47   59   0.064
47   61   0.093
47   63   0.085
47   64   0.11
47   69   0.196
47   71   0.104
47   72   0.08
47   73   0.022
47   76   0.041
47   77   0.078
47   78   0.078
47   79   0.065
47   81   0.165
47   83   0.004
47   84   0.073
48   54   0.296
48   55   0.191
48   57   0.143
48   59   0.047
48   61   0.073
48   63   0.026
48   73   0.081
48   77   0.016
48   78   0.019
48   81   0.094
48   83   0.056
49   60   0.027
50   56   0.04
50   57   0.169
50   59   0.011
50   63   0.094
50   72   0.142
50   75   0.147
50   77   0.004
50   78   0.062
50   79   0.049
50   83   0.001
51   58   0.042
51   71   0.052
51   73   0.087
51   74   0.019
51   75   0.083
51   76   0.072
51   83   0.024
52   56   0.082
52   59   0.079
52   66   0.09
52   68   0.061
52   70   0.097
52   72   0.145
52   73   0.102
52   75   0.013
52   76   0.152
52   77   0.028
52   79   0.018
52   83   0.04
52   84   0.055
53   55   0.171
53   56   0.119
53   57   0.083
53   58   0.092
53   59   0.065
53   61   0.004
53   63   0.035
53   64   0.117
53   69   0.024
53   73   0.012
53   77   0.014
53   78   0.088
53   83   0.004
54   55   0.062
54   64   0.001
55   56   0.033
55   57   0.061
55   58   0.116
55   59   0.043
55   61   0.099
55   63   0.082
55   64   0.111
55   69   0.031
55   73   0.102
55   77   0.006
55   78   0.078
55   83   0.016
56   57   0.076
56   58   0.053
56   59   0.117
56   61   0.044
56   63   0.019
56   66   0.008
56   68   0.095
56   69   0.178
56   70   0.063
56   72   0.084
56   73   0.111
56   75   0.11
56   76   0.065
56   77   0.079
56   78   0.036
56   79   0.123
56   82   0.019
56   83   0.024
57   59   0.052
57   61   0.103
57   63   0.032
57   64   0.06
57   66   0.011
57   69   0.126
57   70   0.162
57   72   0.053
57   73   0.023
57   75   0.063
57   76   0.007
57   77   0.071
57   78   0.027
57   79   0.018
57   83   0.147
58   59   0.021
58   61   0.108
58   63   0.171
58   64   0.073
58   69   0.096
58   71   0.003
58   73   0.002
58   74   0.015
58   76   0.06
58   77   0.113
58   78   0.096
58   83   0.179
59   61   0.101
59   63   0.001
59   64   0.143
59   69   0.108
59   73   0.039
59   77   0.088
59   78   0.032
59   83   0.007
60   62   0.14
60   66   0.018
60   67   0.024
60   68   0.008
60   74   0.057
60   75   0.136
60   76   0.187
60   83   0.024
61   63   0.082
61   64   0.032
61   69   0.179
61   73   0.2
61   77   0.013
61   78   0.036
61   83   0.009
62   71   0.157
62   74   0.109
62   75   0.037
62   76   0.128
62   83   0.06
63   66   0.033
63   68   0.052
63   69   0.007
63   70   0.017
63   72   0.03
63   73   0.006
63   75   0.151
63   76   0.009
63   77   0.02
63   78   0.111
63   79   0.092
63   83   0.003
64   69   0.114
64   71   0.124
64   73   0.214
64   76   0.028
64   77   0.051
65   70   0.047
65   71   0.006
65   72   0.071
65   73   0.01
65   76   0.082
65   77   0.146
65   79   0.12
65   84   0.142
66   67   0.022
66   68   0.004
66   70   0.014
66   72   0.006
66   73   0.08
66   75   0.126
66   76   0.059
66   77   0.008
66   78   0.053
66   79   0.082
66   83   0.017
67   68   0.226
67   72   0.06
67   75   0.064
67   76   0.08
67   83   0.057
68   70   0.052
68   72   0.098
68   75   0.094
68   76   0.053
68   77   0.007
68   83   0.105
69   73   0.151
69   77   0.002
69   78   0.067
69   83   0.078
70   71   0.016
70   72   0.091
70   75   0.118
70   76   0.069
70   77   0.002
70   78   0.195
70   79   0.151
70   82   0.069
70   83   0.014
70   84   0.015
71   72   0.005
71   73   0.155
71   74   0.067
71   76   0.042
71   77   0.162
72   73   0.053
72   75   0.214
72   76   0.115
72   77   0.014
72   78   0.097
72   79   0.013
72   83   0.063
72   84   0.004
73   74   0.012
73   76   0.034
73   77   0.069
73   78   0.001
73   79   0.009
73   82   0.012
73   83   0.038
73   84   0.041
74   76   0.01
75   76   0.126
75   77   0.048
75   78   0.108
75   79   0.074
75   80   0.008
75   83   0.026
75   84   0.072
76   77   0.09
76   78   0.142
76   79   0.032
76   80   0.069
76   83   0.009
76   84   0.008
77   78   0.018
77   79   0.052
77   82   0.013
77   83   0.006
77   84   0.008
78   79   0.014
78   81   0.024
78   82   0.035
78   83   0.137
79   82   0.015
79   83   0.034
81   83   0.101
82   83   0.071
