1   7   0.05726283448125488
1   8   0.09379841932018099
1   10   0.00038381207483498384
1   14   0.008491740598633312
1   17   0.04540650205280841
1   21   0.0035205553737548924
1   23   0.08587043800756197
1   28   0.01737804323382824
1   29   0.06307393139842386
1   30   0.02516477285623786
1   34   0.0952380714849444
2   9   0.05006412879210769
2   13   0.02153528440034445
2   17   0.022507635207027917
2   19   0.04871015621097645
2   22   0.05509901682583342
2   24   0.06430756214661923
2   25   0.04406126592304016
2   26   0.048579183395900415
2   27   0.005848350494809559
2   34   0.019906292973786037
2   36   0.04513858426777479
2   37   0.017623562152589766
2   38   0.08297323269775045
2   43   0.12047227409723693
2   44   0.036317291355373225
2   51   0.004016739872551298
2   52   0.046912240644082316
2   62   0.00948170846403534
2   74   0.0009498966703141399
2   75   0.051499862552762295
2   76   0.08906831180127486
3   6   0.048366038357234346
3   7   0.10066301684217072
3   8   0.16618594525046865
3   14   0.13746273389818614
3   17   0.10006292953278714
3   19   0.115388993684338
3   21   0.15600165720338413
3   23   0.10655869014039593
3   24   0.053484848478965785
3   26   0.03795941344300695
3   27   0.10090141164136017
3   28   0.10452176193384884
3   29   0.07864017672323108
3   30   0.10055274131941855
3   34   0.14247165582839388
3   36   0.04033630644356033
3   37   0.10263375806953766
3   38   0.09198260067915798
3   39   0.019608224093658987
3   40   0.13172676362494207
3   43   0.07073501218718062
3   44   0.006872994139573216
3   45   0.05909449416615117
3   46   0.02813580719006014
3   51   0.04827616847153698
3   52   0.05127673851002877
3   65   0.07618782819442971
3   66   0.037042428802491464
3   72   0.10459739494270869
3   73   0.06020497962739182
3   75   0.03881604910710044
3   76   0.08801781969273799
3   77   0.07943808710768759
4   6   0.09615289037789573
4   7   0.1367983743640999
4   8   0.023985044733473525
4   9   0.04109171402464222
4   10   0.07528486105998024
4   12   0.013879772036164025
4   14   0.005876878736059755
4   15   0.08055619628491191
4   20   0.04154502221194895
4   24   0.0018949799322647383
4   28   0.06691787304370551
4   29   0.05203587606811973
4   34   0.036305484768920475
4   36   0.0983203623255359
4   38   0.04019667174214933
4   40   0.05930470701274221
4   47   0.02639340591543337
4   53   0.077315739261325
4   58   0.03549139428735181
4   61   0.0646529184349156
4   73   0.009531868697548398
4   77   0.005075284667520293
5   6   0.14041441995397638
5   15   0.028468310533701253
5   32   0.20431196762866935
5   40   0.10319426269471033
5   41   0.10941675661377728
6   7   0.04351816832702742
6   8   5.716139502180827e-05
6   9   0.10183081530866683
6   10   0.0362001950849812
6   12   0.1274847901825556
6   14   0.11945198472209179
6   15   0.007310854554054664
6   20   0.09135580355250401
6   23   0.05109961692624922
6   24   0.09471928382996908
6   28   0.07457097791845047
6   29   0.12380110720467317
6   30   0.028851826372489075
6   34   0.08121354704376564
6   36   0.045652174041100065
6   38   0.03507139454525678
6   40   0.05559940109848245
6   41   0.01517251187347093
6   73   0.022346688546083054
6   77   0.04637880897751001
7   8   0.03599152208961477
7   9   0.0037075067455932605
7   10   0.004838634669764494
7   12   0.11205089803867575
7   14   0.10860101480218215
7   15   0.1584049821793681
7   17   0.05743970620211804
7   20   0.16666877460390447
7   21   0.06096794897885827
7   23   0.07999962430893982
7   24   0.025502211334663502
7   26   0.09385836211881142
7   27   0.04139925869410241
7   28   0.00517553737169059
7   29   0.03431689110640348
7   30   0.1814261199761369
7   33   0.01227123981820659
7   34   0.050241910227909886
7   35   0.05380093947307976
7   36   0.003516581087781823
7   38   0.028972294797864
7   39   0.05253410712008315
7   40   0.016646261087400038
7   43   0.0004837252514702381
7   58   0.09128267406590748
7   59   0.006634815637322707
7   73   0.06256405359955612
7   76   0.01158644202396428
7   77   0.01747760891831935
8   10   0.011799131065066158
8   12   0.006326262706236217
8   14   0.040422246400453464
8   15   0.024270860303770687
8   17   0.06604093439596251
8   19   0.05453499622989044
8   20   0.012587889835469534
8   21   0.09749537765696191
8   23   0.10426376117831655
8   24   0.049318464138864974
8   26   0.16417151912660422
8   27   0.10030250342806711
8   28   0.01703747335322932
8   29   0.0947203376610641
8   30   0.029399216899371083
8   34   0.06118568444663963
8   36   0.03129624872481722
8   38   0.02592642913643565
8   39   0.026301252876220652
8   40   0.022654892573229807
8   41   0.020065002924748363
8   73   0.07208353249850574
8   77   0.026082397533656133
9   10   0.02644250442387745
9   12   0.002408373854252238
9   14   0.007205252409929491
9   15   0.10272966228567615
9   20   0.035018731943042544
9   22   0.052468495288194604
9   24   0.03798544121731869
9   25   0.052620548921247685
9   26   0.1629392143517101
9   27   0.04847093831079798
9   28   0.03247968283379574
9   29   0.05397469038221385
9   34   0.1618293042587358
9   36   0.011483672036544027
9   37   0.1132878090054393
9   38   0.002532142911160471
9   40   0.0851481944059914
9   43   0.04433945373122998
9   45   0.03275557921754018
9   47   0.04494414827876853
9   53   0.004482145635955898
9   56   0.004498101444434098
9   58   0.05157175136132249
9   59   0.06107574157714319
9   61   0.07975655481226213
9   69   0.0366205827542887
9   73   0.031475964799967636
9   76   0.09000349406267674
9   77   0.0033503276300461014
9   78   0.13291053721664373
10   12   0.09444112697787753
10   14   0.043579603793237116
10   15   0.2457909335586234
10   20   0.013634154587457559
10   24   0.01902727731266016
10   28   0.08384975583017634
10   29   0.0496317655442304
10   30   0.0669237163231061
10   34   0.016276159226901264
10   35   0.12646773097909883
10   36   0.055837485386163004
10   38   0.04437617688238936
10   40   0.06621061159498817
10   41   0.0011834161914923576
10   43   0.030119574081750148
10   53   0.0011156954895175364
10   56   0.05738390910444889
10   58   0.036873851959206574
10   73   0.04926362696014014
10   77   0.03492337343480388
11   13   0.0052486044170290385
11   17   0.07094870353497151
11   18   0.0807588312292798
11   19   0.11935474830777029
11   25   0.15226051674500837
11   26   0.10942313566587723
11   27   0.15776961181118138
11   34   0.04538786586681799
11   36   0.12804441641962735
11   37   0.022112348888309357
11   38   0.05330764157174202
11   62   0.0977532691838157
11   75   0.022211009806404954
11   76   0.0740271320666845
12   14   0.010282872559112448
12   15   0.06880222698707729
12   20   0.0722470412909707
12   24   0.0346949198241325
12   28   0.037075003945616726
12   29   0.011395592133751
12   34   0.06617966870952746
12   36   0.017044585813930237
12   38   0.02254478038162978
12   40   0.04936417463201507
12   41   0.02545983089227352
12   53   0.011203912661121689
12   58   0.04932934491966431
12   59   0.03426358936064042
12   73   0.016152881839566615
12   77   0.0799635071884729
13   22   0.02492213173187874
13   25   0.1194060839445049
13   26   0.1179996470238439
13   27   0.06971916018760653
13   31   0.0861925215310264
13   34   0.07757849783276384
13   37   0.026180688106188354
13   38   0.03480801412162155
13   44   0.0389730430953427
13   45   0.08171792107690477
13   62   0.004993977782075466
13   74   0.09585678482928897
13   75   0.018637458885504676
13   76   0.047515353715671914
14   17   0.06957294561554261
14   19   0.07027597272542986
14   20   0.0355718756769683
14   21   0.06677314522682733
14   23   0.09407221817140134
14   24   0.028993909321744955
14   26   0.13586100231424314
14   27   0.10605832691519518
14   28   0.009092771097802347
14   29   0.006198726506009115
14   30   0.04281804058251658
14   34   0.02293097352160442
14   36   0.023360140840247505
14   38   0.012064099112082472
14   40   0.030663856347113286
14   41   0.015827375524000546
14   73   0.0724628894787512
14   77   0.07307930362498476
15   20   0.1107117038072543
15   22   0.0022743063830925237
15   24   0.10399531779971648
15   27   0.041719504364935066
15   28   0.0721578416921433
15   29   0.05216417468316922
15   36   0.06884049402765174
15   40   0.03922704073081669
15   73   0.057113084495957506
15   77   0.040686234917615575
16   21   0.07614560650166628
16   22   0.02425394855617012
16   23   0.04570247399972183
16   24   0.07554170595709576
16   27   0.023912317438337764
16   28   0.026239952328431154
16   34   0.03945726174281693
16   36   0.08513498464531775
16   37   0.06650548003240594
16   38   0.06410836152621896
16   39   0.15327475869079416
16   40   0.003297904055945007
16   43   0.05445865440054922
16   45   0.04793378936605497
16   52   0.09157365151031874
16   65   0.023114611089083515
16   70   0.02312553937465671
16   71   0.032980112657440615
16   72   0.005324646780813582
16   73   0.01312100399152643
16   76   0.04455779190408565
16   77   0.003084999451702078
16   79   0.04673517611244055
17   18   0.07816844742931785
17   19   0.04007671034787119
17   21   0.025459787872493665
17   23   7.244780715127306e-05
17   24   0.0695261784621118
17   26   0.09769929912927693
17   27   0.12223396804844028
17   28   0.05163235306381138
17   29   0.07335599950940015
17   30   0.054373420779811055
17   33   0.06355335378828195
17   34   0.01011599779014397
17   36   0.0352283361651962
17   37   0.08954808639664327
17   38   0.03850670513729096
17   39   0.024452817118238632
17   43   0.02134537558053108
17   51   0.09505451273652803
17   52   0.045654735694370445
17   66   0.047629898185313504
17   72   0.07601192090748647
17   75   0.05042906137406581
17   76   0.07565888291804211
18   19   0.008803673076032388
18   23   0.042596030702558615
18   26   0.006285002698340614
18   27   0.1923704983118181
18   34   0.006238531774442272
18   36   0.06537703293243127
18   37   0.08771226023752808
18   38   0.028160674032001606
18   39   0.02280264460613065
18   75   0.04602213160707178
18   76   0.055131980586854056
19   23   0.08454583190322704
19   26   0.09229865444633475
19   27   0.1387855455151017
19   29   0.12136469585649304
19   30   0.09603231894525957
19   34   0.05426371959757337
19   36   0.017377977921231563
19   37   0.05947569239803016
19   38   0.07292157925973902
19   39   0.0235963931885442
19   51   0.06292769760846821
19   75   0.06921251585813439
19   76   0.0724097804952764
20   24   0.06714199494980434
20   28   0.03285700204452982
20   29   0.06251319931784637
20   34   0.03207175260279564
20   36   0.06013874946534528
20   38   0.06205960031929299
20   40   0.045759244371709716
20   53   0.11588753210205226
20   58   0.06594769620506032
20   61   0.03881813281200188
20   73   0.045695093813174145
20   77   0.0666119622105327
21   22   0.0005484262760302395
21   23   0.031071244445300614
21   24   0.026855986415384704
21   26   0.13026014498757707
21   27   0.050517101001006474
21   28   0.13423009767936642
21   29   0.051948939097866575
21   30   0.05199463369682641
21   33   0.056362675648381676
21   34   0.04002700543784092
21   35   0.10635199845645783
21   36   0.019277881102367438
21   37   0.05248262057797068
21   38   0.006487852326357203
21   39   0.044772633681200415
21   40   0.0036168463295640726
21   43   0.03532592883280244
21   45   0.07327477702155659
21   65   0.00021787399323367921
21   70   0.04677705911396158
21   71   0.026064788969592367
21   72   0.02234281842832106
21   73   0.08149192683833192
21   76   0.07596298794373774
21   77   0.07721189920524978
21   78   0.0033297302725506937
21   79   0.06786470415979431
21   84   0.050072502828170745
22   23   0.014248137286214083
22   24   0.007267892553684489
22   25   0.08100511675691217
22   27   0.09293014969112996
22   28   0.02834385141962043
22   36   0.015163874549906475
22   37   0.06398060430371068
22   38   0.046327140216404175
22   43   0.021519021316248107
22   52   0.06723935492582504
22   65   0.007803389417266623
22   70   0.011635763912646261
22   71   0.05805164654202567
22   72   0.07450649812936713
22   73   0.06032326324932611
22   75   0.05545513153873279
22   76   0.06446724200786794
22   77   0.004026780157803559
23   24   0.06392278611209352
23   26   0.09811780107610413
23   27   0.0003557630088756262
23   28   0.07753293929898397
23   29   0.09607457367588078
23   30   0.07081908332024597
23   33   0.010306224088581662
23   34   0.022136607895353773
23   35   0.11775429102377823
23   36   0.0957831475418255
23   37   0.06863056682920897
23   38   0.06454632061540813
23   39   0.05776194659779759
23   40   0.0631531617519565
23   43   0.058112019634724274
23   45   0.06864464490519234
23   46   0.11429242116470174
23   52   0.00833189081152142
23   65   0.02634250543817253
23   70   0.0037106376711879803
23   71   0.008120118848078388
23   72   0.027947005389588022
23   73   0.009742534974529154
23   76   0.02705441555786018
23   77   0.03368078206423761
23   84   0.07774986378320281
24   25   0.09902389539519206
24   26   0.11833914728556336
24   27   0.08519307599911664
24   28   0.011422211250728238
24   29   0.013286239982445637
24   30   0.05858898683970622
24   33   0.03896775612826176
24   34   0.057481637537170185
24   36   0.002954612874210899
24   37   0.06370398866842471
24   38   0.04557275910772501
24   39   0.025639299080705034
24   40   0.006266925014887889
24   43   0.05520499610981797
24   45   0.060586011304266274
24   46   0.05014146803894184
24   47   0.01889958774943584
24   51   0.03604571519666411
24   52   0.031407759564696415
24   53   0.023994712690592137
24   55   0.04278456588574661
24   56   0.0065129085565550126
24   58   0.01789281533353072
24   59   0.013432660071474235
24   61   0.018680520285466573
24   63   0.05245881237860148
24   65   0.006281357583494863
24   70   0.01858586450877165
24   71   0.004670285131212634
24   72   0.03464001887998344
24   73   0.03387452215582625
24   76   0.06155014169510359
24   77   0.04065321315486633
24   78   0.02833566916608956
24   79   0.06728452219980734
24   83   0.017132547269776834
24   84   0.028097338402166973
25   26   0.09998655350980894
25   27   0.005283253656411133
25   31   0.024825837851937156
25   37   0.026718979113726272
25   38   0.12066007295537459
25   45   0.05706959214080176
25   51   0.10698538218267456
25   62   0.08612391250292054
25   74   0.013523870135642999
25   75   0.026602017000869387
25   76   0.0273893828735713
26   27   0.13166072200028855
26   28   0.006317793916974288
26   29   0.09896809051506691
26   30   0.0784917202281387
26   31   0.05187102496147469
26   34   0.07412284352828248
26   36   0.0692612288736514
26   37   0.12268752555376786
26   38   0.08141625788937992
26   39   0.014328284688174852
26   43   0.026824685174554764
26   44   0.04549073016182652
26   45   0.04612716612195054
26   46   0.1276985606915626
26   51   0.03780806529872741
26   52   0.07706013134736778
26   60   0.05545433776642805
26   62   0.06556393870435655
26   66   0.07502596314079349
26   67   0.020938918304616402
26   68   0.07359806386069902
26   72   0.02539507511461772
26   73   0.01756944169904317
26   74   0.06474342120220525
26   75   0.0542549843999831
26   76   0.04894817487721525
26   80   0.03897118621053408
26   83   0.022785448069771494
26   84   0.023057758455758557
27   28   0.058227976147031256
27   29   0.10232254384386066
27   30   0.07174340117970893
27   31   0.10228059716842768
27   34   0.15941503302090845
27   35   0.012266003890220919
27   36   0.006528416626736741
27   37   0.07979441723991884
27   38   0.061075977305554106
27   39   0.026136019707883696
27   40   0.04695508644908418
27   43   0.06550980744608065
27   44   0.029911103231426282
27   45   0.04509531173868926
27   46   0.031145825656914723
27   51   0.1042087090760075
27   52   0.05844324964295168
27   56   0.07908739939747705
27   58   0.0897030188717
27   60   0.013391588952092885
27   62   0.03899913560292682
27   65   0.045786522112372496
27   66   0.10369320036482232
27   67   0.018479102618697042
27   68   0.056470767899538414
27   70   0.02617593606581076
27   71   0.11206168488063718
27   72   0.026098735764890076
27   73   0.05507484635463157
27   74   0.04321066931538369
27   75   0.025417562753564035
27   76   0.084392814275385
27   77   0.03977419513723781
27   79   0.07563639320839834
27   80   0.05144322554334779
27   83   0.05345786964530084
27   84   0.014296006166116211
28   29   0.029594716534355338
28   30   0.1286006966052758
28   33   0.006093475802429881
28   34   0.05187930939682892
28   35   0.0009552965786427015
28   36   0.02331180883634193
28   37   0.0314652597847715
28   38   0.013722295326114058
28   39   0.0637861015197015
28   40   0.01897839913063671
28   41   0.035578669673235086
28   43   0.025891676649833464
28   45   0.03381764261086724
28   47   0.025522608696546253
28   52   0.048332132949579554
28   53   0.06204021462479704
28   55   0.04060042415282113
28   56   0.019679685494584608
28   57   0.05474283995984264
28   58   0.054585223033047615
28   59   0.012729219178730683
28   61   0.05850385783509084
28   63   0.006678535803878431
28   65   0.03855347472113926
28   69   0.008251700126709463
28   70   0.037606492974873076
28   71   0.0026545129863495367
28   72   0.07651192584275242
28   73   0.03260865809284571
28   76   0.06161006461641598
28   77   0.031146094267571017
28   78   0.007034026800924442
28   79   0.033975264674417874
28   83   0.07547512212328263
28   84   0.07474526909518656
29   30   0.04915899062416877
29   32   0.07564571676048851
29   33   0.08738701737748159
29   34   0.07439696137883589
29   36   0.02166502780299769
29   38   0.06488904411666162
29   40   0.02757801895734009
29   43   0.001326009377515132
29   45   0.09385918327369853
29   73   0.05490266661759475
29   77   0.06648890414162296
30   33   0.015916013642922208
30   34   0.037907662879617235
30   36   0.014765236212003844
30   38   0.015442539794582473
30   39   0.0676029105113698
30   40   0.0430723045720417
30   72   0.03815909382650223
30   76   0.07127324809726329
31   37   0.052451875277173515
31   38   0.01922358920434725
31   62   0.021383009708197676
31   75   0.02530440912256189
31   76   0.0052397094418722
31   80   0.04450927595008876
32   34   0.07065363833160786
32   36   0.05160437144405715
32   41   0.045854596289560456
33   34   0.02500671916384143
33   38   0.05568586833924162
34   36   0.016891789142172944
34   37   0.042742201503191295
34   38   0.10036579995351352
34   39   0.00991434929230402
34   40   0.03858861857135069
34   41   0.028919421251472052
34   45   0.0052705579355602555
34   73   0.12597295304395542
34   75   0.05189513093190985
34   76   0.11958217899655461
34   77   0.18488859731329754
35   36   0.09958330513025729
35   37   0.0847442320382234
35   38   0.004948688761118571
35   39   0.06749767300973329
35   41   0.04709396949227545
35   43   0.011357330490221348
35   44   0.026922487428382144
35   46   0.0388843636403698
35   72   0.03413697260842152
35   76   0.03185557548505488
35   77   0.028798793972914963
35   84   0.15531447165644272
36   37   0.08929091268657299
36   38   0.12342241510245208
36   39   0.16538991508521594
36   40   0.011937952975339072
36   41   0.1701325656740237
36   43   0.14216631696485085
36   45   0.02553420030813328
36   46   0.02221578084204379
36   47   0.02365611771830682
36   51   0.061505345285328444
36   52   0.007085353997014581
36   56   0.018481758172735892
36   58   0.04223823163149687
36   65   0.04301014383437853
36   66   0.11544471715309393
36   70   0.030713503919871342
36   71   0.01636830834803132
36   72   0.029452396168424464
36   73   0.07355263847728374
36   75   0.016875117436160776
36   76   0.016096291781066068
36   77   0.01623989455971664
36   83   0.013066570554009851
36   84   0.010487765639590337
37   38   0.04789081066442985
37   39   0.05343425871887071
37   40   0.04411536923309543
37   43   0.027927417503038135
37   44   0.021855897040137177
37   45   0.0004720832609602684
37   51   0.0018327719199820053
37   52   0.06682226012118725
37   62   0.03134156530898435
37   74   0.044819760816590185
37   75   0.02752264571902813
37   76   0.045960262949960425
37   80   0.05515082708429939
37   84   0.07937057070830938
38   39   0.02545473741324389
38   40   0.00551001749248266
38   41   0.017554444228060195
38   43   0.01895913353964567
38   44   0.029145343348916202
38   45   0.03747723775226913
38   46   0.20961332453320525
38   51   0.0014377690017205653
38   52   0.03078038706389042
38   56   0.03769734850753922
38   58   0.05177279995935583
38   62   0.09594477158113145
38   71   0.0367797462617907
38   72   0.008265883304386133
38   73   0.05847216706330514
38   75   0.041753304729788845
38   76   0.0680246175941001
38   77   0.08990890649939375
38   83   0.07734809101887985
38   84   0.019537865842233146
39   40   0.09951363706915613
39   43   0.08470268083994448
39   72   0.012006465741556359
39   75   0.0278363951428259
39   76   0.1075365741814521
39   84   0.07658382849990783
40   41   0.0027410187854109546
40   43   0.048412180255372084
40   45   0.06836023887329735
40   47   0.039903803321388626
40   58   0.03560231321649765
40   59   0.007554223628040468
40   61   0.04618589715092013
40   73   0.052301377854097386
40   77   0.04863710031162307
43   44   0.002227156424749537
43   45   0.0052415728754890015
43   46   0.13416115093493233
43   47   0.019539191765825043
43   48   0.0759011460178918
43   51   0.038452862913382055
43   52   0.11588068859840302
43   53   0.05976122059411072
43   55   0.015566117018025611
43   56   0.024344024434193402
43   57   0.044897064425538404
43   58   0.010759708971754049
43   59   0.013029019313405561
43   61   0.0025585052186256536
43   63   0.033013240697825005
43   64   0.11515926087544143
43   65   0.027535449283010365
43   66   0.05618432257072596
43   67   0.0526812988349697
43   68   0.037981057344110475
43   69   0.05426928968423917
43   70   0.04419035380983527
43   71   0.0358593515423338
43   72   0.02568935626297129
43   73   0.079783919191362
43   75   0.04319638656555985
43   76   0.053956280156350164
43   77   0.043392722149885446
43   78   0.026855797711982515
43   79   0.09188850382784708
43   83   0.09082991735503594
43   84   0.08391725684256582
44   45   0.06241657262700577
44   46   0.017542090108017497
44   47   0.11609844220699207
44   49   0.16464998479555154
44   51   0.011944972465021592
44   52   0.10486649871240686
44   56   0.04812781728504647
44   60   0.03294648204327303
44   62   0.05514900431028364
44   65   0.05710819396258031
44   66   0.009125817674271319
44   67   0.04562484574431591
44   68   0.052177427668710176
44   70   0.07952335564402284
44   71   0.04799614345304983
44   72   0.024933057698305713
44   73   0.11013581666858113
44   74   0.06997592898160103
44   75   0.06196081445748054
44   76   0.1051132470217932
44   77   0.10195973967291756
44   80   0.05909860187636743
44   83   0.06900719162796744
44   84   0.033730946836793944
45   46   0.16335412274096994
45   47   0.02873149428960961
45   48   0.18642931533960033
45   49   0.1012421441405232
45   50   0.03070636430384653
45   51   0.004301532000178405
45   52   0.09336411292290836
45   53   0.000286110241908676
45   55   0.06229333820475482
45   56   0.02525157741556312
45   57   0.022938787175103167
45   58   0.02106649599477529
45   59   0.0642303177475425
45   60   0.025775425073639502
45   61   0.015335639594286353
45   62   0.010666093394987365
45   63   0.00043758773316873045
45   65   0.04518769551954322
45   66   0.02596779323996835
45   67   0.06318899003190796
45   68   0.0023778764721910884
45   69   0.01729276566534385
45   70   0.04146659934924804
45   71   0.1159202413421639
45   72   0.05551265085391115
45   73   0.007982301382197299
45   74   0.048425287505593294
45   75   0.020802413968092067
45   76   0.05656904540219959
45   77   0.037541060028237344
45   78   0.013952337636761269
45   79   0.04507603333455899
45   80   0.06407549749877771
45   82   0.11941828846063805
45   83   0.0007083674316673193
45   84   0.07901148930813776
46   47   0.038119890597821705
46   48   0.1729121627692565
46   52   0.019804909192665088
46   56   0.018968349401716135
46   63   0.06689726374922252
46   65   0.1026749619131736
46   66   0.08947212152803115
46   67   0.098619477419997
46   68   0.07958042850980344
46   70   0.11393042349446755
46   72   0.10468246255529838
46   73   0.030428430521081826
46   75   0.06609870035605482
46   76   0.06809034752585313
46   77   0.0465187000056872
46   79   0.024520529984048293
46   83   0.10174192678776642
46   84   0.09622222255574026
47   48   0.047245203116954716
47   52   0.06203689734025665
47   53   0.043552982043203334
47   54   0.01031648727236604
47   55   0.050318594160150276
47   56   0.005189356774208296
47   57   0.10891485563673181
47   58   0.02109144609061122
47   59   0.1053082001119705
47   61   0.032918550666535686
47   63   0.04570319973481185
47   64   0.05439714369307196
47   69   0.05847665363799966
47   71   0.05978121124358012
47   72   0.03441773021947396
47   73   0.053688356065755595
47   76   0.10261679845726143
47   77   0.021826672955524606
47   78   0.04410668640867397
47   79   0.010182668518709087
47   81   0.10464312170795279
47   83   0.1087164850922037
47   84   0.050709816350930755
48   54   0.16373096337926535
48   55   0.025595552224649275
48   57   0.021980017439016956
48   59   0.09468514102298305
48   61   0.0768777194666089
48   63   0.06983738604242
48   73   0.029049119754803315
48   77   0.10748716962660236
48   78   0.008197237398488414
48   81   0.06918752922178997
48   83   0.054637077419275114
49   60   0.08847331696339623
50   56   0.007989278414820871
50   57   0.02050954590638388
50   59   0.042657088259124655
50   63   0.0299178549704107
50   72   0.035659494375459753
50   75   0.08831649637209531
50   77   0.07471896899416483
50   78   0.05604196054237501
50   79   0.05008682298050942
50   83   0.009594213100745572
51   58   0.04459965448770469
51   71   0.04084869598193085
51   73   0.1091653518432864
51   74   0.027737584018694198
51   75   0.05124754936439877
51   76   0.0001893685013012118
51   83   0.07660032237923395
52   56   0.07038591479759454
52   59   0.006949040121249566
52   66   0.06961471566021615
52   68   0.05253224620900915
52   70   0.0655083690835998
52   72   0.12130955665168529
52   73   0.10194763645158501
52   75   0.019074921518112724
52   76   0.008889596147885134
52   77   0.07284510938306951
52   79   0.1123786901834034
52   83   0.027904607216708968
52   84   0.10133193437186111
53   55   0.027768222005753025
53   56   0.0935169661119395
53   57   0.026966417413781453
53   58   0.02286080306786536
53   59   0.056851771643802146
53   61   0.07247378066949475
53   63   0.009479240302826361
53   64   0.11272069324020179
53   69   0.08381053680172298
53   73   0.08337350531544974
53   77   0.044969529637902995
53   78   0.04963066242176295
53   83   0.04654967125343329
54   55   0.10452484294584784
54   64   0.069516885289899
55   56   0.06916301814492086
55   57   0.026838124689961915
55   58   0.039684319968042905
55   59   0.035513937724808646
55   61   0.08621643517116746
55   63   0.10349185013377504
55   64   0.059160803842517
55   69   0.05692553035890221
55   73   0.06722824079575578
55   77   0.06960162358358475
55   78   0.10854831442127653
55   83   0.012255000921862002
56   57   0.028360534596346985
56   58   0.010110173083255658
56   59   0.022997190928195355
56   61   0.03695679557183966
56   63   0.0455278659457897
56   66   0.18807933620166892
56   68   0.12713733451114534
56   69   0.013973963416350614
56   70   0.04038730332390288
56   72   0.04468654200214539
56   73   0.06110590943652327
56   75   0.12609259063781114
56   76   0.09657667453333058
56   77   0.10477595166015954
56   78   0.006313839443210561
56   79   0.11080363873183029
56   82   0.002025784605512592
56   83   0.004526758076795011
57   59   0.06304801352674327
57   61   0.012516091955782564
57   63   0.032243511731274974
57   64   0.010194194872122121
57   66   0.13587485104970498
57   69   0.05459272275629882
57   70   0.06370792033751596
57   72   0.07053013249259157
57   73   0.04479251563047614
57   75   0.044714972630148606
57   76   0.08552342150865352
57   77   0.009478833751099196
57   78   0.07256581243874748
57   79   0.09563530559617978
57   83   0.03726472226873743
58   59   0.03916092569535848
58   61   0.03959643456876914
58   63   0.04408197022363041
58   64   0.011165952588492253
58   69   0.010185917973031576
58   71   0.016040271679372824
58   73   0.024046937615337455
58   74   0.02074970560965281
58   76   0.08148912152689214
58   77   0.042557641794889044
58   78   0.03617717838634047
58   83   0.03764994036390688
59   61   0.05208880952568328
59   63   0.018568034215073255
59   64   0.1459316644502206
59   69   0.009091240272859985
59   73   0.008195124136221553
59   77   0.05639855015305708
59   78   0.06914141022624555
59   83   0.04000729777945065
60   62   0.03953832945052505
60   66   0.016749000604172597
60   67   0.010808372978195396
60   68   0.0834869447278767
60   74   0.10691259756503468
60   75   0.049985583089863755
60   76   0.1708429113288186
60   83   0.14432013307505262
61   63   0.013214159093907557
61   64   0.06663962151813414
61   69   0.011978738117474193
61   73   0.11354745964939039
61   77   0.04232039096943736
61   78   0.04483297584774779
61   83   0.010491669838105533
62   71   0.03466132067706972
62   74   0.10787168971852198
62   75   0.05332580249001661
62   76   0.07281345427424987
62   83   0.0804823623506699
63   66   0.17903789153598695
63   68   0.07003836353203421
63   69   0.03683388887103906
63   70   0.05767212333889221
63   72   0.036460918981723954
63   73   0.061795069565012156
63   75   0.07431638773923606
63   76   0.11175116950853042
63   77   0.0109591205227364
63   78   0.03679431285299133
63   79   0.07626534095076382
63   83   0.017999749590285056
64   69   0.17074245187541345
64   71   0.05572717994970034
64   73   0.11916244592593114
64   76   0.029652209656818126
64   77   0.08699865634684537
65   70   0.0929107211480138
65   71   0.05335349418056754
65   72   0.122920162787771
65   73   0.09954552529458874
65   76   0.14398869546777956
65   77   0.09571321766327999
65   79   0.011114987836831973
65   83   0.046402987581841436
65   84   0.04260807358227453
66   67   0.037115536230066144
66   68   0.0740345277239214
66   70   0.036643636497847284
66   72   0.003546494339146827
66   73   0.045208535512926404
66   75   0.07361078514431472
66   76   0.1058773545123441
66   77   0.1323408903031396
66   78   0.07935278870400891
66   79   0.13017753013555267
66   83   0.049077491171393414
67   68   0.04177442227148607
67   72   0.06255681728822339
67   75   0.018909676828201678
67   76   0.060403286293800644
67   83   0.09774122264898838
68   70   0.038852172135705965
68   72   0.01853578487959747
68   75   0.029499449282054016
68   76   0.08171962273555534
68   77   0.07428400714143225
68   79   0.10677979821697958
68   83   0.07173713356141999
69   73   0.022643488706969455
69   77   0.041583988306359045
69   78   0.06791754917506526
69   83   0.008953359615340911
70   71   0.03796363696167471
70   72   0.008004158400002416
70   73   0.02029245434594892
70   75   0.07061237463343811
70   76   0.04219935622097329
70   77   0.01651813358564929
70   78   0.07009925678269352
70   79   0.0067362328054368596
70   82   0.06459645948248255
70   83   0.09357207509025223
70   84   0.07533750875217703
71   72   0.02963506399628854
71   73   0.09780569427623399
71   74   0.024187331336893443
71   76   0.09214169092369723
71   77   0.043831739430305036
72   73   0.045606785976849036
72   75   0.0684696685013633
72   76   0.005120450694612761
72   77   0.09934934877623239
72   78   0.0039034513965064354
72   79   0.03946581903757661
72   83   0.10791567007163698
72   84   0.07088424663981611
73   74   0.06923315282537577
73   76   0.12434159236817093
73   77   0.07755517295747397
73   78   0.0736451936334271
73   79   0.12487759024837246
73   82   0.0070621439652026035
73   83   0.03212926846272131
73   84   0.014920307604159671
74   76   0.010142736765765256
75   76   0.047057010118893176
75   77   0.06804847806530469
75   78   0.03829348893546371
75   79   0.10979619028499248
75   80   0.049587936992955155
75   83   0.03859102751731105
75   84   0.006701084560124276
76   77   0.046418361922079446
76   78   0.07458020680872707
76   79   0.11066323418111151
76   80   0.05307700287446558
76   83   0.022350805487111745
76   84   0.012540547490474565
77   78   0.02239573473994225
77   79   0.08664799067990338
77   82   0.00978746006554637
77   83   6.21409698429847e-06
77   84   0.0015989935999518954
78   79   0.042324708643939876
78   81   0.015112295121900586
78   82   0.024251679105251892
78   83   0.018874611280304786
79   82   0.01900611260895938
79   83   0.12733386053553084
81   83   0.030802636333637987
82   83   0.1439195487622384
