1   3   0.032
1   7   0.112
1   8   0.049
1   10   0.073
1   14   0.116
1   17   0.2
1   19   0.212
1   21   0.077
1   23   0.045
1   24   0.062
1   26   0.046
1   27   0.036
1   28   0.11
1   29   0.132
1   30   0.181
1   33   0.076
1   34   0.069
1   36   0.023
1   38   0.148
1   73   0.063
1   77   0.168
2   3   0.079
2   9   0.079
2   11   0.037
2   13   0.035
2   15   0.045
2   16   0.083
2   17   0.044
2   18   0.04
2   19   0.078
2   22   0.095
2   23   0.103
2   24   0.053
2   25   0.107
2   26   0.09
2   27   0.102
2   28   0.053
2   31   0.046
2   34   0.004
2   36   0.022
2   37   0.064
2   38   0.058
2   39   0.034
2   42   0.132
2   43   0.157
2   44   0.07
2   45   0.002
2   49   0.005
2   51   0.025
2   60   0.111
2   62   0.01
2   66   0.089
2   68   0.097
2   71   0.018
2   72   0.156
2   74   0.162
2   75   0.083
2   76   0.102
2   80   0.08
3   6   0.059
3   7   0.049
3   8   0.065
3   10   0.007
3   14   0.014
3   17   0.063
3   18   0.075
3   19   0.061
3   21   0.152
3   22   0.086
3   23   0.141
3   24   0.055
3   26   0.214
3   27   0.139
3   28   0.12
3   29   0.039
3   30   0.098
3   33   0.002
3   34   0.183
3   36   0.15
3   37   0.065
3   38   0.129
3   39   0.075
3   40   0.077
3   43   0.101
3   44   0.057
3   45   0.098
3   46   0.025
3   51   0.125
3   52   0.005
3   65   0.084
3   66   0.101
3   68   0.121
3   71   0.217
3   72   0.127
3   75   0.1
3   76   0.096
4   5   0.089
4   6   0.04
4   7   0.225
4   8   0.085
4   9   0.081
4   10   0.153
4   12   0.023
4   14   0.175
4   15   0.079
4   20   0.123
4   24   0.218
4   28   0.037
4   29   0.14
4   34   0.023
4   36   0.16
4   38   0.183
4   40   0.042
4   41   0.077
4   47   0.034
4   53   0.115
4   58   0.12
4   59   0.08
4   61   0.108
4   69   0.003
4   73   0.012
4   77   0.064
5   6   0.076
5   7   0.065
5   8   0.053
5   9   0.081
5   10   0.042
5   12   0.09
5   15   0.048
5   20   0.009
5   24   0.02
5   27   0.05
5   28   0.067
5   29   0.043
5   32   0.117
5   34   0.002
5   35   0.029
5   36   0.066
5   40   0.066
5   41   0.075
5   47   0.123
5   84   0.041
6   7   0.155
6   8   0.028
6   9   0.038
6   10   0.021
6   12   0.065
6   13   0.013
6   14   0.047
6   15   0.148
6   17   0.058
6   20   0.08
6   23   0.108
6   24   0.124
6   26   0.076
6   28   0.059
6   29   0.063
6   30   0.101
6   32   0.134
6   34   0.145
6   36   0.073
6   38   0.044
6   39   0.045
6   40   0.027
6   41   0.027
6   42   0.117
6   47   0.034
6   58   0.035
6   59   0.061
6   73   0.046
6   77   0.009
7   8   0.132
7   9   0.04
7   10   0.023
7   12   0.086
7   14   0.028
7   15   0.014
7   17   0.153
7   19   0.141
7   20   0.194
7   21   0.036
7   23   0.037
7   24   0.034
7   26   0.079
7   27   0.08
7   28   0.075
7   29   0.043
7   30   0.078
7   32   0.007
7   33   0.022
7   34   0.151
7   36   0.093
7   37   0.089
7   38   0.108
7   39   0.126
7   40   0.074
7   41   0.085
7   43   0.161
7   45   0.142
7   47   0.132
7   58   0.078
7   73   0.031
7   77   0.008
8   9   0.004
8   10   0.046
8   12   0.118
8   13   0.079
8   14   0.039
8   15   0.002
8   17   0.171
8   18   0.204
8   19   0.198
8   20   0.034
8   21   0.05
8   23   0.134
8   24   0.099
8   26   0.169
8   27   0.061
8   28   0.128
8   29   0.085
8   30   0.029
8   32   0.112
8   33   0.055
8   34   0.085
8   36   0.06
8   38   0.002
8   39   0.072
8   40   0.061
8   41   0.118
8   42   0.199
8   43   0.074
8   56   0.018
8   58   0.079
8   73   0.058
8   77   0.087
9   10   0.035
9   12   0.096
9   13   0.128
9   14   0.007
9   15   0.044
9   16   0.135
9   17   0.204
9   20   0.06
9   22   0.14
9   23   0.184
9   24   0.079
9   25   0.125
9   26   0.192
9   27   0.008
9   28   0.001
9   29   0.1
9   30   0.009
9   31   0.158
9   33   0.149
9   34   0.123
9   36   0.148
9   37   0.189
9   38   0.035
9   39   0.047
9   40   0.045
9   41   0.074
9   42   0.115
9   43   0.174
9   45   0.184
9   47   0.009
9   49   0.143
9   53   0.09
9   56   0.05
9   58   0.065
9   59   0.062
9   61   0.033
9   62   0.097
9   64   0.043
9   65   0.181
9   69   0.011
9   70   0.135
9   71   0.079
9   72   0.169
9   73   0.029
9   75   0.173
9   76   0.15
9   77   0.077
9   78   0.154
9   79   0.03
9   80   0.046
9   83   0.052
10   12   0.022
10   13   0.035
10   14   0.135
10   15   0.082
10   20   0.041
10   24   0.214
10   28   0.162
10   29   0.066
10   30   0.101
10   32   0.021
10   33   0.012
10   34   0.08
10   36   0.041
10   38   0.157
10   39   0.002
10   40   0.106
10   41   0.023
10   43   0.079
10   47   0.029
10   53   0.186
10   55   0.038
10   57   0.008
10   58   0.024
10   59   0.06
10   61   0.063
10   64   0.115
10   69   0.095
10   73   0.058
10   77   0.05
11   13   0.055
11   14   0.012
11   17   0.029
11   18   0.101
11   19   0.022
11   23   0.015
11   25   0.121
11   26   0.054
11   27   0.009
11   29   0.075
11   31   0.08
11   32   0.013
11   34   0.053
11   36   0.041
11   37   0.053
11   38   0.04
11   39   0.039
11   41   0.245
11   42   0.098
11   44   0.01
11   49   0.047
11   51   0.073
11   60   0.075
11   62   0.106
11   67   0.065
11   74   0.071
11   75   0.075
11   76   0.009
11   80   0.016
12   13   0.115
12   14   0.136
12   15   0.05
12   20   0.016
12   24   0.068
12   28   0.09
12   29   0.191
12   32   0.092
12   34   0.084
12   36   0.165
12   38   0.191
12   40   0.074
12   41   0.02
12   47   0.035
12   53   0.118
12   54   0.034
12   58   0.061
12   59   0.138
12   61   0.019
12   64   0.05
12   69   0.092
12   73   0.02
12   77   0.005
13   14   0.008
13   18   0.052
13   22   0.128
13   24   0.041
13   25   0.067
13   26   0.168
13   27   0.077
13   29   0.023
13   31   0.022
13   32   0.042
13   34   0.165
13   36   0.088
13   37   0.019
13   38   0.063
13   39   0.146
13   40   0.019
13   41   0.028
13   42   0.235
13   43   0.006
13   44   0.135
13   45   0.082
13   46   0.054
13   48   0.071
13   49   0.058
13   51   0.102
13   60   0.001
13   62   0.118
13   67   0.144
13   74   0.145
13   75   0.009
13   76   0.044
13   80   0.078
13   83   0.022
14   15   0.022
14   17   0.138
14   18   0.137
14   19   0.177
14   20   0.06
14   21   0.041
14   23   0.141
14   24   0.07
14   26   0.087
14   27   0.029
14   28   0.141
14   29   0.005
14   30   0.02
14   32   0.068
14   33   0.143
14   34   0.088
14   36   0.002
14   38   0.131
14   39   0.084
14   40   0.01
14   41   0.043
14   42   0.185
14   73   0.058
14   77   0.059
15   20   0.005
15   21   0.118
15   22   0.137
15   23   0.061
15   24   0.119
15   25   0.088
15   27   0.054
15   28   0.057
15   29   0.117
15   30   0.076
15   32   0.093
15   34   0.028
15   35   0.059
15   36   0.043
15   37   0.011
15   38   0.09
15   39   0.049
15   40   0.033
15   41   0.017
15   43   0.05
15   47   0.116
15   53   0.253
15   58   0.115
15   59   0.168
15   61   0.106
15   64   0.03
15   69   0.233
15   73   0.045
15   77   0.076
15   84   0.006
16   17   0.02
16   21   0.082
16   22   0.049
16   23   0.152
16   24   0.089
16   27   0.07
16   28   0.101
16   30   0.038
16   34   0.061
16   36   0.013
16   37   0.003
16   38   0.036
16   39   0.02
16   40   0.055
16   43   0.005
16   45   0.07
16   46   0.036
16   52   0.091
16   65   0.001
16   70   0.154
16   71   0.168
16   72   0.014
16   73   0.041
16   76   0.031
16   77   0.115
16   79   0.129
17   18   0.011
17   19   0.125
17   21   0.099
17   22   0.001
17   23   0.002
17   24   0.068
17   26   0.039
17   27   0.068
17   28   0.144
17   29   0.025
17   30   0.12
17   33   0.024
17   34   0.098
17   36   0.011
17   37   0.096
17   38   0.058
17   39   0.019
17   43   0.019
17   44   0.076
17   51   0.141
17   52   0.012
17   66   0.04
17   72   0.053
17   75   0.138
17   76   0.013
18   19   0.016
18   21   0.04
18   23   0.008
18   25   0.138
18   26   0.054
18   27   0.131
18   29   0.16
18   30   0.118
18   31   0.147
18   34   0.053
18   36   0.021
18   37   0.039
18   38   0.134
18   39   0.029
18   42   0.08
18   44   0.095
18   62   0.056
18   67   0.174
18   74   0.056
18   75   0.096
18   76   0.147
18   80   0.084
19   21   0.043
19   23   0.122
19   25   0.103
19   26   0.136
19   27   0.027
19   29   0.171
19   30   0.104
19   31   0.178
19   33   0.056
19   34   0.048
19   36   0.025
19   37   0.105
19   38   0.055
19   39   0.059
19   44   0.036
19   51   0.209
19   68   0.007
19   74   0.02
19   75   0.121
19   76   0.073
19   80   0.019
20   24   0.166
20   28   0.047
20   29   0.111
20   32   0.162
20   34   0.088
20   36   0.047
20   38   0.155
20   40   0.013
20   41   0.039
20   47   0.048
20   53   0.131
20   58   0.082
20   59   0.076
20   61   0.013
20   64   0.001
20   69   0.079
20   73   0.055
20   77   0.009
21   22   0.12
21   23   0.048
21   24   0.004
21   26   0.096
21   27   0.083
21   28   0.055
21   29   0.037
21   30   0.079
21   33   0.028
21   34   0.045
21   35   0.033
21   36   0.106
21   37   0.075
21   38   0.078
21   39   0.055
21   40   0.02
21   41   0.126
21   43   0.09
21   45   0.017
21   65   0.019
21   70   0.062
21   71   0.079
21   72   0.057
21   73   0.028
21   76   0.117
21   77   0.129
21   78   0.001
21   79   0.11
21   82   0.036
22   23   0.113
22   24   0.15
22   25   0.317
22   26   0.139
22   27   0.018
22   28   0.065
22   29   0.078
22   30   0.077
22   31   0.037
22   34   0.13
22   36   0.092
22   37   0.133
22   38   0.118
22   39   0.037
22   40   0.03
22   42   0.219
22   43   0.019
22   44   0.069
22   45   0.146
22   46   0.098
22   51   0.049
22   52   0.048
22   58   0.027
22   62   0.094
22   65   0.109
22   70   0.126
22   71   0.027
22   72   0.102
22   73   0.07
22   75   0.138
22   76   0.048
22   77   0.2
22   79   0.036
22   80   0.129
23   24   0.106
23   26   0.038
23   27   0.091
23   28   0.022
23   29   0.168
23   30   0.067
23   33   0.007
23   34   0.111
23   35   0.013
23   36   0.069
23   37   0.025
23   38   0.152
23   39   0.154
23   40   0.048
23   41   0.164
23   43   0.044
23   44   0.063
23   45   0.118
23   46   0.093
23   51   0.158
23   52   0.078
23   65   0.101
23   66   0.154
23   70   0.055
23   71   0.201
23   72   0.002
23   73   0.125
23   76   0.136
23   77   0.055
23   79   0.018
23   84   0.02
24   25   0.172
24   26   0.015
24   27   0.049
24   28   0.185
24   29   0.012
24   30   0.067
24   31   0.116
24   32   0.032
24   33   0.131
24   34   0.022
24   36   0.09
24   37   0.064
24   38   0.141
24   39   0.035
24   40   0.091
24   41   0.051
24   42   0.066
24   43   0.138
24   45   0.153
24   46   0.086
24   47   0.07
24   48   0.09
24   50   0.057
24   51   0.053
24   52   0.03
24   53   0.045
24   55   0.054
24   56   0.154
24   57   0.023
24   58   0.081
24   59   0.071
24   61   0.045
24   62   0.009
24   63   0.017
24   64   0.03
24   65   0.085
24   69   0.033
24   70   0.143
24   71   0.01
24   72   0.105
24   73   0.07
24   76   0.1
24   77   0.152
24   78   0.002
24   79   0.138
24   80   0.051
24   82   0.089
24   83   0.026
25   26   0.035
25   27   0.047
25   31   0.01
25   34   0.075
25   36   0.055
25   37   0.029
25   38   0.1
25   42   0.002
25   43   0.022
25   44   0.133
25   45   0.008
25   49   0.046
25   51   0.066
25   60   0.111
25   62   0.173
25   67   0.019
25   74   0.166
25   75   0.13
25   76   0.039
25   80   0.093
26   27   0.088
26   28   0.056
26   29   0.004
26   30   0.013
26   31   0.008
26   32   0.15
26   33   0.1
26   34   0.185
26   36   0.209
26   37   0.025
26   38   0.285
26   39   0.113
26   40   0.03
26   42   0.115
26   43   0.093
26   44   0.044
26   45   0.13
26   46   0.008
26   49   0.063
26   51   0.31
26   52   0.083
26   60   0.036
26   62   0.116
26   66   0.004
26   67   0.033
26   68   0.049
26   71   0.222
26   74   0.238
26   75   0.136
26   76   0.091
26   80   0.034
26   83   0.184
27   28   0.003
27   29   0.008
27   30   0.027
27   31   0.071
27   33   0.038
27   34   0.069
27   35   0.032
27   36   0.012
27   37   0.029
27   38   0.061
27   39   0.127
27   40   0.042
27   41   0.082
27   42   0.067
27   43   0.005
27   44   0.03
27   45   0.132
27   46   0.043
27   47   0.167
27   49   0.047
27   51   0.159
27   52   0.11
27   58   0.026
27   60   0.007
27   62   0.05
27   65   0.002
27   66   0.101
27   67   0.082
27   68   0.074
27   70   0.004
27   71   0.17
27   72   0.119
27   73   0.025
27   74   0.214
27   75   0.111
27   76   0.042
27   77   0.198
27   80   0.038
27   83   0.181
27   84   0.069
28   29   0.012
28   30   0.017
28   32   0.117
28   33   0.035
28   34   0.048
28   35   0.02
28   36   0.013
28   37   0.037
28   38   0.186
28   39   0.121
28   40   0.039
28   41   0.044
28   43   0.133
28   45   0.158
28   46   0.197
28   47   0.05
28   48   0.167
28   50   0.011
28   53   0.145
28   55   0.01
28   56   0.111
28   57   0.004
28   58   0.055
28   59   0.052
28   61   0.034
28   63   0.005
28   64   0.041
28   65   0.021
28   69   0.103
28   70   0.069
28   71   0.052
28   72   0.028
28   73   0.026
28   76   0.055
28   77   0.049
28   78   0.09
28   79   0.102
28   82   0.068
28   83   0.107
29   30   0.079
29   32   0.033
29   33   0.13
29   34   0.071
29   36   0.033
29   38   0.158
29   39   0.058
29   40   0.059
29   41   0.03
29   43   0.168
29   58   0.114
29   73   0.09
29   77   0.103
30   33   0.136
30   34   0.008
30   36   0.055
30   37   0.057
30   38   0.098
30   39   0.136
30   40   0.001
30   41   0.027
30   43   0.043
30   45   0.055
30   58   0.013
30   65   0.005
30   70   0.057
30   71   0.058
30   73   0.115
30   77   0.197
30   78   0.108
30   79   0.114
30   82   0.083
31   34   0.124
31   36   0.058
31   37   0.075
31   38   0.068
31   42   0.005
31   43   0.057
31   44   0.192
31   45   0.01
31   49   0.15
31   51   0.01
31   60   0.022
31   62   0.065
31   67   0.19
31   68   0.041
31   71   0.036
31   74   0.112
31   75   0.095
31   76   0.079
31   80   0.092
32   34   0.071
32   36   0.043
32   38   0.084
32   39   0.065
32   40   0.025
32   41   0.009
32   42   0.072
33   34   0.097
33   36   0.066
33   38   0.21
33   43   0.139
33   73   0.027
33   77   0.055
34   36   0.072
34   37   0.006
34   38   0.058
34   39   0.138
34   40   0.072
34   41   0.027
34   42   0.037
34   43   0.195
34   49   0.178
34   51   0.138
34   58   0.153
34   62   0.032
34   73   0.207
34   75   0.047
34   76   0.094
34   77   0.113
34   80   0.012
35   36   0.068
35   37   0.03
35   38   0.028
35   39   0.006
35   40   0.023
35   41   0.058
35   42   0.061
35   43   0.179
35   44   0.03
35   45   0.139
35   46   0.081
35   47   0.088
35   48   0.007
35   54   0.061
35   64   0.104
35   72   0.103
35   84   0.021
36   37   0.101
36   38   0.02
36   39   0.103
36   40   0.034
36   41   0.051
36   42   0.119
36   43   0.147
36   44   0.029
36   45   0.113
36   46   0.027
36   47   0.144
36   48   0.144
36   51   0.162
36   52   0.135
36   56   0.01
36   58   0.109
36   64   0.011
36   65   0.202
36   66   0.056
36   68   0.013
36   70   0.117
36   71   0.216
36   72   0.113
36   73   0.093
36   74   0.036
36   75   0.073
36   76   0.012
36   77   0.08
36   78   0.15
36   79   0.121
36   80   0.086
36   82   0.174
36   83   0.203
36   84   0.115
37   38   0.001
37   39   0.13
37   40   0.053
37   41   0.051
37   42   0.003
37   43   0.021
37   44   0.169
37   45   0.069
37   46   0.058
37   49   0.006
37   51   0.115
37   52   0.003
37   60   0.022
37   62   0.091
37   65   0.203
37   67   0.082
37   68   0.1
37   71   0.244
37   72   0.046
37   74   0.12
37   75   0.033
37   76   0.077
37   80   0.101
37   84   0.045
38   39   0.094
38   40   0.021
38   41   0.057
38   42   0.061
38   43   0.117
38   44   0.021
38   45   0.073
38   46   0.035
38   48   0.071
38   49   0.033
38   51   0.231
38   52   0.173
38   56   0.056
38   58   0.079
38   62   0.038
38   65   0.184
38   66   0.084
38   68   0.025
38   71   0.243
38   72   0.101
38   73   0.036
38   74   0.096
38   75   0.082
38   76   0.034
38   77   0.002
38   80   0.008
38   84   0.043
39   40   0.056
39   41   0.03
39   42   0.089
39   43   0.081
39   44   0.037
39   45   0.016
39   46   0.032
39   48   0.101
39   51   0.025
39   52   0.036
39   65   0.194
39   71   0.241
39   72   0.001
39   73   0.079
39   75   0.033
39   76   0.029
39   77   0.031
39   84   0.007
40   41   0.138
40   42   0.083
40   43   0.104
40   45   0.161
40   47   0.075
40   48   0.015
40   53   0.07
40   54   0.095
40   56   0.053
40   58   0.105
40   59   0.132
40   61   0.023
40   64   0.023
40   69   0.211
40   73   0.087
40   76   0.163
40   77   0.093
40   78   0.214
40   84   0.038
41   42   0.091
41   43   0.061
41   45   0.167
41   46   0.128
41   47   0.081
41   48   0.094
41   49   0.038
41   57   0.183
41   73   0.118
41   77   0.067
41   83   0.12
41   84   0.044
42   44   0.054
42   45   0.096
42   46   0.004
42   48   0.062
42   49   0.079
42   51   0.049
42   60   0.075
42   62   0.227
42   74   0.148
42   75   0.105
42   76   0.003
42   80   0.107
42   83   0.121
43   44   0.13
43   45   0.122
43   46   0.034
43   47   0.029
43   48   0.051
43   49   0.048
43   50   0.048
43   51   0.007
43   52   0.111
43   53   0.006
43   54   0.029
43   55   0.108
43   56   0.059
43   57   0.111
43   58   0.095
43   59   0.139
43   60   0.063
43   61   0.165
43   62   0.01
43   63   0.017
43   64   0.017
43   65   0.027
43   66   0.017
43   67   0.09
43   68   0.323
43   69   0.12
43   70   0.102
43   71   0.023
43   72   0.042
43   73   0.004
43   74   0.018
43   75   0.04
43   76   0.105
43   77   0.181
43   78   0.039
43   79   0.078
43   80   0.057
43   82   0.069
43   83   0.006
43   84   0.036
44   45   0.023
44   46   0.069
44   47   0.051
44   48   0.037
44   49   0.202
44   51   0.044
44   52   0.111
44   56   0.023
44   60   0.037
44   62   0.01
44   63   0.067
44   65   0.084
44   66   0.133
44   67   0.049
44   68   0.14
44   70   0.038
44   71   0.087
44   72   0.093
44   73   0.074
44   74   0.046
44   75   0.053
44   76   0.023
44   77   0.022
44   79   0.045
44   80   0.104
44   83   0.019
44   84   0.015
45   46   0.062
45   47   0.068
45   48   0.071
45   49   0.15
45   50   0.068
45   51   0.092
45   52   0.09
45   53   0.054
45   55   0.137
45   56   0.112
45   57   0.087
45   58   0.172
45   59   0.009
45   60   0.063
45   61   0.069
45   62   0.003
45   63   0.042
45   64   0.098
45   65   0.05
45   66   0.035
45   67   0.001
45   68   0.144
45   69   0.048
45   70   0.156
45   71   0.161
45   72   0.126
45   73   0.092
45   74   0.14
45   75   0.122
45   76   0.077
45   77   0.085
45   78   0.104
45   79   0.031
45   80   0.157
45   81   0.014
45   82   0.041
45   83   0.229
45   84   0.131
46   47   0.15
46   48   0.197
46   49   0.144
46   51   0.073
46   52   0.055
46   55   0.041
46   56   0.113
46   57   0.128
46   58   0.314
46   59   0.034
46   60   0.143
46   63   0.099
46   64   0.058
46   65   0.01
46   66   0.035
46   67   0.064
46   68   0.104
46   70   0.151
46   71   0.09
46   72   0.178
46   73   0.08
46   75   0.117
46   76   0.128
46   77   0.048
46   78   0.006
46   79   0.093
46   80   0.072
46   81   0.086
46   83   0.005
46   84   0.094
47   48   0.13
47   49   0.039
47   51   0.143
47   52   0.217
47   53   0.015
47   54   0.008
47   55   0.067
47   56   0.018
47   57   0.128
47   58   0.027
47   59   0.028
47   61   0.005
47   63   0.095
47   64   0.201
47   65   0.129
47   69   0.022
47   70   0.141
47   71   0.14
47   72   0.197
47   73   0.106
47   75   0.028
47   76   0.018
47   77   0.155
47   78   0.064
47   79   0.032
47   83   0.005
47   84   0.111
48   49   0.07
48   53   0.02
48   54   0.016
48   55   0.007
48   56   0.177
48   57   0.055
48   58   0.233
48   59   0.164
48   60   0.014
48   61   0.096
48   62   0.178
48   63   0.148
48   64   0.074
48   69   0.04
48   70   0.205
48   72   0.229
48   73   0.04
48   75   0.098
48   76   0.028
48   78   0.07
48   79   0.065
48   81   0.109
48   83   0.074
48   84   0.086
49   51   0.013
49   57   0.102
49   58   0.112
49   60   0.042
49   62   0.047
49   67   0.045
49   71   0.023
49   73   0.017
49   74   0.037
49   75   0.13
49   76   0.063
49   80   0.016
49   83   0.025
49   84   0.085
50   52   0.068
50   56   0.088
50   57   0.117
50   58   0.164
50   59   0.027
50   63   0.077
50   66   0.105
50   68   0.07
50   70   0.032
50   72   0.041
50   73   0.082
50   75   0.124
50   76   0.02
50   77   0.009
50   78   0.071
50   79   0.028
50   82   0.054
50   83   0.15
51   52   0.084
51   54   0.018
51   58   0.096
51   60   0.061
51   62   0.012
51   64   0.083
51   65   0.023
51   66   0.103
51   68   0.178
51   71   0.157
51   72   0.029
51   73   0.03
51   74   0.159
51   75   0.19
51   76   0.018
51   77   0.024
51   80   0.016
51   83   0.06
52   55   0.027
52   56   0.007
52   57   0.022
52   59   0.008
52   63   0.062
52   66   0.155
52   67   0.039
52   68   0.114
52   70   0.143
52   71   0.232
52   72   0.023
52   73   0.07
52   75   0.263
52   76   0.122
52   77   0.058
52   78   0.039
52   79   0.178
52   83   0.184
53   54   0.106
53   55   0.028
53   56   0.069
53   57   0.14
53   58   0.186
53   59   0.017
53   61   0.086
53   63   0.063
53   64   0.049
53   69   0.089
53   73   0.043
53   77   0.083
53   78   0.027
53   83   0.076
54   55   0.023
54   56   0.009
54   57   0.137
54   58   0.025
54   59   0.063
54   61   0.057
54   64   0.063
54   69   0.129
54   71   0.097
54   73   0.065
54   76   0.104
54   77   0.166
54   78   0.03
54   81   0.034
54   83   0.148
54   84   0.003
55   56   0.005
55   57   0.002
55   58   0.065
55   59   0.034
55   61   0.085
55   63   0.023
55   64   0.162
55   69   0.109
55   72   0.083
55   73   0.134
55   77   0.094
55   78   0.001
55   81   0.014
55   83   0.066
56   57   0.036
56   58   0.028
56   59   0.163
56   60   0.108
56   61   0.092
56   63   0.091
56   64   0.004
56   66   0.042
56   67   0.011
56   68   0.068
56   69   0.131
56   70   0.037
56   72   0.117
56   73   0.082
56   75   0.059
56   76   0.03
56   77   0.173
56   78   0.02
56   79   0.132
56   81   0.01
56   82   0.031
56   83   0.103
57   58   0.064
57   59   0.017
57   60   0.108
57   61   0.113
57   63   0.031
57   64   0.075
57   66   0.133
57   67   0.152
57   68   0.088
57   69   0.085
57   70   0.135
57   72   0.06
57   73   0.054
57   75   0.041
57   76   0.016
57   77   0.111
57   78   0.221
57   79   0.142
57   81   0.038
57   83   0.141
58   59   0.053
58   61   0.045
58   62   0.055
58   63   0.063
58   64   0.116
58   69   0.08
58   71   0.16
58   73   0.072
58   74   0.048
58   75   0.06
58   76   0.131
58   77   0.026
58   78   0.172
58   79   0.079
58   82   0.208
58   83   0.135
59   60   0.031
59   61   0.018
59   63   0.037
59   64   0.068
59   69   0.063
59   73   0.023
59   77   0.064
59   78   0.021
59   81   0.039
59   82   0.024
59   83   0.117
60   62   0.053
60   63   0.078
60   66   0.169
60   67   0.053
60   68   0.093
60   70   0.182
60   72   0.032
60   74   0.214
60   75   0.03
60   76   0.054
60   78   0.025
60   79   0.08
60   80   0.118
60   81   0.026
60   83   0.006
61   63   0.055
61   64   0.013
61   69   0.086
61   73   0.01
61   77   0.124
61   78   0.076
61   81   0.096
61   83   0.156
62   67   0.055
62   71   0.081
62   73   0.098
62   74   0.118
62   75   0.178
62   76   0.129
62   78   0.085
62   80   0.052
62   81   0.087
62   83   0.013
63   64   0.009
63   66   0.052
63   67   0.004
63   68   0.019
63   69   0.034
63   70   0.127
63   72   0.05
63   73   0.015
63   75   0.064
63   76   0.02
63   77   0.135
63   78   0.095
63   79   0.083
63   80   0.015
63   81   0.039
63   82   0.062
63   83   0.081
64   69   0.051
64   70   0.068
64   71   0.087
64   72   0.005
64   73   0.042
64   74   0.089
64   76   0.126
64   77   0.022
64   78   0.009
64   79   0.054
64   81   0.095
64   83   0.08
64   84   0.08
65   70   0.044
65   71   0.104
65   72   0.11
65   73   0.007
65   76   0.037
65   77   0.158
65   79   0.048
65   82   0.062
65   84   0.083
66   67   0.035
66   68   0.18
66   70   0.077
66   71   0.128
66   72   0.029
66   73   0.014
66   75   0.063
66   76   0.038
66   77   0.024
66   78   0.032
66   79   0.196
66   82   0.023
66   83   0.064
67   68   0.096
67   70   0.025
67   72   0.201
67   74   0.043
67   75   0.039
67   76   0.066
67   77   0.003
67   78   0.017
67   79   0.096
67   80   0.144
67   83   0.081
68   70   0.046
68   72   0.06
68   74   0.022
68   75   0.198
68   76   0.063
68   77   0.028
68   78   0.042
68   79   0.03
68   80   0.057
68   82   0.114
68   83   0.115
69   73   0.007
69   77   0.182
69   78   0.058
69   83   0.152
70   71   0.067
70   72   0.047
70   73   0.111
70   75   0.063
70   76   0.022
70   77   0.113
70   78   0.05
70   79   0.094
70   82   0.045
70   83   0.182
70   84   0.068
71   72   0.122
71   73   0.106
71   74   0.013
71   75   0.057
71   76   0.142
71   77   0.087
71   78   0.006
71   79   0.017
71   80   0.118
71   83   0.028
72   73   0.031
72   75   0.043
72   76   0.081
72   77   0.007
72   78   0.063
72   79   0.085
72   82   0.032
72   83   0.018
72   84   0.017
73   74   0.116
73   75   0.089
73   76   0.088
73   77   0.148
73   78   0.018
73   79   0.021
73   80   0.168
73   82   0.056
73   83   0.003
74   75   0.093
74   76   0.034
74   80   0.041
74   83   0.137
75   76   0.013
75   77   0.097
75   78   0.009
75   79   0.117
75   80   0.028
75   82   0.065
75   83   0.106
76   77   0.07
76   78   0.024
76   79   0.134
76   80   0.116
76   82   0.103
76   83   0.053
76   84   0.078
77   78   0.076
77   79   0.088
77   81   0.084
77   82   0.049
77   83   0.092
77   84   0.043
78   79   0.116
78   80   0.123
78   81   0.06
78   82   0.084
78   83   0.016
79   82   0.042
79   83   0.05
80   83   0.142
81   83   0.042
82   83   0.014
