1   7   0.087
1   8   0.087
1   14   0.006
1   23   0.147
1   29   0.039
1   30   0.055
2   9   0.087
2   13   0.095
2   22   0.177
2   24   0.131
2   25   0.085
2   26   0.059
2   27   0.045
2   31   0.109
2   36   0.158
2   37   0.105
2   38   0.085
2   42   0.047
2   51   0.122
2   76   0.171
3   7   0.039
3   17   0.023
3   21   0.116
3   23   0.17
3   26   0.002
3   27   0.024
3   36   0.041
3   37   0.161
3   38   0.043
3   39   0.103
3   76   0.126
4   9   0.013
4   10   0.099
4   12   0.066
4   15   0.048
4   20   0.022
4   24   0.133
4   28   0.02
5   6   0.043
5   12   0.003
5   15   0.122
5   24   0.022
5   32   0.104
5   34   0.023
5   40   0.073
5   41   0.058
6   7   0.088
6   8   0.132
6   10   0.113
6   12   0.043
6   15   0.038
6   28   0.055
6   32   0.168
6   40   0.062
6   41   0.04
7   8   0.092
7   10   0.061
7   14   0.038
7   23   0.118
7   24   0.074
7   28   0.115
7   29   0.085
7   30   0.001
7   33   0.027
7   36   0.052
7   38   0.093
8   10   0.006
8   12   0.086
8   14   0.011
8   17   0.116
8   23   0.069
8   28   0.074
8   30   0.088
8   32   0.156
8   40   0.074
8   41   0.051
9   10   0.02
9   12   0.034
9   15   0.116
9   20   0.011
9   22   0.051
9   24   0.067
9   27   0.034
9   28   0.058
9   36   0.006
9   40   0.107
9   58   0.193
9   73   0.046
9   77   0.011
10   12   0.092
10   14   0.087
10   15   0.241
10   20   0.001
10   28   0.11
10   29   0.007
10   34   0.026
10   36   0.006
10   40   0.014
10   41   0.046
11   13   0.115
11   17   0.078
11   18   0.1
11   19   0.007
11   26   0.26
11   27   0.119
11   31   0.06
11   34   0.106
11   37   0.006
11   38   0.018
11   42   0.016
11   49   0.091
11   62   0.001
11   80   0.194
12   15   0.01
12   20   0.077
12   24   0.218
12   28   0.167
12   40   0.05
13   25   0.023
13   26   0.018
13   27   0.121
13   31   0.192
13   34   0.05
13   36   0.031
13   37   0.167
13   38   0.046
13   41   0.114
13   42   0.217
13   44   0.033
13   49   0.113
13   62   0.132
13   74   0.075
13   75   0.029
13   76   0.08
13   80   0.051
14   17   0.167
14   23   0.138
14   28   0.09
14   29   0.031
14   30   0.069
14   32   0.017
14   34   0.149
14   41   0.091
15   20   0.062
15   24   0.154
15   28   0.105
15   36   0.081
15   40   0.052
16   21   0.166
16   22   0.068
16   23   0.02
16   24   0.048
16   27   0.22
16   28   0.056
16   36   0.013
16   38   0.058
16   39   0.106
16   65   0.025
16   71   0.073
16   72   0.001
16   76   0.051
17   18   0.008
17   19   0.01
17   21   0.178
17   23   0.02
17   26   0.131
17   27   0.089
17   29   0.1
17   30   0.197
17   34   0.002
17   36   0.041
17   37   0.104
17   38   0.146
17   76   0.036
18   26   0.034
18   27   0.269
18   31   0.185
18   34   0.102
18   36   0.178
18   37   0.131
18   38   0.116
18   76   0.044
19   26   0.008
19   27   0.189
19   34   0.073
19   36   0.134
19   37   0.177
19   38   0.059
19   76   0.03
20   24   0.053
20   28   0.028
21   23   0.08
21   28   0.079
21   30   0.027
21   33   0.13
21   34   0.123
21   36   0.086
21   37   0.246
21   39   0.059
22   23   0.034
22   24   0.072
22   25   0.025
22   27   0.159
22   28   0.071
22   65   0.001
22   71   0.034
22   72   0.156
22   76   0.094
23   27   0.003
23   28   0.106
23   29   0.143
23   30   0.16
23   33   0.032
23   34   0.182
23   36   0.012
23   37   0.06
23   38   0.086
23   39   0.134
23   40   0.073
23   65   0.072
23   71   0.145
23   72   0.007
24   27   0.109
24   28   0.142
24   33   0.124
24   36   0.001
24   40   0.032
24   58   0.058
24   71   0.061
24   73   0.032
24   77   0.002
25   26   0.142
25   27   0.111
25   31   0.014
25   42   0.04
25   49   0.154
25   62   0.11
25   74   0.16
25   75   0.047
25   76   0.143
25   80   0.104
26   27   0.173
26   31   0.128
26   34   0.085
26   36   0.119
26   37   0.144
26   38   0.063
26   39   0.019
26   42   0.087
26   51   0.036
26   62   0.028
26   67   0.06
26   74   0.079
26   75   0.052
26   76   0.065
26   80   0.031
27   28   0.038
27   31   0.003
27   34   0.027
27   36   0.094
27   37   0.062
27   38   0.078
27   39   0.043
27   43   0.022
27   44   0.215
27   45   0.036
27   46   0.071
27   51   0.048
27   52   0.087
27   62   0.007
27   65   0.066
27   66   0.017
27   68   0.019
27   71   0.07
27   72   0.195
27   75   0.047
27   76   0.088
27   80   0.009
28   29   0.031
28   30   0.101
28   33   0.006
28   34   0.011
28   36   0.034
28   38   0.03
28   39   0.057
28   40   0.156
28   58   0.102
28   73   0.012
28   77   0.005
29   30   0.123
29   32   0.001
29   33   0.044
29   34   0.029
29   41   0.021
30   33   0.174
30   34   0.059
30   36   0.06
30   38   0.109
31   34   0.046
31   37   0.034
31   38   0.015
31   62   0.001
31   74   0.141
31   75   0.053
31   76   0.026
31   80   0.04
32   34   0.047
32   36   0.047
32   40   0.058
32   41   0.086
33   34   0.155
33   38   0.037
34   36   0.058
34   38   0.086
34   41   0.127
34   42   0.092
35   36   0.084
35   39   0.002
35   46   0.093
35   84   0.188
36   37   0.112
36   38   0.061
36   39   0.196
36   40   0.058
36   41   0.172
36   42   0.08
36   76   0.107
36   84   0.122
37   38   0.125
37   39   0.118
37   42   0.021
37   76   0.176
38   39   0.136
38   41   0.181
38   42   0.041
38   76   0.086
39   40   0.049
39   41   0.012
39   76   0.141
39   84   0.2
40   41   0.026
42   44   0.027
42   49   0.103
42   62   0.019
43   44   0.06
43   45   0.139
43   46   0.088
43   47   0.058
43   48   0.063
43   49   0.057
43   51   0.014
43   52   0.091
43   56   0.005
43   58   0.027
43   59   0.003
43   64   0.037
43   65   0.142
43   67   0.037
43   68   0.202
43   70   0.069
43   72   0.003
43   73   0.055
43   75   0.155
43   76   0.022
43   77   0.041
43   81   0.107
43   83   0.03
43   84   0.021
44   45   0.132
44   46   0.168
44   49   0.079
44   51   0.083
44   52   0.178
44   60   0.051
44   62   0.047
44   66   0.082
44   67   0.074
44   68   0.064
44   70   0.079
44   72   0.009
44   75   0.121
44   76   0.056
44   80   0.125
45   46   0.06
45   48   0.053
45   49   0.031
45   51   0.042
45   52   0.172
45   56   0.041
45   59   0.036
45   60   0.101
45   62   0.066
45   66   0.105
45   67   0.139
45   68   0.141
45   70   0.04
45   72   0.053
45   73   0.001
45   75   0.086
45   76   0.105
45   77   0.039
45   78   0.082
45   79   0.003
45   80   0.118
45   82   0.112
45   83   0.118
46   47   0.023
46   48   0.147
46   52   0.107
46   65   0.021
46   70   0.06
46   72   0.036
46   75   0.109
46   76   0.02
46   77   0.043
46   84   0.047
47   48   0.08
47   54   0.108
47   55   0.057
47   56   0.045
47   57   0.061
47   58   0.003
47   59   0.064
47   61   0.093
47   63   0.085
47   64   0.11
47   72   0.08
47   73   0.022
47   77   0.078
47   81   0.165
48   54   0.296
48   55   0.191
48   57   0.143
48   59   0.047
48   63   0.026
48   77   0.016
48   78   0.019
48   81   0.094
48   83   0.056
49   51   0.042
49   60   0.027
49   62   0.133
49   74   0.074
49   83   0.027
50   56   0.04
50   57   0.169
50   63   0.094
50   77   0.004
50   78   0.062
50   79   0.049
51   58   0.042
51   62   0.011
51   71   0.052
51   73   0.087
51   74   0.019
51   75   0.083
51   76   0.072
52   56   0.082
52   57   0.018
52   66   0.09
52   68   0.061
52   72   0.145
52   75   0.013
52   76   0.152
52   77   0.028
53   58   0.092
53   59   0.065
53   61   0.004
53   64   0.117
53   69   0.024
53   73   0.012
53   77   0.014
54   55   0.062
54   64   0.001
54   73   0.1
54   81   0.061
54   83   0.19
55   56   0.033
55   57   0.061
55   59   0.043
55   61   0.099
55   64   0.111
55   77   0.006
55   81   0.108
56   57   0.076
56   59   0.117
56   63   0.019
56   66   0.008
56   70   0.063
56   72   0.084
56   77   0.079
56   78   0.036
56   79   0.123
56   82   0.019
56   83   0.024
57   59   0.052
57   61   0.103
57   63   0.032
57   64   0.06
57   77   0.071
57   79   0.018
57   81   0.032
58   59   0.021
58   61   0.108
58   64   0.073
58   71   0.003
58   73   0.002
58   76   0.06
58   77   0.113
59   61   0.101
59   63   0.001
59   64   0.143
59   69   0.108
59   77   0.088
59   78   0.032
59   83   0.007
60   62   0.14
60   67   0.024
60   68   0.008
60   74   0.057
60   75   0.136
60   80   0.11
60   83   0.024
61   64   0.032
61   69   0.179
61   73   0.2
61   77   0.013
62   74   0.109
62   76   0.128
62   80   0.098
62   83   0.06
63   75   0.151
63   77   0.02
63   78   0.111
63   79   0.092
63   81   0.135
63   83   0.003
64   69   0.114
64   73   0.214
64   77   0.051
65   70   0.047
65   71   0.006
65   72   0.071
65   73   0.01
65   76   0.082
65   77   0.146
66   67   0.022
66   68   0.004
66   70   0.014
66   72   0.006
66   75   0.126
66   76   0.059
66   79   0.082
66   83   0.017
67   68   0.226
67   75   0.064
67   76   0.08
67   80   0.038
67   83   0.057
68   72   0.098
68   75   0.094
68   76   0.053
68   83   0.105
69   73   0.151
69   77   0.002
70   72   0.091
70   77   0.002
70   79   0.151
70   82   0.069
70   83   0.014
71   72   0.005
71   73   0.155
71   74   0.067
71   76   0.042
71   77   0.162
72   75   0.214
72   76   0.115
72   77   0.014
72   79   0.013
72   83   0.063
73   76   0.034
73   77   0.069
73   78   0.001
73   82   0.012
74   75   0.056
74   76   0.01
74   80   0.156
75   76   0.126
75   80   0.008
75   83   0.026
76   80   0.069
76   83   0.009
77   78   0.018
77   79   0.052
77   82   0.013
77   83   0.006
78   79   0.014
78   81   0.024
78   82   0.035
78   83   0.137
79   82   0.015
79   83   0.034
80   83   0.086
81   83   0.101
82   83   0.071
