1   7   0.0765166527210694
1   8   0.032008694805836
1   14   0.0916499462891074
1   17   0.12517558343531396
1   23   0.03151462221575019
1   28   0.13333959441467397
1   29   0.11549544978915122
1   30   0.17092558398615113
2   9   0.028820909914027183
2   13   0.004635481619281694
2   17   0.03541171109260622
2   22   0.050671151564679114
2   24   0.011284142747666384
2   25   0.11689061692996713
2   26   0.09264691212805479
2   27   0.07213821084906982
2   31   0.012362322292422307
2   36   0.009742487377706867
2   37   0.03940934851084191
2   38   0.12961242990597113
2   42   0.12405034179866496
2   51   0.001125955636000121
2   62   0.0145872103628059
2   75   0.06297048885731167
2   76   0.06522891274219918
2   80   0.02826020198131448
3   7   0.1742071880529874
3   8   0.07144872155807128
3   14   0.020897661032296205
3   17   0.060120166097847615
3   19   0.16933629770193045
3   21   0.13635493647787572
3   23   0.08121464777220806
3   26   0.10729508941961638
3   27   0.061775174695920206
3   28   0.12488852818445847
3   30   0.10952181369308436
3   34   0.04948980406679637
3   36   0.1472541768891333
3   37   0.014678968757270696
3   38   0.12141381738333507
3   39   0.05823303136431695
3   51   0.05684188637009721
3   52   0.06592701371309147
3   76   0.015191057272440803
4   9   0.10556859030639333
4   10   0.1411282842449822
4   12   0.07967483812076522
4   15   0.10411803144183855
4   20   0.0714177361087141
4   24   0.18065751579360093
4   28   0.03340832789080214
4   77   0.0654397898451165
5   6   0.08781032648201922
5   9   0.016512482279334453
5   12   0.019524245465947016
5   15   0.04891373102448105
5   24   0.0064849470436214455
5   32   0.15951011012931576
5   34   0.00886238929097429
5   36   0.09575883135601816
5   40   0.038495849614983715
5   41   0.05541466733817181
6   7   0.1685027412923727
6   8   0.058989837722324204
6   9   0.026764538957476047
6   10   0.011112278885069419
6   12   0.10661769489826982
6   14   0.07070577872255403
6   15   0.16116091606775781
6   20   0.040773120716534515
6   28   0.06002151685526883
6   32   0.15034996277779686
6   36   0.10413383929093202
6   40   0.04895058632526629
6   41   0.043320092342024934
7   8   0.10260396547968062
7   9   0.061012677648852834
7   10   0.1045661136230925
7   14   0.014852364003360886
7   15   0.028116981847090015
7   17   0.058785214504838694
7   21   0.013208064171899424
7   23   0.07615332098147065
7   24   0.06104338842056126
7   28   0.06889792338856818
7   29   0.012136526402364657
7   30   0.030351070879977064
7   33   0.06464734336329392
7   34   0.08024301433019469
7   36   0.11329314053129715
7   38   0.04516124197521643
7   39   0.1041084615303902
7   40   0.05882528389950121
7   41   0.08655689212072007
8   10   0.048277256418370634
8   12   0.10428840227009303
8   14   0.1253910238472943
8   15   0.015857668036204947
8   17   0.015749014247762066
8   23   0.10345840962635343
8   26   0.14041775008668436
8   28   0.1489177906461075
8   29   0.07629168735514458
8   30   0.026844835010288372
8   32   0.034629883051776736
8   34   0.0066203863223161016
8   36   0.03831153783016098
8   40   0.045980190847019445
8   41   0.08903152404620193
9   10   0.03854367236579721
9   12   0.1172568054776885
9   15   0.055865938689115366
9   20   0.05684935210631067
9   22   0.07481098200587483
9   24   0.0485948442643909
9   25   0.04861485429261355
9   27   0.026216892179054
9   28   0.019021112525467402
9   29   0.10755399824265664
9   36   0.14949396512881702
9   38   0.07861672767133604
9   40   0.08320221838273277
9   42   0.04128767388107092
9   58   0.009702394719237846
9   73   0.00985789747330878
9   77   0.04834280383223875
10   12   0.03892694648055914
10   14   0.07517553263513718
10   15   0.04860928769476066
10   20   0.0594415100179729
10   24   0.16505213213307132
10   28   0.09545875672193907
10   29   0.08176990457597927
10   34   0.034149351647781025
10   36   0.08543419100046251
10   38   0.09040454936204577
10   40   0.07786000241762413
10   41   0.022653086300646563
11   13   0.03479375814262257
11   17   0.028120334820537114
11   18   0.11634017409842377
11   19   0.038825856939174425
11   25   0.06430940931795029
11   26   0.027095466278374686
11   27   0.020532899242490518
11   31   0.11081781348887842
11   34   0.007117520403407805
11   36   0.025463742413696894
11   37   0.03601261266357632
11   38   0.07828643007461542
11   42   0.0608714424513495
11   49   0.1089435837680906
11   62   0.08210847681590137
11   74   0.07740569387432329
11   76   0.01054145952048606
11   80   0.014520714366064703
12   14   0.08993520676420592
12   15   0.03317903720138938
12   20   0.004837261021994166
12   24   0.06125445098862195
12   28   0.13351513219479616
12   29   0.21415519472659825
12   32   0.08928738872363114
12   34   0.0900741714759526
12   36   0.12454404682344257
12   40   0.12711122918545212
12   41   0.03351342497860903
13   22   0.11956858457646882
13   25   0.0038241223214583327
13   26   0.2240352770877214
13   27   0.004412239794284366
13   31   0.0011541701916162462
13   32   0.08324558596107332
13   34   0.06540454052304587
13   36   0.11235350988177312
13   37   0.0074121739380466865
13   38   0.1511367669467341
13   41   0.0171129012868456
13   42   0.18397439125138862
13   44   0.06035561464130627
13   49   0.07396615787135533
13   60   0.047035299554371364
13   62   0.06821627563266885
13   74   0.12867293682636696
13   75   0.004108148243424582
13   76   0.012423073005203837
13   80   0.00551017748780407
14   17   0.026235032849933823
14   23   0.050687957687495865
14   26   0.08928900848747207
14   28   0.16574850144136888
14   29   0.08277164155999406
14   30   0.04066108745270621
14   32   0.13798260642800664
14   34   0.029722464998165436
14   36   0.06952925828094259
14   40   0.029210831409477524
14   41   0.010440551373525831
15   20   0.014215070997975001
15   22   0.09209177997534682
15   24   0.09233688688339241
15   27   0.06289854661910309
15   28   0.0547653064677814
15   32   0.05177364711277657
15   36   0.08032528336800797
15   40   0.044257590229035026
15   41   0.0698639968904821
16   21   0.0639033985064975
16   22   0.007188046179276984
16   23   0.08051883741786464
16   24   0.09524938932858851
16   27   0.041286765229708484
16   28   0.008657760211443453
16   36   0.05135030397223031
16   37   0.02630834736281461
16   38   0.007172907973289113
16   39   0.009532805355067184
16   65   0.0026598857937463432
16   70   0.09295071324529962
16   71   0.08532585235970724
16   72   0.006640762361947017
16   73   0.03670965512690619
16   76   0.013963904910309523
17   18   0.028664757392935614
17   19   0.2497394776032566
17   21   0.11763211610027238
17   23   0.04638723212064019
17   26   0.052493659359266774
17   27   0.04937786422592005
17   29   0.023999236180756934
17   30   0.03714008134909039
17   33   0.01877193157743838
17   34   0.06972767833332623
17   36   0.026230364217270298
17   37   0.02835574647186181
17   38   0.014129468897235063
17   39   0.08566774131156933
17   76   0.028272386461367153
18   19   0.08441874392207635
18   26   0.03246242351957746
18   27   0.10098571242427688
18   31   0.11520253994463153
18   34   0.02493170728286239
18   36   0.016674666430740965
18   37   0.06363618884471023
18   38   0.1595564394266184
18   75   0.12241973075416848
18   76   0.1499288021089972
18   80   0.08021342340213328
19   23   0.08351278783482288
19   26   0.17925999011289032
19   27   0.10423022436778334
19   34   0.051681284211392724
19   36   0.047506907842784836
19   37   0.040041242265946804
19   38   0.03011859831866414
19   39   0.04808057638600472
19   75   0.05344364024907159
19   76   0.12389767638777462
20   24   0.07880514135393116
20   28   0.10966448052197594
20   36   0.06733143090835737
20   40   0.008920055420182378
20   77   0.04817981801971949
21   22   0.06648343352223367
21   23   0.05183374766718311
21   27   0.08911098625293631
21   28   0.01682350103834911
21   29   0.01081341372563281
21   30   0.052015196587765496
21   33   0.02179333275697533
21   34   0.04738599621596608
21   36   0.056487863877281747
21   37   0.03142828860808874
21   38   0.01964478832297689
21   39   0.017613190317627734
21   40   0.030321603489408742
21   65   0.01644927812136027
21   71   0.0508907330662545
22   23   0.008442187330018464
22   24   0.11622047727622227
22   25   0.26141281156118534
22   27   0.07326488335270197
22   28   0.03608140432772172
22   36   0.07234674505942638
22   38   0.10754380388489707
22   42   0.16226229970623296
22   65   0.09038512247924514
22   71   0.00201650295966165
22   72   0.10692090581083878
22   73   0.010282273102363673
22   76   0.06056245712475551
23   24   0.19255297895160825
23   26   0.08755346956280809
23   27   0.05774064513446665
23   28   0.05206700304309333
23   29   0.0957795644583909
23   30   0.04709770803545316
23   33   0.02963379143155164
23   34   0.011653849512032242
23   36   0.005703758066114153
23   37   0.010447118733443303
23   38   0.22012964194777082
23   39   0.15452012792995004
23   40   0.03122091856247933
23   46   0.026967440869693913
23   65   0.031707499147872444
23   71   0.052475481542956316
23   72   0.07092111122146542
23   76   0.0022039475438351552
24   25   0.11929517090696094
24   27   0.05102960477503707
24   28   0.11018338261122343
24   29   0.011521306517360717
24   30   0.08525153951566165
24   33   0.08074680982947201
24   34   0.05251891479874002
24   36   0.09436333322091892
24   38   0.1377073206293651
24   39   0.09562299854603319
24   40   0.05232328073086871
24   43   0.09022024401490043
24   45   0.034033207878306646
24   47   0.08017625204100112
24   58   0.01676554007372132
24   65   0.14103752216289328
24   71   0.008133523907073871
24   73   0.027584901326613568
24   77   0.0756956777299622
24   78   0.052288135278905995
25   26   0.008449595656251906
25   27   0.05609992164637549
25   31   0.030121151562033755
25   37   0.017426562172485914
25   38   0.009754569048645306
25   42   0.050919918952101746
25   44   0.07768780091752249
25   49   0.11787673986250276
25   62   0.08411757790876609
25   74   0.14857141193436701
25   75   0.14025941030989855
25   76   0.03230798645548153
25   80   0.1611411098776924
26   27   0.1653668669634572
26   31   0.05411585980799464
26   34   0.02773133864928739
26   36   0.14186891856725345
26   37   0.04432183756361539
26   38   0.21959677176897288
26   39   0.06649693998488096
26   42   0.10083309926738077
26   44   0.0029205133994628487
26   45   0.038681869644216924
26   51   0.22663957444265417
26   62   0.006228685210416664
26   66   0.025930705556982174
26   67   0.05178106671884957
26   68   0.020385489088939605
26   74   0.1710236490333682
26   75   0.04381304941464146
26   76   0.03568309219418639
26   80   0.010494831053612914
27   28   0.09115998567979434
27   31   0.06065848443156515
27   34   0.024827387182033082
27   36   0.008623629443511308
27   37   0.0823856987940055
27   38   0.08075922600165994
27   39   0.13414392791429836
27   40   0.03823715718825436
27   42   0.01687181218037032
27   43   0.0162133907484841
27   44   0.03008079428508821
27   45   0.05804846904623163
27   46   0.006834721377646738
27   51   0.1650960985051591
27   52   0.07349117282700493
27   62   0.07893929638740423
27   65   0.060315092768069
27   66   0.1695676845896362
27   67   0.06773086727864407
27   68   0.06882408548770218
27   71   0.18454613668608633
27   72   0.06390066360988315
27   74   0.15159629206392902
27   75   0.056120146787379775
27   76   0.030079950134642538
27   80   0.044608535220990404
28   29   0.06269743965131579
28   30   0.027664482488591522
28   33   0.015562440953850001
28   34   0.07056454677887841
28   36   0.07250623192430682
28   38   0.16035533107653957
28   39   0.11612515748523232
28   40   0.05568817884823846
28   41   0.037258638514236865
28   43   0.07881409710502361
28   47   0.10823681172970621
28   58   0.014627345434872513
28   71   0.06097065001812952
28   73   0.03150950096136379
28   77   0.009015966899726741
29   30   0.04205364790004562
29   32   0.13588948436041556
29   33   0.1446923260820149
29   34   0.0018468371650912706
29   36   0.06723471454485337
29   38   0.06113538431927692
29   40   0.012123600412729094
29   41   0.042371723693433214
30   33   0.0014419982269829733
30   34   0.019481836584708208
30   36   0.009312519275623127
30   38   0.07056514951838434
30   39   0.10929866625826519
31   34   0.1518922991666826
31   37   0.12076474658007086
31   38   0.09183757024327509
31   42   0.06671599411873957
31   44   0.0793968670420886
31   51   0.01005926546738215
31   60   0.11713792536848175
31   62   0.13342460364754738
31   67   0.152309788709591
31   74   0.12914172047733471
31   75   0.05954262447391357
31   76   0.0075702349359739836
31   80   0.029027379319019185
32   34   0.026129947775747803
32   36   0.04432707440215702
32   40   0.025743698781914785
32   41   0.003271460749526195
33   34   0.08896929256666732
33   38   0.1369978432943638
34   36   0.0005569339869074242
34   37   0.026236494166855556
34   38   0.010616337389096644
34   40   0.038089045415638
34   41   0.010775783613712663
34   42   0.07169883080929393
35   36   0.021855680174954602
35   37   0.018768390255016653
35   39   0.040126772810961206
35   41   0.09374587412790057
35   43   0.10677074586389027
35   46   0.08159031843897753
35   84   0.06807919631969529
36   37   0.05188315263417767
36   38   0.04475711446096107
36   39   0.006798696395958316
36   40   0.035661068333277146
36   41   0.0031967257505027707
36   42   0.0700004922085412
36   43   0.05377481397706243
36   73   0.041438651793464995
36   76   0.0005916059512242862
36   77   0.06869550472489734
36   84   0.09842491722254879
37   38   0.019066224179542072
37   39   0.06751077726210525
37   40   0.08429864653738105
37   42   0.020114075534324295
37   49   0.007775761751112959
37   62   0.08236633643365682
37   75   0.03984330897102149
37   76   0.014654697251588016
37   80   0.021706988271893924
38   39   0.023650844567808464
38   40   0.0052733136978074845
38   41   0.09944827507199117
38   42   0.04264965351637623
38   76   0.040614614395756705
39   40   0.07418734140144304
39   41   0.04725750774615232
39   72   0.05744737218255075
39   76   0.08868032056321976
39   84   0.07219834460365467
40   41   0.08130761403776367
40   73   0.025764417701271365
40   77   0.03374946283156065
42   44   0.07620067357263065
42   45   0.04750530348107387
42   49   0.06384309737794903
42   60   0.09454747932089619
42   62   0.20551848224570704
42   74   0.14758096201681442
43   44   0.07759640955701992
43   45   0.145607212917347
43   46   0.0019327250882260106
43   47   0.00746768498315615
43   48   0.04401431694810556
43   49   0.012484442450755794
43   51   0.012755396265347857
43   52   0.044784887248684756
43   54   0.0767103746022932
43   55   0.02123459178566612
43   56   0.004640609374258123
43   57   0.03419009575005531
43   58   0.013095009802302252
43   59   0.1477142227037609
43   61   0.13643221316748014
43   63   0.043974243022443724
43   64   0.09982486139991842
43   65   0.11522380744049648
43   66   0.04384332688030214
43   67   0.03255663782563953
43   68   0.23305570628663755
43   70   0.07300767769063025
43   71   0.012617692361655622
43   72   0.08783469376268978
43   73   0.004423826526164215
43   75   0.07027571046963026
43   76   0.06185874891992298
43   77   0.09345766933294933
43   78   0.01916417983603278
43   79   0.08612379300784564
43   80   0.044517595819966026
43   81   0.004439667950892048
43   83   0.09790347334307294
43   84   0.006012871795782652
44   45   0.04717014939412393
44   46   0.002036455367889592
44   47   0.09196633711310678
44   49   0.17966957983103013
44   51   0.14824715146857798
44   52   0.011134292156671624
44   60   0.007405449030505595
44   62   0.011690479378121024
44   65   0.011484349332587443
44   66   0.0529856077587022
44   67   0.011674913707432311
44   68   0.0359027939540132
44   70   0.062443022216625975
44   72   0.09406562257055243
44   74   0.12013444358873994
44   75   0.007449659035004664
44   76   0.034369978881070816
44   80   0.07288988713485119
44   84   0.00041729708056869187
45   46   0.06151367280165339
45   47   0.053002527568440545
45   48   0.07091182625084856
45   49   0.09645060588913014
45   51   0.08673695335831742
45   52   0.024366292112543722
45   56   0.05512666351573327
45   57   0.029584810330994762
45   59   0.03612569943098544
45   60   0.04524296993636143
45   62   0.01718562786833939
45   63   0.035250127209354776
45   65   0.06250447863155524
45   66   0.03659776164015895
45   67   0.07145019208603016
45   68   0.16444935213939654
45   70   0.1295694125029618
45   71   0.08986927234300877
45   72   0.18344954141449585
45   73   0.040576603736030836
45   74   0.13795002006587845
45   75   0.04740316896111662
45   76   0.057481468043098796
45   77   0.05037024100577922
45   78   0.0984526428061774
45   79   0.007411312073491258
45   80   0.07293980901695268
45   81   0.05337286938517246
45   82   0.005395476574515142
45   83   0.15410147603123264
46   47   0.027696305449828793
46   48   0.15604439524178595
46   52   0.002198162290972381
46   56   0.08339347467211357
46   65   0.07073148708389697
46   66   0.024681514872749766
46   67   0.07120651427218243
46   68   0.09280311409468074
46   70   0.05914998075347217
46   72   0.14123714401631007
46   73   0.07080590300789898
46   75   0.038009852095406256
46   76   0.08977483024504158
46   77   0.0379851914233368
46   79   0.11350371869980612
46   83   0.061083528477796994
46   84   0.02432397513789039
47   48   0.06584818020330221
47   54   0.03494609826906756
47   55   0.03924588345119657
47   56   0.05004367053173852
47   57   0.09503258455219592
47   58   0.07638989200552479
47   59   0.037073968626314215
47   61   0.06215091160337014
47   63   0.0470511470357792
47   64   0.03384742345833254
47   69   0.01021144011040598
47   70   0.15416287177367524
47   72   0.17706697477595237
47   73   0.04985368848769445
47   76   0.026318782125095315
47   77   0.11167294726274314
47   78   0.01755018893916498
47   81   0.08119547030909875
47   83   0.07230468229509408
48   54   0.02492388278527612
48   55   0.0022633090008039912
48   56   0.09687666088217849
48   57   0.05176476757174866
48   59   0.08345575072360026
48   60   0.016245452540233164
48   61   0.0009715164195390768
48   63   0.07381711052319792
48   64   0.04363086182148147
48   77   0.013882692312010649
48   78   0.03680693105753385
48   81   0.01055664854026627
48   83   0.06999782236153722
48   84   0.08492143307768618
49   51   0.03381278557631442
49   58   0.055593208441080885
49   60   0.058920427638425164
49   62   0.006051175147003968
49   71   0.031122770252675014
49   74   0.022550957437290103
49   75   0.12140354608390024
49   76   0.05688354927894491
49   80   0.026500505753980358
49   83   0.05528910210296607
50   56   0.06611961253930439
50   57   0.18262145939087246
50   63   0.0829981405304864
50   75   0.09801411901550895
50   77   0.0543082611083349
50   78   0.0294730237091292
50   79   0.046916872140569485
50   83   0.07829537993358299
51   58   0.10702136127123395
51   62   0.02375190911177417
51   66   0.11315418688127409
51   71   0.11563154599805302
51   73   0.08177604577207319
51   74   0.07738740415408196
51   75   0.16328313851400675
51   76   0.044781260111922024
52   56   0.037585295624255353
52   57   0.016961368748255736
52   63   0.036951506149268454
52   66   0.15601932071752603
52   68   0.18633051616377663
52   70   0.13422851086174564
52   72   0.04851235467083598
52   75   0.23597053723009842
52   76   0.05399199125935141
52   77   0.08301344149787712
52   79   0.08398936303266583
52   83   0.07147037691019595
53   58   0.10514913026479758
53   59   0.004735178429776169
53   61   0.1306263579882689
53   64   0.0629409951569307
53   69   0.10103262127935349
53   73   0.005383880691376464
53   77   0.033437160707993976
54   55   0.07432045276941826
54   58   0.025172046373930317
54   61   0.026360007209300523
54   64   0.0005313845790263664
54   73   0.030093065219884245
54   77   0.08212157958342654
54   81   0.09284672037128436
54   83   0.10209943411851878
55   56   0.001177427428619733
55   57   0.020489839894135563
55   58   0.05306142110924481
55   59   0.05372543942669367
55   61   0.07480282157766775
55   63   0.026219453922755435
55   64   0.27902771442663143
55   69   0.06892320226597137
55   77   0.01548928269557523
55   81   0.07643891619457116
55   83   0.06501017924086426
56   57   0.11773921942643518
56   58   0.14521858418664604
56   59   0.10608459496460498
56   63   0.05461525655056632
56   64   0.029315895886164952
56   66   0.07897460143324163
56   68   0.007843962971099938
56   70   0.03492929408105737
56   72   0.07794824546029155
56   73   0.036783045768297044
56   75   0.0016064493867137453
56   77   0.14567024015576074
56   78   0.09547966358040803
56   79   0.07846276907672667
56   82   0.07555692762299066
56   83   0.07859861474483407
57   59   0.05164215477521636
57   61   0.10552545631263209
57   63   0.058077802224816615
57   64   0.06145694601480084
57   66   0.01723709638108932
57   72   0.03652934352305653
57   75   0.06273136365451641
57   77   0.05096524151804343
57   78   0.17945394145191818
57   79   0.05921448290108023
57   81   0.009930186134406653
57   83   0.08880690857114014
58   59   0.050321238410020945
58   61   0.02884066208486463
58   64   0.004466960896155641
58   69   0.011849072991491164
58   71   0.07865915897264886
58   73   0.04266895188029588
58   74   0.06626863022831406
58   76   0.10828846906315281
58   77   0.07843034737426645
58   78   0.06428773260098472
59   61   0.016309095199840404
59   63   0.0010547208118122
59   64   0.11170590506416474
59   69   0.06935890945903243
59   73   0.011849210067275755
59   77   0.004199703558468748
59   78   0.029528440079276887
59   83   0.11602865130566964
60   62   0.029057539867753484
60   66   0.15901180324745584
60   67   0.14885983984271775
60   68   0.05790487954734757
60   74   0.15601535782355722
60   75   0.08443952420447753
60   76   0.049752196612484624
60   78   0.02555272965479958
60   80   0.09585176806334333
60   81   0.07101860018099679
60   83   0.03766541450299308
61   63   0.05774091600831209
61   64   0.01368094459120454
61   69   0.11583967202908502
61   73   0.026002837136400427
61   77   0.049226032497817054
61   78   0.05063733486777572
61   83   0.11358892999675092
62   74   0.09332709182495467
62   75   0.12581036310082452
62   76   0.05183137109209735
62   80   0.07795326202006782
62   83   0.024517845917479995
63   66   0.04655891694179782
63   68   0.0012740499998589601
63   72   0.052164738835619354
63   75   0.036092517121827206
63   77   0.12484227412239203
63   78   0.07754017059405603
63   79   0.0037164969431955426
63   81   0.015609538232521964
63   83   0.04316080149603587
64   69   0.09411659437127871
64   71   0.014955268603369765
64   73   0.05060471029751126
64   76   0.07594832350550655
64   77   0.006213478735034294
64   84   0.02845605513506826
65   70   0.018559580906585604
65   71   0.09383702231860026
65   72   0.0583609809331981
65   73   0.05373508788896575
65   76   0.005616040512646202
65   77   0.12762319716918738
66   67   0.009451492153588039
66   68   0.16618564394951763
66   70   0.00980464930091752
66   72   0.03529427503182291
66   75   0.03773278029278458
66   76   0.023555069987660823
66   77   0.02832955092489916
66   79   0.15548086440729142
66   83   0.0541377703183559
67   68   0.011680023139134296
67   72   0.22066933235699085
67   75   0.023767913769107547
67   76   0.030720352583677432
67   79   0.09820836368420743
67   80   0.10082012893304536
67   83   0.09048260607244991
68   72   0.05074168004750389
68   75   0.16579523673902327
68   76   0.04655613116677056
68   79   0.04182039020841606
68   83   0.021145082978354792
69   73   0.026651484434257595
69   77   0.11071226432996736
70   71   0.03266077240042136
70   72   0.03354907328786386
70   76   0.030810588641911867
70   77   0.14263527047359412
70   78   0.021308526046383326
70   79   0.10930779605799017
70   82   0.0925926981533643
70   83   0.1563426033228133
71   72   0.061361710606490025
71   73   0.024349009512509137
71   74   0.039420881412660716
71   76   0.12612432654172984
71   77   0.03420926315402429
72   75   0.11488890587438401
72   76   0.07202553939658483
72   77   0.016004354029552192
72   79   0.025711331324131694
72   83   0.037662179670628175
73   74   0.1169136401371003
73   76   0.08094021121952238
73   77   0.09865261601616827
73   78   0.07143584557059753
73   79   0.04787249402894115
73   82   0.11230154568069126
73   83   0.08215581061073393
74   75   0.10687618817299704
74   76   0.041424395500486405
74   80   0.030801540832867676
75   76   0.05349586334037947
75   79   0.052155936374390616
75   80   0.04779190863419723
75   83   0.01639276504307204
76   77   0.006424139469049647
76   80   0.0216375486120125
76   83   0.018348395299272506
77   78   0.05186055107979428
77   79   0.0022524307139789417
77   82   0.0029139813494030217
77   83   0.10867769042904195
78   79   0.0667858569790617
78   81   0.04645327994543635
78   82   0.062264588523679006
78   83   0.053073793077209844
79   82   0.04127010390335493
79   83   0.04175495384994832
80   83   0.14128086561440664
81   83   0.036301679435661344
82   83   0.043292201428996285
