1   7   0.069
1   8   0.126
1   10   0.036
1   14   0.053
1   17   0.021
1   21   0.038
1   23   0.064
1   28   0.033
1   29   0.049
1   30   0.022
1   34   0.071
2   9   0.03
2   13   0.035
2   17   0.02
2   19   0.056
2   22   0.067
2   24   0.066
2   25   0.04
2   26   0.069
2   27   0.001
2   34   0.095
2   36   0.016
2   37   0.031
2   38   0.085
2   43   0.164
2   44   0.009
2   51   0.064
2   52   0.043
2   62   0.067
2   74   0.037
2   75   0.05
2   76   0.107
3   6   0.035
3   7   0.044
3   8   0.123
3   14   0.122
3   17   0.052
3   19   0.116
3   21   0.109
3   23   0.08
3   24   0.032
3   26   0.054
3   27   0.163
3   28   0.105
3   29   0.078
3   30   0.092
3   34   0.16
3   36   0.058
3   37   0.106
3   38   0.127
3   39   0.112
3   40   0.14
3   43   0.063
3   44   0.023
3   45   0.071
3   46   0.002
3   51   0.056
3   52   0.049
3   65   0.047
3   66   0.048
3   72   0.09
3   73   0.033
3   75   0.03
3   76   0.068
3   77   0.018
4   6   0.153
4   7   0.112
4   8   0.027
4   9   0.004
4   10   0.1
4   12   0.081
4   14   0.038
4   15   0.03
4   20   0.121
4   24   0.009
4   28   0.049
4   29   0.064
4   34   0.042
4   36   0.105
4   38   0.045
4   40   0.052
4   47   0.009
4   53   0.033
4   58   0.048
4   61   0.037
4   73   0.003
4   77   0.004
5   6   0.108
5   15   0.126
5   32   0.134
5   40   0.118
5   41   0.108
6   7   0.028
6   8   0.003
6   9   0.105
6   10   0.068
6   12   0.147
6   14   0.126
6   15   0.028
6   20   0.119
6   23   0.006
6   24   0.095
6   28   0.071
6   29   0.117
6   30   0.066
6   34   0.021
6   36   0.003
6   38   0.023
6   40   0.084
6   41   0.035
6   73   0.024
6   77   0.066
7   8   0.023
7   9   0.035
7   10   0.008
7   12   0.131
7   14   0.099
7   15   0.138
7   17   0.039
7   20   0.166
7   21   0.059
7   23   0.05
7   24   0.03
7   26   0.066
7   27   0.007
7   28   0.007
7   29   0.027
7   30   0.114
7   33   0.009
7   34   0.057
7   35   0.112
7   36   0.021
7   38   0.071
7   39   0.023
7   40   0.034
7   43   0.02
7   58   0.088
7   59   0.011
7   73   0.081
7   76   0.025
7   77   0.035
8   10   0.019
8   12   0.021
8   14   0.024
8   15   0.024
8   17   0.022
8   19   0.056
8   20   0.006
8   21   0.064
8   23   0.075
8   24   0.022
8   26   0.169
8   27   0.083
8   28   0.018
8   29   0.08
8   30   0.045
8   34   0.053
8   36   0.006
8   38   0.036
8   39   0.034
8   40   0.018
8   41   0.07
8   73   0.044
8   77   0.053
9   10   0.023
9   12   0.022
9   14   0.031
9   15   0.097
9   20   0.012
9   22   0.117
9   24   0.048
9   25   0.005
9   26   0.16
9   27   0.029
9   28   0.048
9   29   0.083
9   34   0.18
9   36   0.077
9   37   0.145
9   38   0.05
9   40   0.104
9   43   0.075
9   45   0.037
9   47   0.056
9   53   0.025
9   56   0.062
9   58   0.042
9   59   0.07
9   61   0.085
9   69   0.086
9   73   0.008
9   76   0.086
9   77   0.017
9   78   0.146
10   12   0.066
10   14   0.073
10   15   0.205
10   20   0.041
10   24   0.009
10   28   0.078
10   29   0.054
10   30   0.084
10   34   0.004
10   35   0.072
10   36   0.076
10   38   0.024
10   40   0.004
10   41   0.012
10   43   0.041
10   53   0.012
10   56   0.035
10   58   0.015
10   73   0.044
10   77   0.036
11   13   0.036
11   17   0.075
11   18   0.097
11   19   0.11
11   25   0.151
11   26   0.186
11   27   0.194
11   34   0.066
11   36   0.16
11   37   0.034
11   38   0.001
11   62   0.175
11   75   0.035
11   76   0.09
12   14   0.014
12   15   0.071
12   20   0.04
12   24   0.078
12   28   0.056
12   29   0.01
12   34   0.087
12   36   0.014
12   38   0.002
12   40   0.014
12   41   0.033
12   53   0.016
12   58   0.015
12   59   0.003
12   73   0.052
12   77   0.066
13   22   0.054
13   25   0.127
13   26   0.049
13   27   0.093
13   31   0.055
13   34   0.034
13   37   0.027
13   38   0.104
13   44   0.086
13   45   0.111
13   62   0.075
13   74   0.071
13   75   0.012
13   76   0.07
14   17   0.045
14   19   0.065
14   20   0.009
14   21   0.068
14   23   0.08
14   24   0.022
14   26   0.17
14   27   0.093
14   28   0.005
14   29   0.024
14   30   0.072
14   34   0.031
14   36   0.012
14   38   0.013
14   40   0.01
14   41   0.029
14   73   0.075
14   77   0.067
15   20   0.064
15   22   0.022
15   24   0.09
15   27   0.07
15   28   0.047
15   29   0.047
15   36   0.043
15   40   0.052
15   73   0.068
15   77   0.007
16   21   0.06
16   22   0.022
16   23   0.019
16   24   0.103
16   27   0.036
16   28   0.012
16   34   0.108
16   36   0.043
16   37   0.086
16   38   0.015
16   39   0.165
16   40   0.016
16   43   0.003
16   45   0.086
16   52   0.06
16   65   0.041
16   70   0.029
16   71   0.066
16   72   0.009
16   73   0.051
16   76   0.055
16   77   0.007
16   79   0.029
17   18   0.057
17   19   0.028
17   21   0.032
17   23   0.028
17   24   0.048
17   26   0.113
17   27   0.088
17   28   0.042
17   29   0.03
17   30   0.015
17   33   0.013
17   34   0.002
17   36   0.053
17   37   0.064
17   38   0.083
17   39   0.015
17   43   0.023
17   51   0.102
17   52   0.028
17   66   0.041
17   72   0.046
17   75   0.02
17   76   0.038
18   19   0.009
18   23   0.072
18   26   0.001
18   27   0.229
18   34   0.099
18   36   0.001
18   37   0.142
18   38   0.123
18   39   0.065
18   75   0.081
18   76   0.086
19   23   0.081
19   26   0.101
19   27   0.151
19   29   0.108
19   30   0.071
19   34   0.109
19   36   0.024
19   37   0.067
19   38   0.109
19   39   0.047
19   51   0.069
19   75   0.065
19   76   0.062
20   24   0.123
20   28   0.068
20   29   0.029
20   34   0.071
20   36   0.049
20   38   0.028
20   40   0.045
20   53   0.085
20   58   0.034
20   61   0.005
20   73   0.041
20   77   0.048
21   22   0.004
21   23   0.022
21   24   0.016
21   26   0.109
21   27   0.078
21   28   0.131
21   29   0.055
21   30   0.031
21   33   0.068
21   34   0.054
21   35   0.089
21   36   0.009
21   37   0.007
21   38   0.001
21   39   0.036
21   40   0.003
21   43   0.055
21   45   0.043
21   65   0.009
21   70   0.039
21   71   0.021
21   72   0.008
21   73   0.063
21   76   0.077
21   77   0.033
21   78   0.019
21   79   0.02
21   84   0.001
22   23   0.03
22   24   0.008
22   25   0.092
22   27   0.132
22   28   0.024
22   36   0.015
22   37   0.039
22   38   0.11
22   43   0.078
22   52   0.069
22   65   0.055
22   70   0.013
22   71   0.113
22   72   0.031
22   73   0.118
22   75   0.063
22   76   0.096
22   77   0.028
23   24   0.064
23   26   0.114
23   27   0.038
23   28   0.108
23   29   0.115
23   30   0.081
23   33   0.055
23   34   0.038
23   35   0.031
23   36   0.035
23   37   0.005
23   38   0.01
23   39   0.004
23   40   0.001
23   43   0.053
23   45   0.074
23   46   0.132
23   52   0.026
23   65   0.004
23   70   0.021
23   71   0.045
23   73   0.042
23   76   0.022
23   77   0.032
23   84   0.056
24   25   0.107
24   26   0.121
24   27   0.085
24   28   0.006
24   29   0.023
24   30   0.053
24   33   0.09
24   34   0.062
24   36   0.007
24   37   0.028
24   38   0.077
24   39   0.048
24   40   0.057
24   43   0.059
24   45   0.072
24   46   0.087
24   47   0.037
24   51   0.075
24   52   0.014
24   53   0.005
24   55   0.018
24   56   0.028
24   58   0.052
24   59   0.029
24   61   0.009
24   63   0.061
24   65   0.004
24   70   0.001
24   71   0.008
24   72   0.02
24   73   0.043
24   76   0.066
24   77   0.029
24   78   0.015
24   79   0.049
24   83   0.029
24   84   0.068
25   26   0.154
25   27   0.01
25   31   0.012
25   37   0.057
25   38   0.168
25   45   0.066
25   51   0.11
25   62   0.139
25   74   0.024
25   75   0.003
25   76   0.021
26   27   0.159
26   28   0.006
26   29   0.106
26   30   0.061
26   31   0.079
26   34   0.147
26   36   0.113
26   37   0.142
26   38   0.151
26   39   0.054
26   43   0.049
26   44   0.049
26   45   0.068
26   46   0.06
26   51   0.056
26   52   0.081
26   60   0.085
26   62   0.107
26   66   0.061
26   67   0.035
26   68   0.079
26   72   0.01
26   73   0.065
26   74   0.095
26   75   0.053
26   76   0.052
26   80   0.066
26   83   0.004
26   84   0.123
27   28   0.092
27   29   0.091
27   30   0.055
27   31   0.12
27   34   0.195
27   35   0.075
27   36   0.001
27   37   0.052
27   38   0.091
27   39   0.011
27   40   0.105
27   43   0.088
27   44   0.035
27   45   0.05
27   46   0.046
27   51   0.106
27   52   0.065
27   56   0.042
27   58   0.107
27   60   0.021
27   62   0.077
27   65   0.065
27   66   0.088
27   67   0.019
27   68   0.053
27   70   0.015
27   71   0.114
27   72   0.001
27   73   0.05
27   74   0.031
27   75   0.016
27   76   0.081
27   77   0.02
27   79   0.053
27   80   0.059
27   83   0.037
27   84   0.074
28   29   0.034
28   30   0.16
28   33   0.051
28   34   0.104
28   35   0.07
28   36   0.003
28   37   0.033
28   38   0.069
28   39   0.006
28   40   0.072
28   41   0.106
28   43   0.007
28   45   0.074
28   47   0.036
28   52   0.039
28   53   0.059
28   55   0.09
28   56   0.028
28   57   0.01
28   58   0.021
28   59   0.019
28   61   0.057
28   63   0.06
28   65   0.034
28   69   0.004
28   70   0.026
28   71   0.002
28   72   0.085
28   73   0.055
28   76   0.092
28   77   0.048
28   78   0.013
28   79   0.032
28   83   0.084
28   84   0.093
29   30   0.043
29   32   0.124
29   33   0.075
29   34   0.109
29   36   0.04
29   38   0.069
29   40   0.053
29   43   0.023
29   45   0.138
29   73   0.081
29   77   0.068
30   33   0.068
30   34   0.011
30   36   0.041
30   38   0.064
30   39   0.015
30   40   0.097
30   72   0.071
30   76   0.046
31   37   0.019
31   38   0.05
31   62   0.062
31   75   0.049
31   76   0.009
31   80   0.025
32   34   0.055
32   36   0.028
32   41   0.049
33   34   0.009
33   38   0.012
34   36   0.058
34   37   0.075
34   38   0.188
34   39   0.048
34   40   0.045
34   41   0.028
34   45   0.107
34   73   0.137
34   75   0.081
34   76   0.17
34   77   0.171
35   36   0.048
35   37   0.035
35   38   0.101
35   39   0.157
35   41   0.069
35   43   0.039
35   44   0.053
35   46   0.009
35   72   0.012
35   76   0.045
35   77   0.045
35   84   0.136
36   37   0.057
36   38   0.06
36   39   0.207
36   40   0.011
36   41   0.197
36   43   0.137
36   45   0.104
36   46   0.01
36   47   0.04
36   51   0.087
36   52   0.013
36   56   0.048
36   58   0.033
36   65   0.039
36   66   0.102
36   70   0.047
36   71   0.068
36   72   0.024
36   73   0.079
36   75   0.013
36   76   0.041
36   77   0.006
36   83   0.005
36   84   0.071
37   38   0.018
37   39   0.104
37   40   0.065
37   43   0.031
37   44   0.037
37   45   0.009
37   51   0.044
37   52   0.094
37   62   0.048
37   74   0.019
37   75   0.024
37   76   0.061
37   80   0.066
37   84   0.043
38   39   0.021
38   40   0.03
38   41   0.021
38   43   0.1
38   44   0.126
38   45   0.026
38   46   0.149
38   51   0.094
38   52   0.052
38   56   0.033
38   58   0.003
38   62   0.171
38   71   0.109
38   72   0.013
38   73   0.102
38   75   0.053
38   76   0.105
38   77   0.094
38   83   0.024
38   84   0.093
39   40   0.098
39   43   0.088
39   72   0.027
39   75   0.108
39   76   0.086
39   84   0.023
40   41   0.014
40   43   0.013
40   45   0.1
40   47   0.064
40   58   0.027
40   59   0.028
40   61   0.018
40   73   0.078
40   77   0.068
43   44   0.06
43   45   0.02
43   46   0.079
43   47   0.004
43   48   0.078
43   51   0.041
43   52   0.18
43   53   0.021
43   55   0.022
43   56   0.044
43   57   0.014
43   58   0.091
43   59   0.043
43   61   0.011
43   63   0.01
43   64   0.039
43   65   0.062
43   66   0.112
43   67   0.028
43   68   0.039
43   69   0.061
43   70   0.084
43   71   0.108
43   72   0.041
43   73   0.104
43   75   0.11
43   76   0.101
43   77   0.074
43   78   0.007
43   79   0.14
43   83   0.015
43   84   0.024
44   45   0.087
44   46   0.052
44   47   0.083
44   49   0.266
44   51   0.036
44   52   0.13
44   56   0.104
44   60   0.02
44   62   0.023
44   65   0.039
44   66   0.038
44   67   0.085
44   68   0.07
44   70   0.158
44   71   0.135
44   72   0.15
44   73   0.157
44   74   0.141
44   75   0.059
44   76   0.073
44   77   0.146
44   80   0.016
44   83   0.038
44   84   0.018
45   46   0.232
45   47   0.039
45   48   0.121
45   49   0.134
45   50   0.084
45   51   0.027
45   52   0.145
45   53   0.017
45   55   0.118
45   56   0.073
45   57   0.066
45   58   0.079
45   59   0.073
45   60   0.022
45   61   0.004
45   62   0.026
45   63   0.036
45   65   0.029
45   66   0.046
45   67   0.144
45   68   0.062
45   69   0.021
45   70   0.04
45   71   0.017
45   72   0.027
45   73   0.054
45   74   0.105
45   75   0.101
45   76   0.117
45   77   0.004
45   78   0.013
45   79   0.049
45   80   0.069
45   82   0.113
45   83   0.001
45   84   0.014
46   47   0.087
46   48   0.1
46   52   0.007
46   56   0.031
46   63   0.045
46   65   0.079
46   66   0.078
46   67   0.046
46   68   0.066
46   70   0.12
46   72   0.111
46   73   0.099
46   75   0.053
46   76   0.054
46   77   0.014
46   79   0.035
46   83   0.067
46   84   0.075
47   48   0.058
47   52   0.11
47   53   0.054
47   54   0.031
47   55   0.063
47   56   0.07
47   57   0.071
47   58   0.047
47   59   0.085
47   61   0.057
47   63   0.021
47   64   0.075
47   69   0.08
47   71   0.092
47   72   0.031
47   73   0.009
47   76   0.153
47   77   0.081
47   78   0.048
47   79   0.028
47   81   0.093
47   83   0.089
47   84   0.11
48   54   0.158
48   55   0.122
48   57   0.022
48   59   0.034
48   61   0.115
48   63   0.01
48   73   0.146
48   77   0.127
48   78   0.046
48   81   0.011
48   83   0.007
49   60   0.064
50   56   0.012
50   57   0.014
50   59   0.071
50   63   0.024
50   72   0.014
50   75   0.132
50   77   0.084
50   78   0.046
50   79   0.012
50   83   0.005
51   58   0.089
51   71   0.137
51   73   0.189
51   74   0.026
51   75   0.033
51   76   0.037
51   83   0.087
52   56   0.076
52   59   0.015
52   66   0.036
52   68   0.071
52   70   0.019
52   72   0.068
52   73   0.124
52   75   0.03
52   76   0.039
52   77   0.09
52   79   0.113
52   83   0.001
52   84   0.162
53   55   0.056
53   56   0.072
53   57   0.014
53   58   0.043
53   59   0.014
53   61   0.043
53   63   0.007
53   64   0.052
53   69   0.096
53   73   0.078
53   77   0.048
53   78   0.055
53   83   0.021
54   55   0.117
54   64   0.12
55   56   0.126
55   57   0.018
55   58   0.034
55   59   0.04
55   61   0.056
55   63   0.086
55   64   0.115
55   69   0.033
55   73   0.021
55   77   0.121
55   78   0.114
55   83   0.026
56   57   0.02
56   58   0.052
56   59   0.107
56   61   0.068
56   63   0.011
56   66   0.177
56   68   0.119
56   69   0.033
56   70   0.09
56   72   0.047
56   73   0.09
56   75   0.121
56   76   0.114
56   77   0.083
56   78   0.05
56   79   0.016
56   82   0.033
56   83   0.021
57   59   0.041
57   61   0.019
57   63   0.012
57   64   0.015
57   66   0.126
57   69   0.027
57   70   0.106
57   72   0.061
57   73   0.017
57   75   0.074
57   76   0.123
57   77   0.039
57   78   0.038
57   79   0.076
57   83   0.058
58   59   0.057
58   61   0.006
58   63   0.009
58   64   0.053
58   69   0.004
58   71   0.011
58   73   0.087
58   74   0.072
58   76   0.128
58   77   0.092
58   78   0.035
58   83   0.058
59   61   0.061
59   63   0.002
59   64   0.137
59   69   0.066
59   73   0.006
59   77   0.01
59   78   0.111
59   83   0.057
60   62   0.028
60   66   0.004
60   67   0.02
60   68   0.045
60   74   0.084
60   75   0.054
60   76   0.176
60   83   0.192
61   63   0.012
61   64   0.098
61   69   0.001
61   73   0.083
61   77   0.041
61   78   0.081
61   83   0.013
62   71   0.114
62   74   0.061
62   75   0.071
62   76   0.122
62   83   0.065
63   66   0.17
63   68   0.107
63   69   0.028
63   70   0.1
63   72   0.047
63   73   0.071
63   75   0.102
63   76   0.178
63   77   0.004
63   78   0.017
63   79   0.049
63   83   0.049
64   69   0.104
64   71   0.035
64   73   0.081
64   76   0.101
64   77   0.03
65   70   0.155
65   71   0.097
65   72   0.162
65   73   0.124
65   76   0.144
65   77   0.12
65   79   0.031
65   83   0.018
65   84   0.036
66   67   0.051
66   68   0.068
66   70   0.007
66   72   0.038
66   73   0.095
66   75   0.053
66   76   0.111
66   77   0.142
66   78   0.078
66   79   0.105
66   83   0.062
67   68   0.046
67   72   0.038
67   75   0.046
67   76   0.117
67   83   0.072
68   70   0.067
68   72   0.027
68   75   0.005
68   76   0.098
68   77   0.089
68   79   0.105
68   83   0.078
69   73   0.04
69   77   0.044
69   78   0.081
69   83   0.006
70   71   0.059
70   72   0.058
70   73   0.002
70   75   0.036
70   76   0.062
70   77   0.01
70   78   0.054
70   79   0.001
70   82   0.048
70   83   0.091
70   84   0.015
71   72   0.031
71   73   0.095
71   74   0.109
71   76   0.145
71   77   0.064
72   73   0.068
72   75   0.032
72   76   0.032
72   77   0.114
72   78   0.012
72   79   0.015
72   83   0.095
72   84   0.006
73   74   0.135
73   76   0.157
73   77   0.12
73   78   0.051
73   79   0.121
73   82   0.023
73   83   0.024
73   84   0.117
74   76   0.015
75   76   0.028
75   77   0.093
75   78   0.089
75   79   0.082
75   80   0.097
75   83   0.003
75   84   0.069
76   77   0.1
76   78   0.091
76   79   0.14
76   80   0.05
76   83   0.081
76   84   0.07
77   78   0.005
77   79   0.047
77   82   0.013
77   83   0.009
77   84   0.064
78   79   0.029
78   81   0.01
78   82   0.042
78   83   0.009
79   82   0.092
79   83   0.131
81   83   0.049
82   83   0.148
