1   7   3.6
1   8   14.9
1   10   14.7
1   14   4.9
1   17   2.8
1   21   6.2
1   23   4.6
1   29   1.1
1   30   4.1
1   34   11.3
2   9   18.5
2   13   5.2
2   17   18.0
2   22   21.0
2   24   10.2
2   25   8.7
2   26   8.1
2   27   11.2
2   36   10.5
2   37   9.6
2   38   4.3
2   44   7.3
2   51   11.5
2   52   6.7
2   62   6.0
2   74   3.4
2   75   4.5
2   76   7.1
3   6   5.9
3   7   4.8
3   8   4.5
3   14   4.4
3   17   1.8
3   19   8.3
3   21   0.8
3   23   6.4
3   24   11.5
3   26   2.8
3   27   0.6
3   28   7.8
3   29   3.6
3   30   4.6
3   34   9.6
3   36   10.9
3   37   7.0
3   38   5.7
3   39   0.7
3   40   5.5
3   43   10.9
3   44   10.7
3   45   11.9
3   51   12.3
3   52   11.5
3   65   6.2
3   66   13.4
3   72   13.0
3   73   11.0
3   75   12.1
3   76   9.7
3   77   8.2
4   6   11.8
4   7   16.7
4   8   14.3
4   9   19.5
4   10   4.1
4   12   6.3
4   14   12.4
4   15   27.6
4   20   12.0
4   24   19.6
4   28   5.9
4   34   7.4
4   36   15.5
4   38   26.7
4   40   29.9
4   47   12.6
4   53   6.4
4   58   25.0
4   61   12.1
4   73   21.8
4   77   22.3
5   6   25.0
5   15   12.9
5   32   9.7
5   40   10.9
5   41   12.2
6   7   12.4
6   8   15.1
6   9   15.5
6   10   6.8
6   12   20.1
6   14   9.3
6   15   23.7
6   20   11.7
6   23   10.6
6   24   28.8
6   28   13.3
6   29   16.2
6   30   18.1
6   34   7.1
6   36   37.1
6   38   22.7
6   40   21.8
6   41   10.5
6   73   14.8
6   77   16.3
7   8   18.7
7   9   17.0
7   10   2.1
7   12   21.5
7   14   6.6
7   15   24.6
7   17   7.7
7   20   7.9
7   21   14.6
7   23   10.4
7   24   20.3
7   26   3.1
7   27   2.9
7   28   12.9
7   29   14.7
7   30   2.5
7   33   25.4
7   34   24.7
7   35   18.9
7   36   29.7
7   38   26.8
7   39   27.0
7   40   35.2
7   43   19.9
7   58   13.5
7   59   15.6
7   73   20.9
7   76   11.3
7   77   16.3
8   10   11.2
8   12   14.3
8   14   8.3
8   15   16.2
8   17   7.2
8   19   10.4
8   20   15.5
8   21   11.0
8   23   6.3
8   24   31.9
8   26   4.0
8   27   9.8
8   28   21.3
8   29   5.7
8   30   13.6
8   34   9.1
8   36   42.9
8   38   27.1
8   40   34.0
8   41   17.3
8   73   27.1
8   77   31.4
9   10   7.7
9   12   15.4
9   14   22.9
9   15   40.0
9   20   6.6
9   22   25.4
9   24   18.0
9   25   7.6
9   26   6.5
9   27   11.2
9   28   14.0
9   29   27.3
9   34   30.6
9   36   32.6
9   37   12.5
9   38   28.9
9   40   11.5
9   43   20.3
9   45   16.9
9   47   12.3
9   53   19.4
9   56   19.8
9   58   10.8
9   59   12.8
9   61   12.9
9   69   8.0
9   73   19.9
9   76   12.3
9   77   15.5
9   78   24.8
10   12   9.4
10   14   4.1
10   15   20.0
10   20   2.5
10   24   18.1
10   28   4.2
10   29   17.4
10   30   26.2
10   34   20.8
10   35   13.2
10   36   17.4
10   38   21.0
10   40   30.8
10   41   27.3
10   43   8.0
10   53   14.6
10   56   7.7
10   58   8.0
10   73   14.7
10   77   14.0
11   13   0.7
11   17   3.9
11   18   2.2
11   19   0.6
11   25   1.4
11   26   2.9
11   27   8.2
11   34   2.8
11   36   12.3
11   38   3.3
11   62   7.7
11   75   4.2
11   76   3.2
12   14   20.0
12   15   41.3
12   20   15.1
12   24   16.1
12   28   12.1
12   29   19.3
12   34   20.8
12   36   28.4
12   38   27.6
12   40   22.7
12   41   20.3
12   53   2.6
12   59   16.5
12   73   19.2
12   77   19.2
13   22   3.8
13   25   4.7
13   26   2.2
13   27   0.5
13   31   6.1
13   34   1.5
13   37   2.7
13   44   8.6
13   62   8.6
13   74   4.2
13   75   3.5
13   76   2.0
14   17   4.8
14   19   6.1
14   20   20.0
14   21   9.2
14   23   4.9
14   24   34.5
14   26   5.8
14   27   6.7
14   28   18.3
14   29   8.5
14   30   9.4
14   34   11.0
14   36   40.1
14   38   19.9
14   40   36.1
14   41   2.7
14   73   20.7
14   77   19.3
15   20   18.0
15   22   39.9
15   24   41.1
15   27   30.7
15   28   36.6
15   36   7.6
15   40   22.1
15   73   23.7
15   77   33.4
16   21   4.5
16   22   23.5
16   23   12.5
16   24   8.6
16   27   12.6
16   28   5.0
16   34   3.6
16   36   14.9
16   37   15.4
16   38   14.8
16   39   1.0
16   40   23.4
16   45   20.9
16   52   9.3
16   65   22.8
16   70   24.7
16   71   23.2
16   72   19.4
16   73   19.1
16   76   13.3
16   77   19.4
17   18   4.8
17   19   0.8
17   21   5.0
17   23   4.7
17   24   12.3
17   26   2.9
17   27   6.3
17   28   10.5
17   29   2.7
17   30   4.0
17   33   2.1
17   34   1.2
17   36   27.5
17   37   14.6
17   38   10.2
17   39   1.5
17   51   15.1
17   52   13.8
17   72   14.7
17   75   7.6
17   76   10.7
18   19   0.1
18   23   4.7
18   26   3.0
18   27   8.5
18   34   4.4
18   36   12.3
18   37   5.5
18   38   4.7
18   75   5.7
18   76   4.0
19   23   6.4
19   26   2.1
19   27   5.1
19   29   4.4
19   30   4.2
19   34   0.7
19   36   12.9
19   37   10.3
19   38   7.6
19   39   5.2
19   51   8.6
19   75   8.1
19   76   6.5
20   24   8.1
20   28   3.3
20   29   22.1
20   34   24.6
20   36   18.4
20   38   24.4
20   40   26.8
20   53   3.2
20   58   8.4
20   61   10.1
20   73   13.1
20   77   13.5
21   22   18.8
21   23   7.2
21   24   8.5
21   26   7.0
21   27   5.0
21   28   2.7
21   29   8.4
21   30   2.4
21   33   11.1
21   34   3.8
21   35   15.7
21   36   6.0
21   37   13.2
21   38   4.6
21   39   5.3
21   40   17.8
21   43   13.1
21   45   1.9
21   65   15.8
21   70   14.4
21   71   19.5
21   72   16.8
21   73   14.9
21   76   12.0
21   77   14.0
21   78   19.4
21   79   16.6
21   84   17.6
22   23   17.9
22   24   16.3
22   25   10.5
22   27   14.7
22   28   15.7
22   36   17.0
22   37   15.5
22   38   9.9
22   43   19.7
22   52   8.5
22   65   10.4
22   70   15.4
22   71   13.1
22   72   10.9
22   73   14.6
22   75   6.3
22   76   15.5
22   77   19.2
23   24   11.3
23   26   6.2
23   27   3.7
23   28   8.6
23   29   2.0
23   30   5.3
23   33   6.4
23   34   3.6
23   35   30.8
23   36   10.8
23   37   11.1
23   38   7.1
23   39   7.3
23   40   21.7
23   43   14.4
23   45   15.2
23   46   14.6
23   52   14.4
23   65   17.6
23   70   19.2
23   71   17.2
23   72   13.4
23   73   16.3
23   76   11.0
23   77   18.5
23   84   28.3
24   25   10.1
24   26   7.5
24   27   10.0
24   28   19.5
24   29   24.7
24   30   21.1
24   33   26.6
24   34   27.8
24   36   29.1
24   37   20.0
24   38   35.6
24   39   30.5
24   40   51.7
24   43   30.6
24   45   32.1
24   47   31.1
24   51   12.8
24   52   16.1
24   53   22.0
24   55   13.5
24   56   39.4
24   58   33.4
24   59   21.6
24   61   20.6
24   63   30.4
24   65   22.0
24   70   17.4
24   71   26.3
24   72   23.7
24   73   32.6
24   76   17.8
24   77   28.2
24   78   22.0
24   79   25.1
24   83   34.1
25   26   10.1
25   27   1.8
25   31   6.0
25   37   5.1
25   38   1.2
25   45   2.0
25   51   5.2
25   62   3.1
25   74   4.3
25   75   2.0
25   76   0.8
26   27   4.0
26   28   5.4
26   29   3.2
26   30   3.7
26   31   1.8
26   34   5.4
26   36   12.7
26   37   7.4
26   38   4.8
26   39   4.7
26   43   5.1
26   44   5.5
26   45   4.8
26   46   1.5
26   51   6.1
26   52   12.4
26   60   5.5
26   62   2.5
26   66   10.7
26   67   4.8
26   68   7.9
26   72   14.0
26   73   7.3
26   74   4.3
26   75   4.6
26   76   4.0
26   80   2.3
26   83   7.4
26   84   19.1
27   28   7.0
27   29   9.1
27   30   6.3
27   31   0.1
27   34   8.1
27   35   32.3
27   36   6.8
27   37   9.1
27   38   5.0
27   39   3.5
27   40   15.1
27   43   8.4
27   44   10.3
27   45   10.6
27   46   11.9
27   51   12.2
27   52   8.1
27   56   4.3
27   58   14.8
27   60   2.1
27   62   3.9
27   65   9.2
27   66   8.1
27   67   5.2
27   68   7.6
27   70   8.6
27   71   13.9
27   72   11.3
27   73   12.5
27   74   4.4
27   75   4.1
27   76   6.9
27   77   12.3
27   79   8.6
27   80   2.1
27   83   11.8
27   84   23.2
28   29   17.8
28   30   7.1
28   33   22.2
28   34   19.4
28   35   33.2
28   36   25.8
28   37   27.4
28   38   24.3
28   39   20.9
28   40   39.2
28   41   25.2
28   43   20.9
28   45   28.4
28   47   18.5
28   52   13.6
28   53   15.7
28   55   7.1
28   56   21.0
28   57   26.0
28   58   25.1
28   59   15.7
28   61   11.1
28   63   28.2
28   65   21.6
28   69   11.7
28   70   21.0
28   71   26.8
28   72   21.9
28   73   19.3
28   76   17.7
28   77   15.7
28   78   23.7
28   79   27.6
28   83   8.5
28   84   11.6
29   30   3.4
29   32   7.4
29   33   7.9
29   34   6.4
29   36   26.8
29   38   13.8
29   40   22.8
29   43   19.6
29   73   19.0
29   77   18.5
30   33   5.4
30   34   10.4
30   36   16.4
30   38   9.8
30   39   12.7
30   40   18.8
30   76   15.2
31   37   0.2
31   38   1.3
31   62   4.7
31   75   2.2
31   76   1.4
31   80   1.2
32   34   10.8
32   36   19.2
32   41   12.7
33   34   8.7
33   38   14.5
34   36   17.9
34   37   4.0
34   38   16.0
34   39   0.1
34   40   27.8
34   73   14.7
34   75   7.1
34   76   9.2
34   77   21.6
35   36   27.2
35   37   38.7
35   38   19.0
35   39   6.1
35   41   6.9
35   43   10.4
35   44   17.4
35   46   9.4
35   72   25.6
35   77   13.0
35   84   6.3
36   37   18.1
36   38   29.5
36   39   9.2
36   40   18.4
36   41   10.8
36   43   18.2
36   45   20.6
36   46   6.4
36   47   23.1
36   51   20.0
36   52   14.1
36   56   27.9
36   58   21.9
36   65   13.8
36   70   17.3
36   71   19.0
36   72   15.5
36   73   25.3
36   75   8.8
36   76   15.5
36   77   24.6
36   83   10.8
36   84   18.9
37   38   17.9
37   39   3.0
37   40   20.1
37   43   0.4
37   44   7.3
37   45   6.2
37   51   11.6
37   52   10.7
37   62   2.3
37   74   1.5
37   75   4.6
37   76   12.0
37   80   4.6
37   84   28.5
38   39   1.4
38   40   43.6
38   41   7.3
38   43   6.9
38   44   6.9
38   45   5.4
38   46   1.1
38   51   12.6
38   52   13.0
38   56   20.7
38   62   3.2
38   71   18.1
38   72   12.2
38   73   25.9
38   75   6.1
38   76   12.9
38   77   25.8
38   83   8.3
38   84   15.4
39   40   1.8
39   43   0.2
39   72   3.0
39   75   7.7
39   76   4.8
39   84   7.2
40   41   20.1
40   43   14.1
40   47   9.6
40   58   15.5
40   59   4.4
40   61   8.5
40   73   20.4
40   77   18.2
43   44   8.4
43   45   10.0
43   46   4.3
43   47   24.1
43   48   11.8
43   51   5.8
43   52   4.4
43   53   9.4
43   55   10.1
43   56   16.0
43   57   21.9
43   58   28.1
43   59   13.1
43   61   13.6
43   63   22.4
43   64   1.2
43   65   10.4
43   66   13.3
43   67   4.3
43   68   6.9
43   69   10.8
43   70   4.5
43   71   14.3
43   72   6.4
43   73   16.5
43   75   6.8
43   76   5.4
43   77   17.3
43   78   16.5
43   79   15.3
43   83   18.9
43   84   13.6
44   45   7.7
44   46   2.5
44   47   8.3
44   49   1.2
44   51   6.9
44   52   6.9
44   56   5.3
44   60   0.2
44   62   0.1
44   65   15.8
44   66   18.9
44   67   4.1
44   68   8.8
44   70   8.1
44   71   17.2
44   72   8.5
44   73   8.9
44   75   5.4
44   76   8.7
44   77   10.9
44   80   0.8
44   83   6.7
44   84   13.2
45   46   2.2
45   47   42.5
45   48   2.7
45   49   1.0
45   50   14.1
45   51   2.3
45   52   6.0
45   53   16.1
45   55   6.2
45   56   22.8
45   57   19.3
45   58   26.8
45   59   18.7
45   60   2.6
45   61   18.7
45   62   0.2
45   63   21.4
45   65   19.4
45   66   13.0
45   67   2.4
45   68   7.6
45   69   17.3
45   70   5.6
45   71   19.9
45   72   7.7
45   73   22.7
45   74   1.2
45   75   4.0
45   76   10.8
45   77   19.3
45   78   22.7
45   79   15.5
45   80   1.0
45   82   11.3
45   83   9.1
45   84   5.7
46   47   7.1
46   48   8.0
46   52   11.7
46   56   12.0
46   63   12.5
46   65   19.2
46   66   0.4
46   67   11.6
46   68   10.2
46   70   9.0
46   72   12.4
46   73   18.0
46   75   8.5
46   76   12.0
46   77   22.6
46   79   13.9
46   83   18.4
46   84   6.1
47   48   26.2
47   52   12.6
47   53   20.8
47   54   14.9
47   55   4.7
47   56   28.4
47   57   22.5
47   58   10.9
47   59   27.6
47   61   16.2
47   63   28.3
47   64   15.2
47   69   15.7
47   71   37.9
47   72   21.1
47   73   40.8
47   76   23.3
47   77   38.5
47   78   29.5
47   79   29.0
47   81   22.4
47   83   29.9
47   84   5.6
48   54   6.4
48   55   10.1
48   57   13.7
48   59   9.8
48   61   6.9
48   63   13.2
48   73   5.6
48   77   8.8
48   81   22.3
48   83   0.6
49   60   1.3
50   56   19.7
50   57   10.8
50   59   13.9
50   63   11.9
50   77   12.9
50   78   5.7
50   79   6.6
50   83   14.3
51   58   16.7
51   71   3.9
51   73   9.1
51   74   1.0
51   75   2.7
51   76   2.0
52   56   1.1
52   59   3.4
52   66   3.4
52   68   7.3
52   70   0.3
52   72   6.1
52   73   4.9
52   75   1.9
52   76   3.5
52   77   1.2
52   79   3.3
52   83   5.3
52   84   10.5
53   55   10.1
53   56   11.4
53   57   13.6
53   58   9.7
53   59   4.1
53   61   5.0
53   63   12.9
53   69   12.2
53   73   21.5
53   77   5.9
53   78   11.4
53   83   12.9
54   55   9.0
54   64   13.3
55   56   7.3
55   57   11.2
55   58   4.9
55   59   4.7
55   61   15.5
55   63   6.6
55   64   10.8
55   69   9.4
55   73   12.1
55   77   8.6
55   78   12.2
55   83   6.0
56   57   20.5
56   58   19.0
56   59   9.0
56   61   18.8
56   63   10.9
56   66   3.2
56   68   3.8
56   69   15.9
56   70   6.5
56   72   3.4
56   73   15.1
56   75   2.4
56   76   6.9
56   77   8.7
56   78   14.2
56   79   1.0
56   82   14.6
56   83   27.9
57   59   17.9
57   61   12.4
57   63   14.3
57   64   16.9
57   66   5.7
57   69   12.1
57   70   7.2
57   72   4.4
57   73   22.7
57   75   6.2
57   76   12.1
57   77   20.2
57   78   11.7
57   79   16.9
57   83   12.4
58   59   9.1
58   61   3.5
58   63   21.3
58   64   19.4
58   69   2.5
58   71   10.4
58   73   9.5
58   74   11.3
58   76   14.3
58   77   10.8
58   78   14.0
58   83   23.6
59   61   10.1
59   63   12.3
59   64   18.4
59   69   1.5
59   73   19.7
59   77   9.3
59   78   18.1
59   83   24.6
60   62   4.1
60   66   6.0
60   67   1.7
60   68   0.5
60   75   6.5
60   76   10.6
60   83   5.9
61   63   21.1
61   64   19.5
61   69   11.1
61   73   13.6
61   77   12.3
61   78   19.1
61   83   21.4
62   74   4.0
62   75   3.5
62   76   0.4
62   83   0.5
63   66   4.1
63   68   5.4
63   69   19.4
63   70   12.5
63   72   5.4
63   73   18.8
63   75   6.3
63   76   11.0
63   77   16.9
63   78   9.8
63   79   11.5
63   83   15.5
64   69   2.8
64   71   21.1
64   73   22.8
64   76   19.0
64   77   20.4
65   70   1.7
65   71   4.4
65   72   12.1
65   76   2.3
65   77   3.2
65   79   14.2
65   83   7.2
65   84   14.8
66   67   4.9
66   68   3.4
66   70   6.5
66   72   6.4
66   73   6.8
66   75   1.9
66   76   6.9
66   77   2.3
66   78   8.1
66   79   2.3
66   83   4.6
67   68   2.8
67   72   8.2
67   75   3.7
67   76   9.2
67   83   5.6
68   70   5.4
68   72   6.2
68   75   5.1
68   76   5.4
68   77   2.1
68   79   4.3
68   83   3.5
69   73   4.8
69   77   4.4
69   78   18.1
69   83   19.1
70   71   10.0
70   72   16.8
70   73   3.4
70   75   3.1
70   76   7.5
70   77   4.6
70   78   11.4
70   79   4.1
70   82   8.2
70   83   6.2
70   84   8.4
71   72   7.2
71   73   9.6
71   74   6.3
71   76   6.8
71   77   5.0
72   73   4.0
72   75   2.5
72   76   12.1
72   77   2.6
72   78   9.9
72   79   1.1
72   83   6.7
72   84   15.2
73   74   9.4
73   76   8.1
73   77   6.0
73   78   11.6
73   79   13.0
73   83   20.7
73   84   10.2
75   76   3.3
75   77   1.2
75   78   8.9
75   79   3.6
75   80   1.8
75   83   8.2
75   84   18.3
76   77   6.0
76   78   7.9
76   79   10.5
76   80   0.3
76   83   13.2
76   84   14.7
77   78   11.5
77   79   1.0
77   82   9.9
77   83   14.3
77   84   13.1
78   79   7.1
78   81   5.0
78   82   6.3
78   83   16.3
79   82   9.9
79   83   10.0
81   83   17.8
82   83   12.9
