1   7   0.6
1   8   0.9
1   10   2.6
1   14   0.6
1   17   0.8
1   21   0.1
1   23   3.3
1   29   0.1
1   34   4.8
2   9   3.5
2   13   1.5
2   17   0.1
2   22   8.6
2   24   0.7
2   25   0.1
2   27   1.9
2   38   0.2
2   44   13.0
2   51   10.5
2   52   8.2
2   62   4.5
2   74   0.3
2   75   3.4
2   76   6.9
3   6   8.7
3   8   0.7
3   14   0.8
3   19   2.2
3   21   2.0
3   23   0.8
3   26   0.7
3   27   0.6
3   28   0.2
3   29   0.6
3   30   4.2
3   34   0.8
3   36   0.1
3   37   0.6
3   38   0.8
3   39   1.7
3   40   0.2
3   43   4.6
3   44   3.3
3   45   2.6
3   51   12.7
3   52   1.4
3   65   0.4
3   66   2.4
3   73   0.7
3   76   5.9
4   6   5.8
4   7   11.3
4   8   4.8
4   9   0.4
4   10   1.1
4   12   1.1
4   14   1.2
4   15   2.0
4   20   1.2
4   24   0.2
4   34   4.2
4   36   4.0
4   38   0.8
4   40   0.2
4   47   18.2
4   53   7.4
4   58   5.6
4   61   2.6
4   73   6.2
4   77   4.1
5   6   5.5
5   15   1.3
5   32   1.6
5   40   5.5
5   41   0.1
6   7   0.5
6   8   1.0
6   9   10.1
6   10   2.6
6   12   3.1
6   15   7.0
6   20   11.2
6   23   5.6
6   24   7.9
6   29   0.5
6   30   0.2
6   34   2.1
6   36   6.1
6   38   0.7
6   40   4.0
6   41   0.2
6   73   4.2
6   77   10.4
7   8   15.3
7   9   5.0
7   10   0.2
7   12   2.9
7   14   6.3
7   15   4.6
7   17   0.4
7   20   10.4
7   21   2.9
7   23   0.2
7   24   5.7
7   26   1.9
7   27   1.0
7   28   2.4
7   29   2.0
7   30   7.0
7   33   0.5
7   34   6.8
7   35   1.3
7   36   9.7
7   38   0.1
7   39   1.3
7   40   4.8
7   43   10.6
7   58   9.6
7   59   4.5
7   73   9.7
7   76   3.8
7   77   11.5
8   10   0.9
8   12   12.8
8   14   1.7
8   15   12.1
8   17   2.2
8   19   0.8
8   20   9.2
8   21   0.4
8   23   1.3
8   24   12.4
8   26   0.2
8   27   5.6
8   28   5.1
8   29   2.4
8   30   3.0
8   34   6.3
8   36   6.6
8   40   1.9
8   41   0.7
8   73   15.4
8   77   24.8
9   10   3.4
9   12   0.8
9   14   9.0
9   15   4.0
9   20   0.2
9   22   0.3
9   24   1.7
9   25   1.2
9   26   0.7
9   27   0.4
9   28   2.2
9   29   1.3
9   34   3.2
9   36   0.1
9   37   0.9
9   40   0.2
9   43   5.6
9   45   4.2
9   47   10.0
9   53   2.2
9   56   6.7
9   58   1.7
9   59   0.7
9   61   1.3
9   69   0.4
9   73   2.8
9   76   1.9
9   77   5.2
9   78   4.4
10   14   0.5
10   15   6.5
10   20   2.4
10   24   2.8
10   28   1.3
10   29   0.5
10   34   1.4
10   36   5.5
10   38   2.9
10   40   5.5
10   41   7.1
10   43   2.0
10   53   3.7
10   56   5.5
10   58   4.4
10   73   2.6
10   77   2.6
11   13   0.1
11   17   1.0
11   18   2.1
11   19   0.1
11   25   0.1
11   26   5.4
11   27   3.8
11   34   9.5
11   36   0.8
11   37   1.1
11   38   1.2
11   62   6.2
11   75   2.4
11   76   0.1
12   14   1.1
12   15   2.0
12   20   2.9
12   24   1.2
12   28   0.8
12   29   0.3
12   34   4.5
12   36   3.7
12   38   0.2
12   40   1.1
12   41   1.6
12   53   9.8
12   59   7.1
12   73   7.6
12   77   6.4
13   22   1.3
13   25   1.0
13   26   0.1
13   27   9.4
13   31   5.9
13   34   0.7
13   37   1.5
13   38   0.3
13   44   7.3
13   62   22.2
13   74   0.7
13   75   9.2
14   17   0.2
14   20   2.2
14   21   1.4
14   23   0.8
14   24   8.7
14   26   0.6
14   27   5.8
14   28   1.5
14   29   0.6
14   30   4.9
14   34   4.3
14   36   1.7
14   38   0.2
14   40   2.3
14   41   0.1
14   73   9.1
14   77   16.7
15   20   2.7
15   22   9.1
15   24   1.1
15   27   1.9
15   28   2.4
15   36   2.6
15   40   11.6
15   73   10.6
15   77   7.8
16   21   1.6
16   22   5.9
16   23   1.8
16   24   0.4
16   27   3.5
16   28   0.5
16   34   20.7
16   36   6.7
16   37   2.4
16   38   9.4
16   39   4.2
16   40   9.3
16   45   6.0
16   52   0.1
16   65   0.1
16   71   6.2
16   73   0.1
16   76   2.0
16   77   0.1
17   19   0.2
17   21   17.1
17   23   2.2
17   26   0.3
17   27   1.3
17   28   2.2
17   29   0.8
17   30   2.0
17   36   0.1
17   37   0.9
17   38   0.5
17   39   3.9
17   51   1.7
17   52   0.9
17   72   1.6
17   75   2.4
17   76   1.5
18   19   0.4
18   23   3.5
18   26   3.6
18   27   1.2
18   34   3.7
18   36   1.3
18   37   0.2
18   38   2.6
18   75   2.7
18   76   0.2
19   23   4.9
19   26   3.1
19   27   0.5
19   30   2.0
19   34   10.5
19   36   0.7
19   37   1.4
19   38   4.7
19   39   13.3
19   51   2.0
19   75   2.0
19   76   0.9
20   24   0.1
20   28   1.4
20   29   0.9
20   34   7.4
20   36   5.5
20   38   1.2
20   40   1.5
20   53   2.2
20   58   2.9
20   61   1.1
20   73   2.8
20   77   1.6
21   22   9.8
21   23   3.2
21   24   0.4
21   26   7.8
21   27   12.5
21   28   1.2
21   29   1.3
21   30   1.8
21   33   1.8
21   34   5.0
21   35   7.7
21   36   1.1
21   37   0.7
21   38   0.6
21   39   0.2
21   40   4.3
21   43   7.9
21   45   2.8
21   65   3.3
21   71   5.9
21   72   1.9
21   73   0.3
21   76   12.9
21   78   0.9
21   79   0.2
21   84   6.5
22   23   15.3
22   24   0.2
22   25   5.3
22   27   9.8
22   28   1.2
22   36   7.3
22   37   5.6
22   38   6.0
22   43   10.6
22   52   3.4
22   65   2.8
22   70   6.1
22   71   5.7
22   72   4.2
22   73   2.0
22   75   0.2
22   76   2.1
22   77   1.8
23   24   0.6
23   26   2.9
23   27   21.6
23   28   0.4
23   29   0.8
23   30   2.8
23   33   0.1
23   34   0.1
23   35   18.7
23   36   16.0
23   37   1.1
23   38   3.7
23   39   2.4
23   40   5.3
23   43   14.2
23   45   11.3
23   46   11.4
23   52   6.5
23   65   2.4
23   70   0.5
23   71   18.9
23   72   2.7
23   73   1.3
23   76   20.4
23   77   4.0
23   84   14.0
24   25   3.2
24   26   0.1
24   27   0.1
24   28   0.5
24   29   6.4
24   30   8.3
24   33   4.0
24   34   8.0
24   36   3.9
24   37   0.3
24   39   4.4
24   40   0.5
24   43   11.2
24   45   6.0
24   47   27.3
24   53   12.9
24   55   12.0
24   56   10.1
24   58   5.1
24   59   11.1
24   61   5.1
24   63   15.6
24   65   0.1
24   71   1.7
24   72   0.6
24   73   4.9
24   76   0.1
24   77   8.0
24   78   10.2
24   79   1.9
24   83   19.7
25   26   0.1
25   27   1.3
25   31   2.1
25   37   0.3
25   45   0.1
25   51   0.8
25   62   5.1
25   74   1.3
25   75   1.8
26   27   1.5
26   28   0.9
26   29   1.6
26   30   8.7
26   31   0.3
26   34   4.0
26   36   5.5
26   37   1.4
26   38   1.6
26   39   14.3
26   43   11.3
26   44   6.9
26   45   2.6
26   46   7.4
26   51   6.9
26   52   1.3
26   60   5.9
26   62   6.5
26   66   5.1
26   67   1.2
26   68   3.8
26   72   7.4
26   73   0.3
26   74   2.6
26   75   5.1
26   76   3.8
26   80   7.4
26   83   9.9
26   84   10.8
27   28   3.3
27   29   4.3
27   30   24.0
27   31   1.7
27   34   3.9
27   35   21.3
27   36   20.0
27   37   5.7
27   38   2.3
27   39   16.1
27   40   5.8
27   43   7.6
27   44   4.7
27   45   1.7
27   46   9.9
27   51   3.4
27   52   3.5
27   56   8.4
27   58   0.5
27   60   2.8
27   62   0.1
27   65   0.1
27   66   5.7
27   67   1.3
27   68   0.9
27   70   1.4
27   71   3.5
27   72   3.4
27   73   1.0
27   74   0.3
27   75   2.4
27   76   0.9
27   77   0.5
27   79   10.4
27   83   11.6
27   84   15.0
28   29   0.4
28   33   0.5
28   34   2.7
28   35   2.5
28   36   3.1
28   37   3.9
28   38   0.1
28   39   1.4
28   40   3.1
28   41   8.2
28   43   7.3
28   45   3.9
28   47   14.6
28   52   1.2
28   53   7.2
28   55   9.5
28   56   11.6
28   57   18.2
28   58   6.5
28   59   3.1
28   61   1.8
28   63   14.4
28   65   0.2
28   69   1.8
28   71   2.3
28   72   1.7
28   73   5.7
28   76   2.6
28   77   5.1
28   78   5.0
28   79   0.2
28   83   16.1
28   84   13.2
29   30   1.3
29   32   2.2
29   33   1.5
29   36   0.8
29   40   0.6
29   43   2.4
29   73   6.2
29   77   7.9
30   34   0.9
30   36   0.2
30   38   0.2
30   39   2.6
30   40   0.9
30   76   27.3
31   37   0.1
31   38   0.6
31   62   1.4
31   75   4.5
31   76   0.7
31   80   3.3
32   34   9.5
32   36   3.6
32   41   0.9
33   34   0.3
33   38   0.2
34   36   21.3
34   37   6.0
34   38   5.2
34   39   10.3
34   40   17.3
34   41   2.9
34   73   13.5
34   75   5.1
34   76   4.1
34   77   12.2
35   36   3.8
35   37   29.6
35   38   1.0
35   39   23.8
35   41   0.7
35   43   5.4
35   44   7.5
35   46   15.6
35   72   21.9
35   77   2.9
35   84   13.6
36   37   9.5
36   38   6.4
36   39   18.9
36   40   37.2
36   41   10.6
36   43   7.7
36   45   2.8
36   46   10.5
36   47   12.7
36   51   0.5
36   52   4.0
36   56   5.2
36   58   1.9
36   65   7.0
36   70   4.3
36   71   9.7
36   72   6.2
36   75   3.8
36   76   2.7
36   77   5.5
36   83   12.1
36   84   10.0
37   38   3.2
37   39   19.2
37   40   6.1
37   43   6.8
37   44   2.2
37   45   2.2
37   51   4.8
37   52   6.7
37   62   1.2
37   74   0.1
37   75   3.8
37   76   1.4
37   80   3.0
37   84   32.8
38   39   3.1
38   40   1.9
38   41   1.1
38   43   3.9
38   44   8.0
38   45   7.1
38   46   9.3
38   51   1.1
38   52   5.4
38   56   3.1
38   62   0.5
38   71   11.0
38   72   2.9
38   73   0.2
38   75   1.0
38   76   2.1
38   77   2.4
38   83   1.7
38   84   3.8
39   40   0.1
39   43   15.1
39   72   5.9
39   75   5.6
39   76   11.6
39   84   14.5
40   41   1.8
40   43   16.3
40   47   37.2
40   58   6.5
40   59   7.2
40   61   8.2
40   73   5.3
40   77   16.8
43   45   4.9
43   46   26.3
43   47   21.5
43   48   19.4
43   51   2.3
43   52   2.0
43   53   8.5
43   55   12.3
43   56   4.2
43   57   5.4
43   58   0.3
43   59   4.9
43   61   4.0
43   63   4.4
43   64   2.2
43   65   13.6
43   66   1.3
43   67   4.9
43   68   0.8
43   69   10.1
43   70   0.1
43   71   3.3
43   72   6.3
43   73   1.6
43   75   5.1
43   76   12.6
43   77   1.1
43   78   5.8
43   79   0.7
43   83   5.7
43   84   1.8
44   45   0.6
44   46   16.3
44   47   18.6
44   49   0.2
44   51   0.9
44   56   1.6
44   60   2.6
44   62   1.4
44   65   2.0
44   68   0.1
44   71   1.3
44   73   0.3
44   76   2.5
44   77   0.6
44   83   10.3
44   84   11.6
45   46   6.9
45   47   0.6
45   48   1.6
45   49   0.2
45   50   2.6
45   52   0.2
45   53   2.0
45   55   0.2
45   57   1.6
45   58   0.2
45   59   1.2
45   60   1.9
45   61   0.1
45   62   1.5
45   65   11.7
45   66   0.1
45   67   0.9
45   68   0.5
45   69   1.2
45   70   1.0
45   71   3.8
45   72   6.1
45   73   0.5
45   74   0.3
45   75   0.4
45   77   1.6
45   78   0.1
45   79   0.4
45   80   0.7
45   83   0.1
45   84   3.2
46   47   2.1
46   52   2.7
46   63   0.6
46   65   5.1
46   66   1.2
46   67   7.6
46   68   2.3
46   70   0.2
46   72   2.4
46   75   10.8
46   76   8.1
46   77   1.4
46   79   1.1
46   83   0.8
46   84   21.9
47   48   0.8
47   52   6.4
47   53   3.4
47   54   2.5
47   55   15.0
47   56   7.7
47   57   1.7
47   58   1.0
47   59   7.5
47   61   0.7
47   64   1.2
47   69   4.1
47   71   0.5
47   72   11.7
47   73   1.1
47   76   14.4
47   77   9.6
47   79   6.7
47   81   7.9
47   83   1.3
47   84   6.7
48   54   0.2
48   59   18.6
48   61   7.6
48   63   0.4
48   73   8.7
48   77   16.8
48   81   2.2
48   83   4.6
49   60   1.6
50   56   0.5
50   57   1.3
50   59   0.5
50   63   0.9
50   77   1.5
50   78   0.3
50   79   0.9
50   83   5.6
51   58   5.6
51   71   5.7
51   73   1.2
51   74   0.6
51   75   0.7
51   76   0.2
52   56   0.3
52   59   3.1
52   66   1.6
52   68   0.3
52   70   5.2
52   72   3.2
52   73   0.2
52   75   0.6
52   76   0.6
52   77   0.2
52   79   0.7
52   83   8.4
52   84   3.5
53   55   6.0
53   56   9.6
53   57   10.4
53   58   0.2
53   59   1.5
53   63   6.3
53   69   0.8
53   73   0.1
53   77   0.8
53   78   4.3
53   83   3.8
54   55   1.8
54   64   3.4
55   56   0.5
55   57   0.1
55   58   4.3
55   59   2.8
55   61   6.2
55   63   1.0
55   64   4.0
55   69   17.0
55   73   7.0
55   77   0.8
55   78   0.4
55   83   0.9
56   57   5.4
56   58   10.0
56   59   1.6
56   63   2.0
56   66   0.8
56   68   3.2
56   69   2.9
56   70   0.4
56   72   0.4
56   73   2.8
56   75   0.8
56   76   7.4
56   77   1.1
56   78   0.7
56   79   3.6
56   82   0.8
56   83   5.2
57   59   0.1
57   61   19.4
57   63   0.1
57   64   0.9
57   69   14.7
57   70   0.8
57   72   0.1
57   73   9.9
57   75   2.7
57   76   5.1
57   77   4.8
57   78   0.2
57   79   1.9
57   83   0.9
58   59   0.6
58   61   0.2
58   63   2.0
58   64   1.6
58   69   0.1
58   71   0.7
58   73   0.3
58   74   7.2
58   76   0.1
58   77   1.3
58   78   0.9
58   83   4.9
59   61   1.4
59   63   1.9
59   64   1.6
59   69   1.6
59   73   0.8
59   77   0.1
59   78   0.1
59   83   1.0
60   62   0.6
60   67   0.1
60   68   1.0
60   75   1.7
60   76   0.7
60   83   2.6
61   63   1.2
61   64   2.2
61   69   0.5
61   73   1.4
61   77   1.3
61   78   0.1
61   83   4.4
62   74   0.1
62   75   0.1
62   76   7.3
62   83   3.3
63   66   1.3
63   68   2.3
63   69   6.7
63   70   0.5
63   72   0.6
63   73   4.5
63   75   1.9
63   76   3.3
63   77   2.0
63   78   3.3
63   79   0.6
63   83   1.2
64   69   5.0
64   71   8.3
64   73   0.3
64   76   0.7
64   77   4.5
65   70   0.1
65   71   4.4
65   72   0.2
65   73   0.1
65   76   3.3
65   77   0.8
65   79   5.3
65   83   14.5
65   84   17.5
66   67   4.3
66   68   0.6
66   70   7.8
66   72   5.2
66   73   0.5
66   76   0.8
66   78   0.1
66   79   0.5
66   83   0.1
67   68   1.1
67   72   1.9
67   75   1.8
67   76   3.6
67   83   4.7
68   70   0.2
68   72   1.6
68   76   1.8
68   79   2.1
68   83   12.8
69   73   0.2
69   77   0.6
69   78   3.5
69   83   8.4
70   71   1.8
70   72   0.3
70   73   0.1
70   75   4.4
70   76   2.3
70   77   1.1
70   78   2.3
70   79   0.1
70   82   0.4
70   83   1.4
70   84   4.4
71   72   4.0
71   73   0.5
71   74   5.7
71   76   3.7
72   73   0.3
72   75   0.5
72   76   3.5
72   77   0.5
72   78   1.4
72   79   3.1
72   83   4.0
72   84   12.1
73   74   4.6
73   76   1.7
73   77   3.2
73   78   4.0
73   79   1.1
73   83   4.4
73   84   4.6
74   76   0.1
75   76   0.2
75   77   0.1
75   78   0.2
75   83   8.2
75   84   8.4
76   78   0.7
76   79   13.2
76   80   1.7
76   83   5.8
76   84   9.1
77   78   3.1
77   82   1.4
77   83   4.4
77   84   1.5
78   79   0.4
78   81   0.1
78   82   0.3
78   83   0.2
79   82   0.9
79   83   6.6
81   83   6.3
82   83   1.4
