1   7   3.2
1   8   5.6
1   10   0.6
1   14   0.4
1   17   11.2
1   21   0.8
1   23   10.1
1   29   0.4
1   30   3.6
1   34   2.0
2   9   9.3
2   13   2.2
2   17   1.3
2   22   1.9
2   24   19.0
2   25   0.3
2   26   0.1
2   27   8.3
2   36   2.5
2   37   1.6
2   38   2.1
2   44   9.7
2   51   1.1
2   52   10.4
2   62   7.5
2   74   4.9
2   75   10.7
2   76   15.6
3   6   6.6
3   7   25.3
3   8   4.7
3   14   6.5
3   17   5.1
3   19   1.6
3   21   6.7
3   23   3.9
3   26   2.4
3   27   0.5
3   28   16.1
3   29   2.0
3   30   23.1
3   34   0.6
3   36   2.2
3   37   1.1
3   38   1.6
3   39   1.1
3   40   0.5
3   43   13.2
3   44   2.7
3   45   6.4
3   51   15.4
3   52   26.0
3   65   2.3
3   66   11.7
3   72   5.8
3   73   21.7
3   75   4.9
3   76   20.8
3   77   5.6
4   6   5.5
4   7   2.5
4   8   9.8
4   9   8.5
4   10   0.8
4   12   2.6
4   14   10.9
4   15   5.0
4   20   2.7
4   24   0.1
4   28   4.4
4   34   0.1
4   36   13.7
4   38   12.2
4   47   10.4
4   53   1.4
4   58   6.6
4   61   7.2
4   73   26.4
4   77   39.1
5   6   3.5
5   15   0.1
5   32   0.3
6   7   7.3
6   8   1.2
6   9   3.5
6   10   3.3
6   14   2.2
6   20   8.9
6   23   3.3
6   24   0.5
6   28   0.6
6   29   0.4
6   30   3.3
6   34   0.7
6   36   6.3
6   38   4.6
6   40   0.2
6   41   0.8
6   73   12.0
6   77   12.7
7   8   9.6
7   9   5.3
7   10   6.6
7   12   0.5
7   14   4.6
7   15   3.7
7   17   12.0
7   20   2.1
7   21   9.2
7   23   15.7
7   24   3.9
7   26   17.5
7   27   4.3
7   28   4.4
7   29   2.8
7   30   4.6
7   33   4.4
7   34   13.8
7   35   0.6
7   36   21.0
7   38   18.3
7   39   3.2
7   40   4.1
7   43   5.5
7   58   4.7
7   59   16.4
7   73   23.3
7   76   12.8
7   77   22.3
8   10   0.3
8   12   29.7
8   14   1.0
8   15   0.4
8   17   18.3
8   19   24.3
8   20   24.7
8   21   6.4
8   23   11.1
8   24   12.2
8   26   9.8
8   27   10.6
8   28   22.5
8   29   0.6
8   30   11.7
8   34   2.0
8   38   0.1
8   40   0.1
8   41   0.1
8   73   21.6
8   77   28.3
9   10   14.6
9   12   1.2
9   14   11.1
9   15   0.7
9   20   5.1
9   24   8.4
9   25   1.3
9   26   5.4
9   27   5.0
9   28   17.0
9   29   2.2
9   36   0.8
9   37   0.4
9   38   3.9
9   40   0.3
9   43   0.4
9   45   2.4
9   47   1.9
9   53   5.2
9   56   3.2
9   58   0.7
9   59   6.2
9   61   1.4
9   69   1.3
9   73   6.4
9   76   3.6
9   77   3.5
9   78   1.2
10   12   0.6
10   14   0.6
10   15   17.7
10   20   2.5
10   24   3.3
10   28   0.3
10   29   21.5
10   30   0.7
10   34   16.7
10   35   4.4
10   36   37.8
10   38   34.5
10   40   12.3
10   41   11.5
10   43   6.0
10   53   34.2
10   56   17.6
10   58   4.5
10   73   28.7
10   77   37.8
11   17   1.9
11   18   1.1
11   19   2.7
11   25   0.1
11   26   0.9
11   27   0.5
11   36   3.6
11   37   15.6
11   38   11.4
11   62   24.4
11   75   30.3
11   76   26.9
12   14   18.2
12   15   0.8
12   20   3.9
12   24   1.3
12   29   12.7
12   34   19.8
12   36   13.5
12   38   18.9
12   40   1.3
12   41   11.5
12   53   22.3
12   59   25.3
12   73   16.7
12   77   19.7
13   22   6.7
13   25   0.6
13   26   0.8
13   27   0.1
13   31   2.3
13   34   4.3
13   37   3.8
13   38   0.9
13   44   2.1
13   62   17.2
13   74   1.8
13   75   36.1
13   76   17.3
14   17   16.8
14   19   10.8
14   20   14.2
14   21   6.9
14   23   13.5
14   24   9.3
14   26   14.5
14   27   15.1
14   28   13.8
14   29   1.2
14   30   8.1
14   34   1.3
14   36   0.2
14   73   34.7
14   77   23.7
15   20   2.5
15   22   4.7
15   24   1.8
15   27   9.9
15   28   11.2
15   36   5.3
15   73   4.0
15   77   14.5
16   22   3.7
16   24   1.5
16   27   1.6
16   28   0.2
16   34   0.8
16   36   17.7
16   37   2.0
16   38   13.2
16   39   0.9
16   40   7.2
16   45   7.3
16   52   11.9
16   65   17.6
16   70   34.4
16   71   0.7
16   72   23.7
16   73   34.2
16   76   12.1
16   77   26.9
17   18   0.7
17   19   0.3
17   21   23.5
17   23   0.8
17   24   10.0
17   26   0.1
17   27   15.0
17   28   15.3
17   29   9.1
17   30   15.6
17   33   1.9
17   34   2.2
17   37   0.3
17   38   0.4
17   39   2.6
17   51   0.4
17   52   17.4
17   72   3.7
17   75   6.1
17   76   16.1
18   19   0.9
18   23   0.8
18   27   0.1
18   34   9.9
18   36   15.7
18   37   12.6
18   38   21.2
18   75   27.7
18   76   16.6
19   23   3.6
19   27   3.4
19   29   3.7
19   30   9.2
19   34   4.0
19   36   12.5
19   37   5.1
19   38   17.0
19   39   0.1
19   51   6.3
19   75   24.6
19   76   20.9
20   24   0.2
20   28   4.3
20   29   11.2
20   34   4.1
20   36   6.1
20   38   11.8
20   40   0.5
20   53   11.0
20   58   1.9
20   61   7.5
20   73   21.8
20   77   27.3
21   22   15.3
21   23   2.0
21   24   0.7
21   26   10.8
21   27   6.4
21   28   1.5
21   29   0.3
21   33   1.1
21   34   3.3
21   35   4.2
21   36   18.6
21   37   0.1
21   38   14.3
21   39   7.1
21   40   12.1
21   43   10.9
21   45   12.4
21   65   34.8
21   70   40.4
21   71   3.5
21   72   30.1
21   73   36.2
21   76   51.3
21   77   22.2
21   78   7.3
21   79   14.0
21   84   8.6
22   23   12.2
22   24   6.3
22   25   10.6
22   27   6.7
22   28   0.6
22   36   6.6
22   37   5.7
22   38   16.8
22   43   1.8
22   52   4.0
22   65   3.7
22   70   6.7
22   71   0.1
22   72   2.0
22   73   0.5
22   75   12.3
22   76   7.2
22   77   1.7
23   24   1.1
23   26   0.2
23   27   9.3
23   28   5.5
23   29   6.0
23   30   8.5
23   33   3.3
23   34   2.2
23   35   1.5
23   36   17.6
23   37   2.0
23   38   11.1
23   39   5.4
23   40   14.3
23   43   27.7
23   45   17.5
23   46   8.4
23   52   16.1
23   65   32.7
23   70   23.5
23   71   3.1
23   72   36.0
23   73   30.6
23   76   22.4
23   77   17.4
23   84   7.8
24   25   28.2
24   26   6.0
24   27   13.0
24   28   1.4
24   29   9.2
24   30   3.0
24   33   5.2
24   34   5.4
24   36   12.1
24   37   4.5
24   38   9.5
24   39   0.2
24   40   0.5
24   43   31.2
24   45   32.5
24   47   16.6
24   51   0.6
24   52   16.0
24   53   17.9
24   55   10.7
24   56   27.0
24   58   3.3
24   59   24.6
24   61   12.2
24   63   26.8
24   65   28.0
24   70   33.4
24   71   5.7
24   72   15.2
24   73   49.1
24   76   21.8
24   77   60.0
24   78   22.2
24   79   14.3
24   83   27.7
25   26   0.2
25   27   13.8
25   31   0.1
25   37   4.6
25   38   2.3
25   45   6.1
25   51   1.2
25   62   10.8
25   74   3.4
25   75   15.3
25   76   14.4
26   28   13.4
26   29   4.5
26   30   17.2
26   31   1.4
26   34   5.5
26   36   10.1
26   37   8.1
26   38   10.4
26   43   18.8
26   44   9.2
26   45   11.4
26   46   2.1
26   51   18.8
26   52   8.6
26   60   15.1
26   62   25.3
26   66   11.0
26   67   30.9
26   68   23.1
26   72   8.1
26   73   3.3
26   74   8.8
26   75   36.6
26   76   26.4
26   80   29.8
26   83   5.6
26   84   3.4
27   28   25.5
27   29   6.3
27   30   22.6
27   34   5.8
27   35   1.1
27   36   18.1
27   37   11.2
27   38   11.2
27   39   4.5
27   40   5.4
27   43   13.4
27   44   12.3
27   45   14.3
27   46   8.5
27   51   2.3
27   52   22.0
27   56   15.8
27   58   7.2
27   60   14.6
27   62   22.9
27   65   1.5
27   66   15.8
27   67   13.6
27   68   21.3
27   70   9.1
27   71   0.4
27   72   19.8
27   73   18.0
27   74   6.1
27   75   30.0
27   76   21.5
27   77   7.1
27   79   26.0
27   80   30.4
27   83   6.4
27   84   15.8
28   29   16.7
28   30   2.4
28   33   10.9
28   34   10.4
28   35   6.7
28   36   13.2
28   37   0.1
28   38   22.5
28   39   12.4
28   40   4.2
28   41   11.5
28   43   28.2
28   45   38.3
28   47   14.0
28   52   19.6
28   53   32.0
28   55   20.8
28   56   26.8
28   57   24.9
28   58   12.0
28   59   36.7
28   61   15.4
28   63   31.8
28   65   26.1
28   69   26.0
28   70   22.4
28   71   1.0
28   72   19.3
28   73   53.2
28   76   34.2
28   77   49.0
28   78   16.1
28   79   15.3
28   83   3.6
28   84   18.5
29   30   0.3
29   34   1.8
29   36   1.4
29   40   0.2
29   43   11.7
29   73   16.5
29   77   18.3
30   33   2.3
30   34   1.0
30   38   2.4
30   39   0.5
30   40   0.4
30   76   24.5
31   37   1.0
31   38   6.6
31   62   19.9
31   75   34.0
31   76   22.4
31   80   25.4
32   34   2.1
32   36   3.7
32   41   5.1
33   34   0.5
33   38   1.1
34   36   6.8
34   37   7.8
34   38   1.6
34   39   4.6
34   40   1.5
34   41   0.6
34   73   9.6
34   75   6.6
34   76   4.0
34   77   21.0
35   36   5.8
35   37   1.4
35   38   3.3
35   39   0.4
35   41   0.7
35   43   0.4
35   44   1.2
35   46   1.4
35   72   3.8
35   77   11.2
36   38   0.1
36   41   1.6
36   43   1.4
36   45   24.3
36   46   15.1
36   47   1.9
36   51   0.4
36   52   11.9
36   56   11.9
36   58   0.4
36   65   8.3
36   70   13.6
36   71   3.5
36   72   14.9
36   73   21.6
36   75   12.5
36   76   12.7
36   77   17.5
36   83   1.7
37   38   0.2
37   39   4.2
37   40   0.6
37   43   21.6
37   44   1.8
37   45   12.6
37   51   0.8
37   52   7.1
37   62   7.7
37   74   3.0
37   75   15.0
37   76   14.0
37   80   8.6
37   84   7.1
38   39   1.2
38   40   0.2
38   41   0.8
38   43   28.8
38   44   1.5
38   45   10.5
38   46   0.9
38   51   0.8
38   52   8.7
38   56   10.1
38   62   2.4
38   71   4.9
38   72   7.5
38   73   22.5
38   75   13.2
38   76   12.4
38   77   19.0
38   83   3.6
38   84   3.5
39   40   3.6
39   43   2.5
39   75   4.8
39   84   1.6
40   41   3.8
40   43   0.8
40   47   4.0
40   58   0.5
40   59   9.4
40   61   3.4
40   73   12.8
40   77   16.6
43   44   0.7
43   45   0.4
43   46   6.6
43   47   0.5
43   48   0.1
43   51   1.0
43   52   6.6
43   53   15.7
43   55   16.3
43   56   12.7
43   57   1.4
43   58   0.2
43   59   16.7
43   61   2.5
43   63   4.3
43   64   2.5
43   65   14.3
43   67   8.2
43   68   5.3
43   69   6.8
43   70   13.4
43   71   7.0
43   72   13.2
43   73   17.5
43   75   8.2
43   76   13.9
43   77   17.6
43   78   6.6
43   79   0.1
43   83   2.2
43   84   2.9
44   45   0.4
44   46   6.2
44   47   4.1
44   49   1.0
44   51   3.2
44   56   11.3
44   60   11.3
44   62   13.0
44   65   1.6
44   66   2.6
44   67   7.9
44   68   0.8
44   70   0.9
44   71   3.0
44   72   3.6
44   73   3.9
44   75   3.9
44   76   6.7
44   77   0.2
44   80   1.6
44   83   0.5
44   84   1.0
45   47   4.0
45   48   2.8
45   49   2.3
45   50   7.1
45   51   1.5
45   52   2.5
45   53   16.5
45   55   8.0
45   56   21.0
45   57   0.2
45   58   4.1
45   59   24.7
45   60   8.7
45   61   13.6
45   62   7.0
45   63   0.1
45   65   14.8
45   66   1.7
45   67   16.0
45   68   12.0
45   69   9.0
45   70   13.1
45   71   9.0
45   72   11.9
45   73   15.8
45   74   0.1
45   75   17.2
45   76   9.8
45   77   33.9
45   79   2.3
45   80   5.2
45   82   9.3
45   83   6.4
45   84   0.7
46   47   0.2
46   48   8.3
46   52   1.1
46   56   4.4
46   65   8.2
46   66   2.1
46   67   13.7
46   68   4.2
46   70   7.8
46   72   14.8
46   73   1.7
46   75   14.1
46   76   11.7
46   77   4.8
46   79   0.7
46   83   7.1
46   84   1.0
47   48   0.1
47   52   5.8
47   53   3.8
47   55   4.6
47   56   11.2
47   57   0.5
47   58   0.3
47   59   16.7
47   61   1.7
47   63   0.4
47   64   0.1
47   69   1.3
47   71   0.3
47   72   23.4
47   73   0.1
47   76   9.0
47   77   10.9
47   78   1.6
47   79   2.2
47   83   1.9
47   84   1.4
48   54   0.7
48   55   0.1
48   59   3.0
48   61   0.4
48   63   0.4
48   73   0.8
48   77   5.4
48   81   0.4
48   83   0.8
49   60   1.7
50   56   0.5
50   57   7.7
50   59   8.5
50   63   7.3
50   77   4.8
50   78   0.1
50   79   2.2
50   83   3.4
51   58   1.2
51   71   0.5
51   73   10.9
51   74   0.4
51   75   0.7
51   76   3.2
52   56   23.6
52   66   1.1
52   68   5.9
52   70   7.3
52   72   5.1
52   73   0.4
52   77   13.3
52   79   13.9
52   83   14.5
52   84   6.6
53   55   6.4
53   56   2.1
53   57   19.2
53   58   11.0
53   59   2.2
53   61   5.0
53   63   23.3
53   69   0.5
53   73   0.5
53   77   2.2
53   78   18.8
53   83   9.9
54   55   0.3
55   56   18.6
55   57   1.0
55   58   2.5
55   59   10.4
55   63   8.4
55   64   0.2
55   69   10.9
55   73   10.1
55   77   2.2
55   78   3.1
55   83   1.3
56   57   18.8
56   58   19.7
56   59   8.6
56   63   9.0
56   66   11.7
56   68   13.0
56   69   1.0
56   70   8.7
56   72   24.4
56   73   3.4
56   75   12.5
56   76   11.7
56   77   1.6
56   78   5.3
56   79   3.9
56   82   10.1
56   83   16.4
57   59   0.4
57   61   12.4
57   63   5.2
57   64   0.9
57   66   17.0
57   69   9.9
57   70   8.9
57   72   18.6
57   73   9.7
57   75   15.0
57   76   9.0
57   77   15.0
57   78   0.2
57   79   8.0
58   59   12.9
58   61   3.5
58   63   14.8
58   64   0.7
58   69   9.0
58   71   0.5
58   73   10.3
58   74   2.8
58   76   1.0
58   77   23.0
58   78   4.7
58   83   9.0
59   63   0.2
59   64   4.8
59   69   1.1
59   73   3.9
59   77   16.2
59   78   25.6
59   83   20.0
60   62   0.2
60   66   1.1
60   67   0.1
60   68   1.1
60   75   0.1
60   76   1.9
60   83   0.4
61   63   13.7
61   64   0.3
61   69   0.8
61   73   0.2
61   77   3.6
61   78   18.7
61   83   18.4
62   75   0.3
62   76   0.4
63   66   8.5
63   68   24.3
63   69   27.1
63   70   10.5
63   72   16.1
63   73   16.6
63   75   10.6
63   76   22.9
63   77   36.1
63   79   11.7
63   83   0.2
64   69   6.0
64   71   1.2
64   73   1.7
64   76   4.7
64   77   12.9
65   71   2.3
65   72   1.6
65   73   0.1
65   77   0.8
65   79   0.8
65   84   0.4
66   67   4.6
66   68   1.3
66   70   5.4
66   72   0.3
66   73   8.5
66   75   0.3
66   76   13.9
66   77   6.0
66   78   5.1
66   79   31.4
66   83   0.5
67   72   6.1
67   75   0.5
67   76   1.7
67   83   0.8
68   70   6.3
68   72   8.0
68   75   1.2
68   76   4.0
68   77   4.5
68   79   24.7
68   83   4.1
69   73   0.3
69   77   6.5
69   78   10.7
69   83   16.2
70   71   3.5
70   72   2.8
70   73   2.6
70   75   8.3
70   76   0.4
70   77   6.8
70   78   0.8
70   79   1.9
70   82   9.5
70   83   0.1
70   84   8.4
71   72   3.8
71   73   5.3
71   74   1.9
71   76   1.5
71   77   5.0
72   73   0.1
72   75   0.1
72   77   22.9
72   78   8.5
72   79   21.1
72   83   0.1
72   84   2.7
73   74   17.3
73   76   8.9
73   77   0.8
73   78   14.8
73   79   5.7
73   83   9.0
73   84   7.8
74   76   9.2
75   76   2.4
75   77   5.2
75   78   10.9
75   79   15.2
75   80   1.4
75   83   11.7
75   84   5.7
76   77   8.0
76   78   12.2
76   79   32.3
76   80   0.3
76   83   9.1
76   84   3.4
77   78   21.0
77   79   6.7
77   82   29.3
77   83   27.1
77   84   11.1
78   79   0.8
78   81   0.4
78   82   2.5
78   83   0.2
79   82   4.3
79   83   4.9
81   83   0.3
82   83   7.3
