1   7   0.162
1   8   0.084
1   14   0.057
1   17   0.22
1   23   0.102
1   28   0.141
1   29   0.174
1   30   0.003
2   9   0.089
2   13   0.1
2   17   0.093
2   22   0.066
2   24   0.057
2   25   0.092
2   26   0.114
2   27   0.046
2   31   0.044
2   36   0.091
2   37   0.062
2   38   0.124
2   42   0.003
2   51   0.048
2   62   0.051
2   75   0.06
2   76   0.121
2   80   0.012
3   7   0.043
3   8   0.135
3   14   0.064
3   17   0.086
3   19   0.098
3   21   0.16
3   23   0.181
3   26   0.078
3   27   0.111
3   28   0.148
3   30   0.096
3   34   0.133
3   36   0.084
3   37   0.048
3   38   0.002
3   39   0.018
3   51   0.113
3   52   0.009
3   76   0.064
4   9   0.073
4   10   0.135
4   12   0.021
4   15   0.083
4   20   0.164
4   24   0.279
4   28   0.092
4   77   0.003
5   6   0.151
5   9   0.038
5   12   0.088
5   15   0.197
5   24   0.083
5   32   0.002
5   34   0.009
5   36   0.083
5   40   0.11
5   41   0.009
6   7   0.053
6   8   0.002
6   9   0.017
6   10   0.112
6   12   0.037
6   14   0.186
6   15   0.119
6   20   0.191
6   28   0.011
6   32   0.093
6   36   0.013
6   40   0.021
6   41   0.153
7   8   0.092
7   9   0.074
7   10   0.121
7   14   0.104
7   17   0.068
7   21   0.037
7   23   0.004
7   24   0.115
7   28   0.057
7   29   0.022
7   30   0.047
7   33   0.076
7   34   0.162
7   38   0.113
7   39   0.103
7   40   0.023
7   41   0.104
8   10   0.093
8   12   0.006
8   14   0.204
8   15   0.052
8   17   0.165
8   23   0.009
8   26   0.152
8   28   0.005
8   29   0.002
8   30   0.129
8   32   0.021
8   34   0.287
8   36   0.019
8   40   0.015
8   41   0.155
9   10   0.103
9   12   0.255
9   15   0.051
9   20   0.166
9   22   0.098
9   24   0.015
9   25   0.025
9   27   0.089
9   28   0.013
9   29   0.069
9   36   0.108
9   38   0.001
9   40   0.07
9   42   0.054
9   58   0.044
9   73   0.028
9   77   0.016
10   12   0.203
10   14   0.061
10   15   0.058
10   20   0.097
10   24   0.09
10   28   0.151
10   29   0.105
10   34   0.012
10   36   0.169
10   38   0.258
10   40   0.065
10   41   0.042
11   13   0.004
11   17   0.013
11   18   0.038
11   19   0.139
11   25   0.007
11   26   0.165
11   27   0.074
11   31   0.11
11   34   0.138
11   37   0.15
11   38   0.071
11   42   0.105
11   49   0.033
11   62   0.196
11   76   0.07
11   80   0.056
12   14   0.178
12   15   0.027
12   20   0.101
12   24   0.139
12   28   0.116
12   29   0.128
12   32   0.04
12   34   0.047
12   36   0.241
12   40   0.145
12   41   0.076
13   22   0.089
13   25   0.07
13   26   0.104
13   27   0.226
13   31   0.033
13   32   0.002
13   34   0.045
13   36   0.176
13   37   0.035
13   38   0.054
13   41   0.075
13   42   0.07
13   44   0.134
13   49   0.007
13   60   0.059
13   62   0.108
13   74   0.028
13   75   0.109
13   76   0.074
13   80   0.023
14   17   0.142
14   23   0.068
14   26   0.014
14   28   0.012
14   29   0.046
14   30   0.168
14   32   0.022
14   34   0.226
14   36   0.013
14   40   0.074
14   41   0.176
15   20   0.137
15   22   0.091
15   24   0.062
15   27   0.117
15   28   0.009
15   32   0.015
15   36   0.068
15   40   0.212
16   21   0.016
16   22   0.028
16   23   0.008
16   24   0.13
16   27   0.104
16   28   0.008
16   36   0.055
16   37   0.024
16   38   0.137
16   39   0.108
16   65   0.114
16   70   0.174
16   71   0.087
16   72   0.084
16   73   0.053
16   76   0.022
17   18   0.12
17   19   0.101
17   21   0.066
17   23   0.018
17   26   0.064
17   27   0.001
17   29   0.198
17   30   0.118
17   33   0.164
17   34   0.058
17   36   0.034
17   37   0.048
17   38   0.131
17   39   0.085
17   76   0.057
18   19   0.098
18   26   0.01
18   27   0.021
18   31   0.116
18   34   0.192
18   36   0.09
18   37   0.012
18   38   0.142
18   75   0.035
18   76   0.098
18   80   0.036
19   23   0.038
19   26   0.014
19   27   0.054
19   34   0.028
19   36   0.083
19   37   0.103
19   38   0.092
19   39   0.152
19   75   0.11
19   76   0.074
20   24   0.025
20   28   0.112
20   36   0.194
20   40   0.063
21   22   0.164
21   23   0.026
21   27   0.084
21   28   0.013
21   29   0.031
21   30   0.059
21   33   0.026
21   34   0.126
21   36   0.156
21   37   0.015
21   38   0.174
21   39   0.174
21   40   0.009
21   65   0.099
21   71   0.066
22   23   0.169
22   24   0.12
22   25   0.29
22   27   0.202
22   28   0.037
22   36   0.147
22   38   0.168
22   42   0.071
22   65   0.147
22   71   0.155
22   72   0.103
22   73   0.111
22   76   0.017
23   26   0.013
23   27   0.119
23   28   0.005
23   29   0.033
23   30   0.081
23   33   0.008
23   34   0.195
23   36   0.019
23   37   0.034
23   38   0.089
23   39   0.128
23   40   0.057
23   46   0.03
23   52   0.01
23   65   0.037
23   71   0.065
23   72   0.082
23   76   0.042
24   25   0.186
24   27   0.034
24   28   0.088
24   29   0.129
24   30   0.129
24   33   0.045
24   34   0.203
24   36   0.086
24   38   0.08
24   39   0.034
24   40   0.057
24   43   0.052
24   45   0.135
24   47   0.051
24   58   0.028
24   65   0.047
24   71   0.107
24   73   0.08
24   77   0.043
24   78   0.061
25   26   0.102
25   27   0.009
25   31   0.056
25   37   0.016
25   38   0.004
25   42   0.138
25   44   0.109
25   49   0.061
25   62   0.204
25   74   0.161
25   75   0.214
25   76   0.012
25   80   0.1
26   27   0.048
26   31   0.039
26   34   0.102
26   36   0.094
26   37   0.103
26   38   0.03
26   39   0.015
26   42   0.111
26   44   0.076
26   45   0.145
26   51   0.161
26   62   0.129
26   66   0.016
26   67   0.036
26   68   0.098
26   74   0.09
26   75   0.131
26   76   0.026
26   80   0.02
27   28   0.039
27   31   0.172
27   34   0.102
27   36   0.098
27   37   0.163
27   38   0.133
27   39   0.08
27   40   0.104
27   42   0.136
27   43   0.084
27   44   0.055
27   45   0.119
27   46   0.035
27   51   0.053
27   52   0.104
27   62   0.035
27   65   0.028
27   66   0.048
27   67   0.039
27   68   0.072
27   71   0.047
27   72   0.046
27   74   0.013
27   75   0.055
27   76   0.124
27   80   0.038
28   29   0.024
28   30   0.035
28   33   0.049
28   34   0.112
28   36   0.08
28   38   0.164
28   39   0.057
28   40   0.04
28   41   0.113
28   43   0.03
28   47   0.056
28   58   0.045
28   71   0.054
28   73   0.028
28   77   0.076
29   30   0.113
29   32   0.159
29   33   0.049
29   34   0.148
29   36   0.026
29   38   0.201
29   40   0.053
29   41   0.163
30   33   0.049
30   34   0.002
30   36   0.153
30   38   0.196
30   39   0.163
31   34   0.108
31   37   0.048
31   38   0.132
31   42   0.06
31   44   0.202
31   51   0.021
31   60   0.035
31   62   0.029
31   67   0.046
31   74   0.009
31   75   0.02
31   76   0.108
31   80   0.024
32   34   0.164
32   36   0.052
32   40   0.032
32   41   0.196
33   34   0.069
33   38   0.182
34   36   0.207
34   37   0.14
34   38   0.07
34   40   0.129
34   41   0.024
34   42   0.053
35   36   0.033
35   37   0.065
35   39   0.075
35   41   0.05
35   43   0.147
35   46   0.058
35   84   0.141
36   37   0.026
36   38   0.142
36   39   0.138
36   40   0.11
36   41   0.084
36   42   0.117
36   43   0.178
36   73   0.092
36   76   0.071
36   77   0.13
36   84   0.168
37   38   0.035
37   39   0.126
37   40   0.08
37   42   0.028
37   49   0.113
37   62   0.186
37   75   0.099
37   76   0.026
37   80   0.027
38   39   0.106
38   40   0.044
38   41   0.055
38   42   0.042
39   40   0.023
39   41   0.169
39   72   0.123
39   76   0.058
39   84   0.104
40   41   0.15
40   73   0.035
40   77   0.123
42   44   0.068
42   45   0.076
42   49   0.14
42   60   0.076
42   62   0.183
42   74   0.065
42   76   0.051
43   44   0.085
43   45   0.03
43   46   0.006
43   47   0.137
43   48   0.016
43   49   0.078
43   51   0.127
43   52   0.055
43   54   0.145
43   55   0.007
43   56   0.038
43   57   0.009
43   58   0.07
43   59   0.167
43   61   0.178
43   63   0.103
43   64   0.031
43   65   0.099
43   66   0.008
43   67   0.002
43   68   0.083
43   70   0.027
43   71   0.074
43   72   0.025
43   73   0.062
43   75   0.09
43   76   0.021
43   77   0.199
43   78   0.129
43   79   0.078
43   80   0.023
43   81   0.039
43   83   0.036
43   84   0.044
44   45   0.117
44   46   0.101
44   47   0.085
44   49   0.058
44   51   0.03
44   52   0.083
44   60   0.151
44   62   0.029
44   65   0.023
44   66   0.089
44   67   0.082
44   68   0.04
44   70   0.05
44   72   0.001
44   74   0.08
44   75   0.084
44   76   0.011
44   80   0.109
44   84   0.111
45   46   0.046
45   47   0.1
45   48   0.09
45   49   0.123
45   51   0.071
45   52   0.061
45   56   0.099
45   57   0.018
45   59   0.113
45   60   0.117
45   62   0.014
45   63   0.048
45   65   0.02
45   66   0.015
45   67   0.008
45   68   0.025
45   70   0.069
45   71   0.031
45   72   0.014
45   73   0.021
45   74   0.076
45   75   0.092
45   76   0.177
45   77   0.147
45   78   0.007
45   79   0.028
45   80   0.161
45   81   0.101
45   82   0.061
45   83   0.142
46   47   0.04
46   48   0.087
46   52   0.08
46   56   0.106
46   65   0.081
46   66   0.062
46   67   0.004
46   68   0.145
46   70   0.096
46   72   0.045
46   73   0.028
46   75   0.148
46   76   0.18
46   77   0.11
46   79   0.164
46   83   0.035
46   84   0.03
47   48   0.028
47   53   0.126
47   54   0.082
47   55   0.146
47   56   0.007
47   57   0.023
47   58   0.071
47   59   0.066
47   61   0.1
47   63   0.091
47   64   0.245
47   69   0.151
47   70   0.094
47   72   0.136
47   73   0.174
47   76   0.037
47   77   0.055
47   78   0.046
47   81   0.022
47   83   0.012
48   54   0.005
48   55   0.048
48   56   0.175
48   57   0.022
48   59   0.025
48   60   0.09
48   61   0.03
48   63   0.034
48   64   0.038
48   77   0.001
48   78   0.131
48   81   0.058
48   83   0.119
48   84   0.034
49   51   0.285
49   58   0.032
49   60   0.044
49   62   0.124
49   71   0.057
49   74   0.045
49   75   0.076
49   76   0.121
49   80   0.034
49   83   0.045
50   56   0.026
50   57   0.015
50   63   0.06
50   75   0.095
50   77   0.101
50   78   0.073
50   79   0.016
50   83   0.078
51   58   0.109
51   62   0.077
51   66   0.191
51   71   0.098
51   73   0.052
51   74   0.109
51   75   0.244
51   76   0.065
51   80   0.082
52   56   0.119
52   57   0.037
52   63   0.035
52   66   0.114
52   68   0.141
52   70   0.07
52   72   0.152
52   75   0.005
52   76   0.082
52   77   0.073
52   79   0.003
52   83   0.026
53   58   0.033
53   59   0.172
53   61   0.048
53   64   0.001
53   69   0.059
53   73   0.115
53   77   0.162
54   55   0.048
54   58   0.133
54   61   0.061
54   64   0.198
54   73   0.196
54   77   0.208
54   81   0.036
54   83   0.094
55   56   0.064
55   57   0.03
55   59   0.001
55   61   0.073
55   63   0.015
55   64   0.076
55   69   0.035
55   77   0.057
55   81   0.074
55   83   0.095
56   57   0.015
56   58   0.032
56   59   0.066
56   63   0.01
56   64   0.072
56   66   0.203
56   68   0.055
56   70   0.025
56   72   0.143
56   73   0.006
56   75   0.078
56   77   0.126
56   78   0.003
56   79   0.19
56   82   0.083
56   83   0.049
57   59   0.155
57   61   0.033
57   63   0.065
57   64   0.134
57   66   0.083
57   72   0.015
57   75   0.034
57   77   0.063
57   78   0.053
57   79   0.059
57   81   0.061
57   83   0.054
58   59   0.017
58   61   0.005
58   64   0.045
58   69   0.105
58   71   0.036
58   73   0.035
58   74   0.028
58   76   0.258
58   77   0.016
58   78   0.109
59   61   0.049
59   63   0.094
59   64   0.021
59   69   0.056
59   73   0.053
59   77   0.175
59   78   0.198
59   83   0.229
60   62   0.035
60   66   0.105
60   67   0.083
60   68   0.047
60   74   0.014
60   75   0.078
60   76   0.221
60   78   0.05
60   80   0.161
60   81   0.011
60   83   0.2
61   63   0.15
61   64   0.029
61   69   0.1
61   73   0.008
61   77   0.103
61   78   0.112
61   83   0.146
62   74   0.189
62   75   0.15
62   76   0.066
62   80   0.015
62   83   0.012
63   66   0.155
63   68   0.022
63   72   0.056
63   75   0.038
63   77   0.111
63   78   0.023
63   79   0.035
63   81   0.008
63   83   0.073
64   69   0.018
64   71   0.086
64   73   0.105
64   76   0.278
64   77   0.013
65   70   0.057
65   71   0.066
65   72   0.045
65   73   0.008
65   76   0.078
65   77   0.168
66   67   0.1
66   68   0.095
66   70   0.037
66   72   0.035
66   75   0.012
66   76   0.087
66   77   0.146
66   79   0.096
66   83   0.08
67   68   0.029
67   72   0.144
67   75   0.029
67   76   0.128
67   79   0.012
67   80   0.09
67   83   0.152
68   72   0.153
68   75   0.131
68   76   0.003
68   79   0.075
68   83   0.164
69   73   0.025
69   77   0.103
70   71   0.122
70   72   0.021
70   76   0.206
70   77   0.009
70   78   0.1
70   79   0.154
70   82   0.068
70   83   0.001
71   72   0.09
71   73   0.155
71   74   0.024
71   76   0.154
71   77   0.114
72   76   0.071
72   77   0.051
72   79   0.057
72   83   0.062
73   74   0.17
73   76   0.023
73   77   0.04
73   78   0.092
73   79   0.097
73   82   0.02
73   83   0.125
74   75   0.162
74   76   0.03
74   80   0.063
75   76   0.08
75   79   0.028
75   80   0.037
75   83   0.003
76   77   0.006
76   80   0.122
76   83   0.022
77   78   0.186
77   79   0.074
77   82   0.049
77   83   0.127
78   79   0.064
78   81   0.018
78   82   0.028
78   83   0.049
79   82   0.171
79   83   0.02
80   83   0.085
81   83   0.104
82   83   0.001
