1   7   0.035
1   8   0.173
1   10   0.085
1   14   0.088
1   17   0.108
1   21   0.127
1   23   0.128
1   29   0.019
1   30   0.061
1   34   0.159
2   9   0.091
2   13   0.061
2   17   0.185
2   22   0.1
2   24   0.134
2   26   0.183
2   27   0.017
2   36   0.122
2   37   0.151
2   38   0.137
2   44   0.036
2   51   0.137
2   52   0.099
2   62   0.121
2   74   0.183
2   75   0.116
2   76   0.115
3   6   0.127
3   7   0.093
3   8   0.142
3   14   0.105
3   17   0.094
3   19   0.192
3   21   0.076
3   23   0.091
3   24   0.095
3   26   0.137
3   27   0.133
3   28   0.1
3   29   0.093
3   30   0.128
3   34   0.174
3   36   0.104
3   37   0.204
3   38   0.134
3   39   0.13
3   40   0.134
3   43   0.147
3   44   0.21
3   45   0.178
3   51   0.212
3   52   0.158
3   65   0.162
3   66   0.12
3   72   0.186
3   73   0.088
3   75   0.16
3   76   0.145
3   77   0.08
4   6   0.013
4   7   0.045
4   8   0.112
4   9   0.099
4   10   0.019
4   12   0.005
4   14   0.064
4   15   0.049
4   20   0.019
4   24   0.093
4   28   0.044
4   34   0.001
4   36   0.128
4   38   0.101
4   40   0.178
4   47   0.094
4   53   0.083
4   58   0.114
4   61   0.295
4   73   0.163
4   77   0.17
5   6   0.167
5   15   0.096
5   32   0.063
5   40   0.171
5   41   0.127
6   7   0.04
6   8   0.081
6   9   0.143
6   12   0.016
6   14   0.027
6   15   0.087
6   20   0.041
6   23   0.132
6   24   0.069
6   28   0.002
6   29   0.065
6   30   0.166
6   34   0.082
6   36   0.013
6   38   0.069
6   40   0.116
6   41   0.008
6   73   0.122
6   77   0.156
7   8   0.109
7   9   0.137
7   10   0.04
7   12   0.04
7   14   0.106
7   15   0.045
7   17   0.102
7   20   0.077
7   21   0.109
7   23   0.118
7   24   0.144
7   26   0.103
7   27   0.053
7   28   0.038
7   29   0.157
7   30   0.084
7   33   0.085
7   34   0.116
7   35   0.132
7   36   0.116
7   38   0.148
7   39   0.131
7   40   0.142
7   43   0.066
7   58   0.067
7   59   0.075
7   73   0.175
7   76   0.065
7   77   0.223
8   10   0.058
8   12   0.147
8   14   0.101
8   15   0.119
8   17   0.087
8   19   0.105
8   20   0.108
8   21   0.118
8   23   0.134
8   24   0.159
8   26   0.155
8   27   0.106
8   28   0.106
8   29   0.081
8   30   0.123
8   34   0.022
8   36   0.035
8   38   0.07
8   40   0.168
8   41   0.031
8   73   0.072
8   77   0.162
9   10   0.154
9   12   0.091
9   14   0.143
9   15   0.058
9   20   0.016
9   22   0.01
9   24   0.126
9   25   0.106
9   26   0.185
9   27   0.057
9   28   0.113
9   29   0.183
9   30   0.172
9   34   0.237
9   36   0.106
9   37   0.137
9   38   0.195
9   40   0.037
9   43   0.083
9   45   0.09
9   47   0.07
9   53   0.144
9   56   0.105
9   58   0.015
9   59   0.061
9   61   0.041
9   69   0.006
9   73   0.092
9   76   0.108
9   77   0.125
9   78   0.094
10   12   0.019
10   14   0.061
10   15   0.009
10   20   0.056
10   24   0.116
10   28   0.048
10   29   0.045
10   30   0.047
10   34   0.08
10   35   0.101
10   36   0.048
10   38   0.068
10   40   0.093
10   41   0.077
10   43   0.015
10   53   0.148
10   56   0.122
10   58   0.158
10   73   0.174
10   77   0.135
11   13   0.084
11   17   0.105
11   18   0.078
11   19   0.113
11   25   0.114
11   26   0.187
11   27   0.157
11   34   0.134
11   36   0.001
11   37   0.031
11   38   0.08
11   62   0.251
11   75   0.168
11   76   0.199
12   14   0.082
12   15   0.048
12   20   0.025
12   24   0.052
12   28   0.048
12   29   0.08
12   34   0.132
12   36   0.06
12   38   0.076
12   40   0.018
12   41   0.167
12   53   0.054
12   59   0.082
12   73   0.131
12   77   0.175
13   22   0.01
13   25   0.039
13   26   0.032
13   27   0.088
13   31   0.006
13   34   0.011
13   37   0.065
13   38   0.014
13   44   0.047
13   62   0.196
13   74   0.104
13   75   0.159
13   76   0.159
14   17   0.097
14   19   0.097
14   20   0.08
14   21   0.122
14   23   0.138
14   24   0.161
14   26   0.124
14   27   0.094
14   28   0.121
14   29   0.016
14   30   0.139
14   33   0.008
14   34   0.021
14   36   0.035
14   38   0.06
14   40   0.06
14   41   0.026
14   73   0.133
14   77   0.164
15   20   0.082
15   22   0.1
15   24   0.036
15   27   0.1
15   28   0.087
15   36   0.036
15   40   0.113
15   73   0.142
15   77   0.125
16   22   0.078
16   23   0.132
16   24   0.047
16   27   0.027
16   28   0.014
16   34   0.124
16   36   0.088
16   37   0.079
16   38   0.128
16   39   0.006
16   40   0.095
16   45   0.094
16   52   0.119
16   65   0.084
16   70   0.11
16   71   0.109
16   72   0.133
16   73   0.101
16   76   0.147
16   77   0.125
17   18   0.11
17   19   0.036
17   21   0.092
17   23   0.017
17   24   0.068
17   26   0.164
17   27   0.084
17   28   0.054
17   29   0.056
17   30   0.079
17   33   0.03
17   34   0.075
17   36   0.149
17   37   0.206
17   38   0.121
17   39   0.123
17   51   0.163
17   52   0.141
17   72   0.16
17   75   0.168
17   76   0.144
18   19   0.008
18   23   0.093
18   26   0.106
18   27   0.208
18   34   0.156
18   36   0.177
18   37   0.193
18   38   0.174
18   75   0.159
18   76   0.2
19   23   0.127
19   26   0.16
19   27   0.171
19   29   0.085
19   30   0.08
19   34   0.052
19   36   0.196
19   37   0.241
19   38   0.129
19   39   0.109
19   51   0.296
19   75   0.224
19   76   0.202
20   24   0.104
20   28   0.025
20   29   0.102
20   34   0.103
20   36   0.122
20   38   0.088
20   40   0.011
20   53   0.061
20   58   0.107
20   61   0.092
20   73   0.113
20   77   0.081
21   22   0.035
21   23   0.056
21   24   0.013
21   26   0.137
21   27   0.038
21   28   0.009
21   29   0.084
21   30   0.023
21   33   0.053
21   34   0.095
21   35   0.036
21   36   0.041
21   37   0.173
21   38   0.059
21   39   0.067
21   40   0.05
21   43   0.032
21   45   0.075
21   65   0.071
21   70   0.077
21   71   0.079
21   72   0.095
21   73   0.089
21   76   0.068
21   77   0.06
21   78   0.031
21   79   0.133
21   84   0.039
22   23   0.056
22   24   0.11
22   25   0.097
22   27   0.077
22   28   0.061
22   36   0.133
22   37   0.081
22   38   0.123
22   43   0.113
22   52   0.156
22   65   0.078
22   70   0.099
22   71   0.087
22   72   0.053
22   73   0.103
22   75   0.128
22   76   0.085
22   77   0.084
23   24   0.032
23   26   0.172
23   27   0.006
23   28   0.095
23   29   0.143
23   30   0.16
23   33   0.075
23   34   0.198
23   35   0.115
23   36   0.088
23   37   0.137
23   38   0.113
23   39   0.157
23   40   0.121
23   43   0.065
23   45   0.121
23   46   0.081
23   52   0.149
23   65   0.1
23   70   0.136
23   71   0.027
23   72   0.142
23   73   0.117
23   76   0.119
23   77   0.111
23   84   0.176
24   25   0.13
24   26   0.121
24   27   0.084
24   28   0.026
24   29   0.156
24   30   0.121
24   33   0.154
24   34   0.099
24   36   0.116
24   37   0.111
24   38   0.175
24   39   0.16
24   40   0.217
24   43   0.138
24   45   0.122
24   47   0.167
24   51   0.159
24   52   0.09
24   53   0.148
24   55   0.123
24   56   0.175
24   58   0.105
24   59   0.169
24   61   0.153
24   63   0.154
24   65   0.1
24   70   0.125
24   71   0.106
24   72   0.155
24   73   0.15
24   76   0.121
24   77   0.175
24   78   0.073
24   79   0.105
24   83   0.114
24   84   0.127
25   26   0.189
25   27   0.031
25   31   0.061
25   37   0.042
25   38   0.173
25   44   0.04
25   45   0.126
25   51   0.138
25   62   0.163
25   74   0.124
25   75   0.143
25   76   0.114
26   27   0.165
26   28   0.109
26   29   0.094
26   30   0.114
26   31   0.033
26   34   0.203
26   36   0.252
26   37   0.252
26   38   0.185
26   39   0.131
26   43   0.206
26   44   0.193
26   45   0.196
26   46   0.02
26   51   0.199
26   52   0.198
26   60   0.214
26   62   0.198
26   66   0.153
26   67   0.199
26   68   0.22
26   71   0.142
26   72   0.09
26   73   0.132
26   74   0.194
26   75   0.185
26   76   0.184
26   80   0.167
26   83   0.21
26   84   0.249
27   28   0.098
27   29   0.075
27   30   0.096
27   31   0.058
27   34   0.141
27   35   0.142
27   36   0.032
27   37   0.137
27   38   0.073
27   39   0.124
27   40   0.184
27   43   0.13
27   44   0.158
27   45   0.102
27   46   0.111
27   51   0.173
27   52   0.116
27   56   0.052
27   58   0.16
27   60   0.119
27   62   0.161
27   65   0.07
27   66   0.112
27   67   0.145
27   68   0.123
27   70   0.082
27   71   0.084
27   72   0.088
27   73   0.076
27   74   0.129
27   75   0.115
27   76   0.134
27   77   0.054
27   79   0.088
27   80   0.12
27   83   0.086
27   84   0.153
28   29   0.105
28   30   0.084
28   33   0.128
28   34   0.173
28   35   0.155
28   36   0.109
28   37   0.108
28   38   0.149
28   39   0.13
28   40   0.175
28   41   0.17
28   43   0.113
28   45   0.152
28   47   0.172
28   52   0.098
28   53   0.145
28   55   0.196
28   56   0.154
28   57   0.136
28   58   0.11
28   59   0.12
28   61   0.141
28   63   0.127
28   65   0.138
28   69   0.064
28   70   0.114
28   71   0.124
28   72   0.187
28   73   0.158
28   76   0.15
28   77   0.178
28   78   0.106
28   79   0.103
28   83   0.205
28   84   0.162
29   30   0.043
29   32   0.078
29   33   0.014
29   34   0.079
29   36   0.05
29   38   0.098
29   40   0.084
29   43   0.115
29   73   0.115
29   77   0.16
30   33   0.007
30   34   0.098
30   36   0.106
30   38   0.09
30   39   0.091
30   40   0.112
30   76   0.135
31   37   0.123
31   38   0.091
31   62   0.178
31   75   0.084
31   76   0.112
31   80   0.12
32   34   0.034
32   36   0.086
32   41   0.048
33   34   0.004
33   38   0.022
34   36   0.076
34   37   0.165
34   38   0.149
34   39   0.021
34   40   0.181
34   41   0.022
34   43   0.078
34   73   0.16
34   75   0.22
34   76   0.251
34   77   0.176
35   36   0.079
35   37   0.126
35   38   0.15
35   39   0.155
35   41   0.158
35   43   0.069
35   44   0.11
35   46   0.004
35   72   0.081
35   76   0.046
35   77   0.065
35   84   0.166
36   37   0.057
36   38   0.028
36   39   0.1
36   40   0.008
36   41   0.127
36   43   0.144
36   44   0.167
36   45   0.158
36   46   0.139
36   47   0.151
36   51   0.151
36   52   0.168
36   56   0.179
36   58   0.051
36   65   0.037
36   70   0.095
36   71   0.097
36   72   0.148
36   73   0.11
36   75   0.127
36   76   0.138
36   77   0.108
36   83   0.04
36   84   0.084
37   38   0.178
37   39   0.111
37   40   0.149
37   43   0.059
37   44   0.099
37   45   0.207
37   51   0.181
37   52   0.145
37   62   0.142
37   65   0.008
37   72   0.14
37   74   0.153
37   75   0.156
37   76   0.219
37   80   0.149
37   84   0.174
38   39   0.051
38   40   0.162
38   41   0.073
38   43   0.085
38   44   0.206
38   45   0.154
38   46   0.045
38   51   0.216
38   52   0.164
38   56   0.136
38   62   0.177
38   71   0.101
38   72   0.173
38   73   0.157
38   75   0.137
38   76   0.189
38   77   0.175
38   83   0.054
38   84   0.122
39   40   0.212
39   43   0.02
39   72   0.211
39   73   0.127
39   75   0.176
39   76   0.159
39   84   0.188
40   41   0.166
40   43   0.062
40   47   0.021
40   58   0.096
40   59   0.109
40   61   0.072
40   73   0.134
40   77   0.147
43   44   0.14
43   45   0.112
43   46   0.076
43   47   0.039
43   48   0.104
43   51   0.011
43   52   0.114
43   53   0.065
43   55   0.023
43   56   0.099
43   57   0.026
43   58   0.068
43   59   0.009
43   61   0.075
43   63   0.041
43   64   0.033
43   65   0.131
43   66   0.153
43   67   0.192
43   68   0.211
43   69   0.104
43   70   0.132
43   71   0.03
43   72   0.153
43   73   0.09
43   75   0.187
43   76   0.093
43   77   0.084
43   78   0.007
43   79   0.13
43   83   0.027
43   84   0.084
44   45   0.039
44   46   0.003
44   47   0.061
44   49   0.106
44   51   0.022
44   52   0.134
44   56   0.124
44   60   0.064
44   62   0.038
44   65   0.177
44   66   0.079
44   67   0.212
44   68   0.212
44   70   0.195
44   71   0.125
44   72   0.178
44   73   0.109
44   75   0.109
44   76   0.131
44   77   0.156
44   80   0.025
44   83   0.047
44   84   0.126
45   46   0.1
45   47   0.138
45   48   0.03
45   49   0.05
45   50   0.118
45   51   0.072
45   52   0.066
45   53   0.081
45   55   0.068
45   56   0.115
45   57   0.095
45   58   0.149
45   59   0.047
45   60   0.135
45   61   0.116
45   62   0.108
45   63   0.124
45   65   0.1
45   66   0.07
45   67   0.206
45   68   0.167
45   69   0.105
45   70   0.025
45   71   0.072
45   72   0.086
45   73   0.103
45   74   0.122
45   75   0.147
45   76   0.124
45   77   0.061
45   78   0.122
45   79   0.05
45   80   0.103
45   82   0.015
45   83   0.006
45   84   0.049
46   47   0.049
46   48   0.028
46   52   0.045
46   56   0.052
46   63   0.08
46   65   0.016
46   66   0.146
46   67   0.121
46   68   0.061
46   70   0.041
46   72   0.016
46   73   0.084
46   75   0.076
46   76   0.056
46   77   0.032
46   79   0.002
46   83   0.046
46   84   0.037
47   48   0.294
47   52   0.115
47   53   0.042
47   54   0.066
47   55   0.003
47   56   0.186
47   57   0.051
47   58   0.047
47   59   0.054
47   61   0.004
47   63   0.084
47   64   0.013
47   69   0.04
47   71   0.17
47   72   0.108
47   73   0.141
47   76   0.162
47   77   0.15
47   78   0.055
47   79   0.136
47   81   0.031
47   83   0.105
47   84   0.058
48   54   0.072
48   55   0.005
48   57   0.039
48   59   0.11
48   61   0.068
48   63   0.059
48   73   0.136
48   77   0.197
48   81   0.033
48   83   0.05
49   60   0.063
50   56   0.028
50   57   0.078
50   59   0.036
50   63   0.017
50   75   0.093
50   77   0.09
50   78   0.057
50   79   0.104
50   83   0.065
51   58   0.153
51   68   0.021
51   71   0.101
51   73   0.19
51   74   0.027
51   75   0.033
51   76   0.037
52   56   0.045
52   59   0.053
52   66   0.006
52   68   0.105
52   70   0.076
52   72   0.018
52   73   0.034
52   75   0.036
52   76   0.028
52   77   0.008
52   79   0.09
52   83   0.046
52   84   0.156
53   55   0.069
53   56   0.19
53   57   0.063
53   58   0.138
53   59   0.023
53   61   0.057
53   63   0.086
53   69   0.049
53   73   0.188
53   77   0.118
53   78   0.001
53   83   0.054
54   55   0.074
54   64   0.164
55   56   0.041
55   57   0.058
55   58   0.047
55   59   0.005
55   63   0.009
55   64   0.078
55   69   0.087
55   73   0.126
55   77   0.058
55   78   0.034
55   83   0.059
56   57   0.148
56   58   0.173
56   59   0.035
56   61   0.063
56   63   0.013
56   66   0.091
56   68   0.117
56   69   0.025
56   70   0.017
56   72   0.056
56   73   0.113
56   75   0.05
56   76   0.118
56   77   0.039
56   79   0.004
56   82   0.113
56   83   0.092
57   59   0.187
57   61   0.106
57   63   0.042
57   64   0.128
57   66   0.197
57   69   0.147
57   70   0.066
57   72   0.154
57   73   0.173
57   75   0.125
57   76   0.099
57   77   0.131
57   78   0.062
57   79   0.166
57   83   0.001
58   59   0.111
58   61   0.06
58   63   0.068
58   64   0.126
58   69   0.031
58   71   0.018
58   73   0.129
58   74   0.07
58   76   0.104
58   77   0.144
58   78   0.068
58   83   0.091
59   61   0.072
59   63   0.018
59   64   0.095
59   69   0.08
59   73   0.124
59   77   0.053
59   78   0.004
59   83   0.045
60   62   0.034
60   63   0.034
60   66   0.074
60   67   0.099
60   68   0.044
60   75   0.074
60   76   0.314
60   83   0.017
61   63   0.097
61   64   0.196
61   69   0.023
61   73   0.092
61   77   0.083
61   78   0.009
61   83   0.073
62   74   0.117
62   75   0.085
62   76   0.097
62   83   0.024
63   66   0.147
63   68   0.108
63   69   0.118
63   70   0.079
63   72   0.113
63   73   0.117
63   75   0.098
63   76   0.111
63   77   0.065
63   78   0.082
63   79   0.121
63   83   0.078
64   69   0.081
64   71   0.036
64   73   0.106
64   76   0.083
64   77   0.108
65   70   0.082
65   71   0.047
65   72   0.076
65   73   0.027
65   76   0.096
65   77   0.041
65   79   0.2
65   83   0.075
65   84   0.166
66   67   0.141
66   68   0.023
66   70   0.072
66   72   0.025
66   73   0.036
66   75   0.02
66   76   0.051
66   77   0.004
66   78   0.018
66   79   0.082
66   83   0.012
67   68   0.083
67   72   0.067
67   75   0.051
67   76   0.126
67   79   0.098
67   83   0.058
68   70   0.12
68   72   0.102
68   75   0.04
68   76   0.095
68   77   0.024
68   79   0.084
68   83   0.045
69   73   0.063
69   77   0.063
69   78   0.049
69   83   0.105
70   71   0.126
70   72   0.014
70   73   0.1
70   75   0.015
70   76   0.097
70   77   0.013
70   78   0.057
70   79   0.027
70   82   0.074
70   83   0.005
70   84   0.062
71   72   0.034
71   73   0.104
71   74   0.112
71   76   0.085
71   77   0.03
72   73   0.052
72   75   0.005
72   76   0.023
72   77   0.095
72   78   0.104
72   79   0.06
72   83   0.042
72   84   0.14
73   74   0.077
73   76   0.116
73   77   0.144
73   78   0.065
73   79   0.15
73   83   0.071
73   84   0.145
74   75   0.001
74   76   0.065
75   76   0.029
75   77   0.062
75   78   0.045
75   79   0.049
75   80   0.027
75   83   0.096
75   84   0.213
76   77   0.066
76   78   0.068
76   79   0.082
76   80   0.043
76   83   0.09
76   84   0.116
77   78   0.033
77   79   0.032
77   82   0.004
77   83   0.007
77   84   0.111
78   79   0.092
78   81   0.039
78   82   0.026
78   83   0.056
79   82   0.028
79   83   0.039
81   83   0.053
82   83   0.008
