1   7   0.0626558231647411
1   8   0.20204867494575907
1   14   0.15145764906969347
1   17   0.1568067698001005
1   23   0.15898107233915515
1   29   0.08653266411811811
1   30   0.08505647025975066
2   9   0.11406575022025135
2   13   0.07291941192291669
2   17   0.1086742854561028
2   22   0.1073645220944284
2   24   0.1432624164911581
2   25   0.023011481943239917
2   26   0.10792251058372536
2   27   0.021797481869350436
2   31   0.04328759746190476
2   36   0.06786368884709526
2   37   0.09675135915963223
2   38   0.034173135390253226
2   42   0.0788269117621425
2   51   0.13762054739591087
2   62   0.11659711839653342
2   75   0.10610058215638277
2   76   0.11295234980728615
2   80   0.14339674046194445
3   7   0.09599329146493665
3   8   0.10502525899475794
3   14   0.10047459609880018
3   17   0.10926793678901944
3   19   0.20228155688959648
3   21   0.11371118026936282
3   23   0.14731862203575574
3   26   0.10570727245213565
3   27   0.11082008701164657
3   28   0.12474491093378537
3   30   0.15531541532030058
3   34   0.1371268860800443
3   36   0.12479214138804905
3   37   0.21405126873645838
3   38   0.0937617219588441
3   39   0.1710976172936571
3   51   0.163138905812007
3   52   0.15008298922520139
3   76   0.14085890126411238
4   9   0.0868036891511686
4   10   0.0019284856530322613
4   12   0.012180045775451483
4   15   0.019340275916767142
4   20   0.019383861158889005
4   24   0.14136910501970285
4   28   0.04886454472964696
5   6   0.13428196487783123
5   9   0.10547790394129249
5   12   0.06837579969758943
5   15   0.08113371931006604
5   24   0.12415467170905575
5   32   0.08897992849784034
5   34   0.09353689350395174
5   36   0.07011026520216727
5   40   0.17410715840857488
5   41   0.1209164409867347
6   7   0.039713178038917975
6   8   0.08440467822596348
6   10   0.07047077248256158
6   12   0.004346428310761738
6   14   0.08374344965514566
6   15   0.02301661613724978
6   20   0.0310960125926195
6   28   0.03689404594652245
6   32   0.005613412944344309
6   36   0.039264646272237726
6   40   0.10524302541765078
6   41   0.026140715004123426
7   8   0.11619804907351844
7   9   0.16431903539733334
7   10   0.07808371231100661
7   14   0.12397923790949607
7   15   0.06901847698437709
7   17   0.09087885350362407
7   21   0.12376319975990281
7   23   0.1082935303370303
7   24   0.11397778570068824
7   28   0.044419841638535996
7   29   0.15162029794484894
7   30   0.16006444476633586
7   33   0.09551152120919891
7   34   0.1328363999584003
7   36   0.12065759859603253
7   38   0.1697898277414092
7   39   0.14239521495901075
7   40   0.143552920415203
7   41   0.07371566137655056
8   10   0.0479600612877035
8   12   0.1695339175472784
8   14   0.16642493685554166
8   15   0.08914701638158154
8   17   0.07761516932804897
8   23   0.13492110060663234
8   26   0.1345802179686536
8   28   0.11143665594262171
8   29   0.09418588313875358
8   30   0.12294053474857944
8   32   0.0014342326536089986
8   36   0.054609549714856084
8   40   0.16936407573564202
8   41   0.00016283976708143628
9   10   0.1590847909325308
9   12   0.07029162059518407
9   15   0.012040478800528451
9   20   0.046430928195606826
9   22   0.022041820572097713
9   24   0.12053712349682348
9   25   0.0773311592688362
9   27   0.0528438933721972
9   28   0.13088163354138957
9   36   0.08848808721472874
9   40   0.07928200397969626
9   42   0.06767866682316666
9   58   0.10349863905550857
9   73   0.0764772767739406
9   77   0.09894916003788337
10   12   0.03254746172613056
10   14   0.014613636823545337
10   15   0.004666471221828028
10   20   0.011945315756775654
10   24   0.1219411862761296
10   28   0.014227661624561076
10   29   0.08776085934654257
10   34   0.11521993749335954
10   36   0.07069738578366208
10   38   0.1066466929414068
10   40   0.12040402772220629
10   41   0.12173456502809588
11   13   0.038860401593692015
11   17   0.12571513362118214
11   18   0.15881954894018968
11   19   0.10250129555201053
11   25   0.15663941782118407
11   26   0.19306693921434018
11   27   0.16158640999346102
11   31   0.07905721337976471
11   34   0.16803781288630842
11   37   0.10346212672669367
11   38   0.10618916080101022
11   42   0.0665796714238704
11   49   0.063586023351469
11   62   0.22393526598694813
11   76   0.21060858915753644
11   80   0.008494400344097602
12   14   0.12158027233383908
12   15   0.0631312363038066
12   20   0.020931695954627415
12   24   0.03708014874782714
12   28   0.0462677067348543
12   36   0.06806141932800107
12   40   0.05922610827800571
12   41   0.1887521378614726
13   25   0.03437127853989369
13   26   0.024577541202701583
13   27   0.05467585670185913
13   31   0.03700184172189526
13   32   0.01350966161230546
13   34   0.07171211996635064
13   36   0.037167156884169064
13   37   0.06814501257434087
13   38   0.05441692627903335
13   41   0.012764005345645537
13   42   0.027670525924991085
13   44   0.011012647546581112
13   49   0.08018758522055561
13   60   0.05111156609916698
13   62   0.15414159843891878
13   74   0.05740815727203562
13   75   0.13205362173962215
13   76   0.14495933884836334
13   80   0.011653500576108798
14   17   0.09978872079654692
14   23   0.1438279841752707
14   26   0.08916045304036233
14   28   0.13601159182295666
14   29   0.05843240777531087
14   30   0.14412317456961243
14   32   0.21827946389311306
14   34   0.05260887506406811
14   36   0.06528455210642518
14   40   0.11904791007708965
14   41   0.06681402378459729
15   20   0.08835020898613628
15   24   0.013127908454841573
15   27   0.05988294027686366
15   28   0.09381635044554439
15   32   0.09195608481359786
15   36   0.02717559869071403
15   40   0.09116722834520391
16   21   0.003203518168232953
16   22   0.046304652316683334
16   23   0.10473037024421117
16   24   0.0061904212396605264
16   27   0.055401966432064784
16   28   0.10404706341372501
16   36   0.03286740450196728
16   37   0.030309783298869714
16   38   0.09980348511962407
16   39   0.03181636013380438
16   65   0.08769117483318628
16   70   0.06260045076625469
16   71   0.09276855889992659
16   72   0.09510813276721909
16   76   0.09701624134610588
17   18   0.1165072581168567
17   19   0.019031182025215344
17   21   0.10794255254883492
17   23   0.06873236725765568
17   26   0.1390876277851347
17   27   0.0738431047001193
17   29   0.10380520625845964
17   30   0.13901804189530437
17   33   0.07751098617564585
17   34   0.09598131539440366
17   36   0.14650091041492921
17   37   0.14445814519260355
17   38   0.12619171042246963
17   39   0.19666136142561225
17   76   0.11663239858460116
18   19   0.035802627530992275
18   26   0.08164288433556265
18   27   0.17100383494974844
18   31   0.06678387594843903
18   34   0.1464170209696117
18   36   0.17743016871392206
18   37   0.15156599422342268
18   38   0.18866467016198799
18   75   0.13549381540325545
18   76   0.19754371917209687
18   80   0.02385488153158237
19   23   0.1317338410167265
19   26   0.15482840801055472
19   27   0.13916748655474415
19   34   0.06017911578512247
19   36   0.15495578676334834
19   37   0.19355988443383804
19   38   0.11990366541113749
19   75   0.18796034303173934
19   76   0.18923742668307025
20   24   0.04782932935595638
20   28   0.02760885204531624
20   40   0.011306231627665775
21   22   0.06533180149467771
21   23   0.13061640130064403
21   27   0.06733536923232368
21   28   0.004740443572061523
21   29   0.1599389629645294
21   30   0.0558008544126704
21   33   0.07787741381107578
21   34   0.11017866020997837
21   36   0.06380664156293434
21   37   0.18166883696726865
21   38   0.11270433569419903
21   39   0.13868228238197364
21   40   0.10387222142538037
21   65   0.06982757427646419
22   23   0.06443440587232022
22   24   0.12353301380403556
22   25   0.08644669743340681
22   27   0.02554764321412279
22   28   0.03700076200124353
22   36   0.14122513443302298
22   38   0.09830899409030318
22   42   0.03778693279918207
22   65   0.1182471771198051
22   71   0.08090622691799042
22   72   0.03398000300525143
22   73   0.15343241136508504
22   76   0.043385233262470284
23   26   0.18738200153668463
23   27   0.048338843073415516
23   28   0.13243169389526363
23   29   0.19766201837378114
23   30   0.21113813966665426
23   33   0.11116723263718163
23   34   0.18724898518139377
23   36   0.0725778169044054
23   37   0.15710960188805917
23   38   0.14646696307826404
23   39   0.16198257132760474
23   40   0.12649102319739533
23   65   0.09045622227078869
23   71   0.04746189304217385
23   72   0.11798241872431095
23   76   0.10951683972194624
24   25   0.10708865183513833
24   27   0.07337553388706278
24   28   0.02455551985350235
24   29   0.15229992096888978
24   33   0.11768972138150434
24   36   0.11208452662066849
24   38   0.16805825774787017
24   39   0.16814868075126196
24   40   0.1626041511118036
24   43   0.12180476682334955
24   47   0.10853468033384892
24   58   0.05542936988820388
24   65   0.08581807927031408
24   71   0.07031564522592645
24   73   0.14929633215561677
24   77   0.1544666180673112
25   26   0.10995694729842936
25   27   0.02262483086879388
25   31   0.045513857841131176
25   37   0.020886591529598816
25   38   0.22014602023363825
25   42   0.017027310682218653
25   49   0.0029257399648854703
25   62   0.1184640233594309
25   74   0.09277096896442506
25   75   0.1163540323432338
25   76   0.11534873404831059
25   80   0.03651704629924729
26   27   0.11373547120768612
26   31   0.008646303365231612
26   34   0.14658666895970704
26   36   0.1800041962310917
26   37   0.15635631916224316
26   38   0.14606356568108672
26   39   0.15465497928936214
26   42   0.07232424842386766
26   44   0.17614588104807732
26   51   0.17239801421038428
26   62   0.16464960853434255
26   67   0.18236724936823562
26   68   0.18406412002244418
26   74   0.14914292508946
26   75   0.1598379763536036
26   76   0.17367478333850067
26   80   0.1633513125095437
27   28   0.09648359734671644
27   31   0.007800268319153065
27   34   0.0899620575776707
27   36   0.020242052283536927
27   37   0.09088195896005466
27   38   0.0369886111945342
27   39   0.1381775350387155
27   40   0.13906758574899813
27   42   0.10916121817557894
27   43   0.13438404504821852
27   44   0.1594178744539644
27   45   0.10732338709711903
27   46   0.12874640238028545
27   51   0.10221356218806259
27   52   0.09781298680009856
27   62   0.12554136553975914
27   65   0.10907354242136282
27   66   0.11934043187177441
27   67   0.110109680267587
27   68   0.1285185130112678
27   71   0.0537554343087476
27   72   0.08075613783347649
27   74   0.1030565095120877
27   75   0.11760248275019873
27   76   0.10995398639254221
27   80   0.11152515809523912
28   29   0.1074488755807427
28   30   0.11538106517714986
28   33   0.11353881321729216
28   34   0.1587597184941954
28   36   0.11800816133117309
28   38   0.16113624376944222
28   39   0.16403633043936997
28   40   0.1818712898916113
28   41   0.21940150661223223
28   43   0.09165970346844164
28   58   0.11063866906708296
28   73   0.15866587713985358
28   77   0.1525486318586606
29   30   0.1280418905900095
29   32   0.07848713202172779
29   33   0.027654317436040812
29   34   0.16050927295099465
29   36   0.05991443343871815
29   38   0.1705302135238289
29   40   0.1179959692029925
29   41   0.15935953526384977
30   33   0.03218881474478238
30   34   0.15464218036202115
30   36   0.1655374875336011
30   38   0.129485471292189
30   39   0.1653737318601991
31   34   0.10483154896546305
31   37   0.12178684580393587
31   38   0.11371276633614334
31   42   0.012916338466122685
31   44   0.0939115228393996
31   60   0.06606875853797076
31   62   0.16059672946116904
31   74   0.007112324115007426
31   75   0.10788452971313192
31   76   0.1375240058814603
31   80   0.13033921110262314
32   34   0.10844794976353281
32   36   0.13387972721053373
32   40   0.14307082422376122
32   41   0.05304789063132372
33   34   0.05479949550393553
33   38   0.06386907501264642
34   36   0.023125640994195163
34   37   0.11515982168380443
34   38   0.17080720935562865
34   40   0.12875028961355495
34   41   0.03114024910173382
34   42   0.12359599262328001
35   36   0.07155100977163892
35   39   0.18785432062302557
35   43   0.035538277713539325
35   46   0.003056785965887047
35   84   0.15586371062179288
36   37   0.0056699952253757265
36   38   0.062054703208177034
36   39   0.11481521688596068
36   40   0.022269260775328037
36   41   0.19138726863665798
36   42   0.03088593539113432
36   43   0.16443375981086739
36   73   0.13163234769830928
36   76   0.1089381553109607
36   77   0.10602174148405806
36   84   0.08034087589589024
37   38   0.14596982868354585
37   39   0.17241405411003946
37   40   0.07942427385478876
37   42   0.07962288173020647
37   49   0.042376017424595104
37   62   0.11288867272767064
37   75   0.13161578763312876
37   76   0.16949872644772715
37   80   0.1044035115681884
38   39   0.062413446951549274
38   40   0.1404081036960331
38   41   0.010070922149519278
38   42   0.024171012083986053
38   76   0.14115409554557232
39   40   0.24873032963847025
39   41   0.07253488468908532
39   76   0.20059972164969775
39   84   0.2626662891361737
40   41   0.13212797999569287
40   73   0.10584130514797319
40   77   0.11789804464667107
42   44   0.015626749001947722
42   45   0.15265467017889006
42   49   0.023296752332493665
42   60   0.007029400277112524
42   62   0.07210348102372464
42   74   0.08581265867435828
43   44   0.11134106451225421
43   45   0.11366699981303985
43   46   0.08633349282413032
43   47   0.017483111433947394
43   48   0.09264826108979039
43   49   0.03821438485455751
43   51   0.07754241635909426
43   52   0.11883553961589087
43   55   0.0385052118686134
43   56   0.11752750576372273
43   57   0.037116255105746745
43   58   0.12252134753488345
43   59   0.03170152743697936
43   61   0.11252612437944025
43   63   0.04431255953121748
43   64   0.05322734469042455
43   65   0.11433319147373226
43   66   0.1568116508678722
43   67   0.1787515740578153
43   68   0.18832199094131313
43   70   0.13710781166646294
43   71   0.07704585126084319
43   72   0.14608414746629103
43   73   0.08550654513022131
43   75   0.14772968627879424
43   76   0.07286954128187899
43   77   0.08537028750613046
43   78   0.016740725473706777
43   79   0.16539719535827133
43   80   0.11070634889048597
43   81   0.008568356705722764
43   83   0.015247752680195775
43   84   0.10173376421471668
44   45   0.025681840500013653
44   46   0.005764880832255401
44   49   0.1508056510011391
44   51   0.01695849894905141
44   52   0.12542427976344162
44   60   0.05119226494854823
44   62   0.00991351692273071
44   65   0.14921437564499396
44   66   0.07242317721250857
44   67   0.17370313042351518
44   68   0.1618776617006389
44   70   0.17629709750196446
44   72   0.14068738970064443
44   74   0.08397104896362538
44   75   0.04920880910489909
44   76   0.05927161083111245
44   80   0.012240763861551833
44   84   0.1186221720476933
45   46   0.11494663440368875
45   47   0.10016879375870671
45   48   0.033091765731341594
45   49   0.03397039514449474
45   51   0.07967241267180578
45   52   0.0746945340699349
45   56   0.15030995616650503
45   59   0.08965981620341146
45   60   0.13399123793786902
45   62   0.024170134852905555
45   63   0.11844664262174405
45   65   0.07244875134732884
45   66   0.07555381253873339
45   67   0.18439306898175598
45   68   0.1519382812513961
45   70   0.040796013496513
45   72   0.12387743325535869
45   73   0.10758105633434871
45   74   0.13618689663879407
45   75   0.1040646803730916
45   76   0.08752825094543261
45   77   0.06202998263538986
45   78   0.08424861270178596
45   79   0.06685050092329757
45   80   0.05481933400400122
45   82   0.016310435620139882
45   83   0.01273014290053256
46   47   0.032658201014422246
46   48   0.0009419243414235869
46   52   0.03437516377467356
46   56   0.05072858623899295
46   65   0.015079141576206398
46   70   0.02419932636887606
46   72   0.01742961811095037
46   73   0.11628415903150048
46   75   0.03845577927675
46   76   0.020246411698568396
46   77   0.03990003833763872
46   83   0.0054767601766921555
46   84   0.04654596803606622
47   48   0.2164757367323872
47   54   0.08204230173671724
47   55   0.05547003013569961
47   56   0.20262793755186037
47   57   0.039344231556256846
47   58   0.02500519196828054
47   59   0.09386109492455955
47   61   0.05563950579363239
47   63   0.07844851471782345
47   64   0.0404547305268526
47   69   0.023312627553027727
47   70   0.09461541223424223
47   72   0.07125057294622117
47   73   0.14577774682012518
47   76   0.10169176143565183
47   77   0.16763369539705958
47   78   0.014340350988288598
47   81   0.019569259685500398
47   83   0.09312698000349755
48   54   0.0708367740428083
48   55   0.06003806048125632
48   56   0.01609901578855905
48   57   0.05560325353451595
48   59   0.1343229744173155
48   60   0.02643103612707787
48   61   0.015162449899754446
48   63   0.03430902294175593
48   64   0.1313793636424198
48   77   0.17800835411403623
48   78   0.11770966021684034
48   81   0.039605533603557445
48   83   0.06127873646423847
48   84   0.06563573372636952
49   51   0.04581891675518991
49   58   0.20816415588349546
49   60   0.07638922027994006
49   62   0.06558919318618779
49   71   0.01262885348180015
49   74   0.11401052414984218
49   75   0.032819258009133184
49   76   0.1260483605703689
49   80   0.053006164442808465
49   83   0.06469803077821859
50   56   0.04139747842973059
50   57   0.11750033317391749
50   63   0.04722513526994562
50   77   0.12495943079546509
50   78   0.145785449091261
50   79   0.1657175612068244
50   83   0.07399139762611098
51   58   0.15546865695299955
51   62   0.08572803997989849
51   66   0.07796696016365257
51   71   0.11646616969069033
51   73   0.21062883678786098
51   74   0.04197537512640145
51   75   0.01835512892063315
51   76   0.058392229054172635
52   56   0.028841601852491888
52   57   0.05546318236501801
52   63   0.09964191321552558
52   66   0.09095992722390586
52   68   0.1051761013673308
52   70   0.07020657514563727
52   72   0.05544214728066521
52   75   0.018509164252758697
52   76   0.03129981377402009
52   77   0.03758731986908265
53   58   0.15397067766638203
53   59   0.07486909829505546
53   61   0.08248818337565603
53   64   0.1640300754445326
53   69   0.12159310191740258
53   73   0.20646536888674097
53   77   0.11620287332509045
54   55   0.04262197820915115
54   58   0.0466756257408724
54   61   0.1819166548406957
54   64   0.1581099634012819
54   73   0.09665018424008227
54   81   0.04390546170556024
54   83   0.07591842081632515
55   56   0.07008413616518694
55   57   0.15949371026877518
55   59   0.08942474229943821
55   61   0.07813762484705371
55   63   0.12403431567460264
55   64   0.12472822535870276
55   69   0.07992397693411742
55   77   0.08093852419334895
55   81   0.05916942997046429
56   57   0.15401210738238688
56   58   0.22431678501430105
56   59   0.07896509218104146
56   63   0.025307404385814893
56   64   0.13972988338349449
56   66   0.12078405333927061
56   68   0.10949838663647848
56   70   0.05565174485971987
56   72   0.10660074618536142
56   73   0.1566731923423721
56   75   0.06645786108526877
56   77   0.0754715777998209
56   78   0.041610362580632144
56   79   0.04985895580604596
56   82   0.13048023267269776
56   83   0.11577198129331578
57   59   0.2067501714073196
57   61   0.11040621690923509
57   63   0.08094889638970555
57   64   0.17877314932915678
57   72   0.14649890320578673
57   75   0.129596325049678
57   77   0.14707604598452126
57   78   0.10771811310101409
57   79   0.1792385008397094
57   81   0.10187584690914418
57   83   0.057407526534763186
58   59   0.15179144326804458
58   61   0.060281467447033
58   64   0.061849088973343666
58   69   0.0041158555248677
58   71   0.03756360049255214
58   73   0.18613864912153547
58   74   0.06677546341088253
58   76   0.11880257429214534
58   77   0.17874097984081433
58   78   0.09509012650329896
59   61   0.030238114642619548
59   63   0.0492429949758542
59   64   0.16150261947543357
59   69   0.028500892722125647
59   73   0.1740322232918658
59   77   0.02421665383416854
59   78   0.036331063216302285
59   83   0.07762564706046429
60   62   0.037349714582570005
60   66   0.06617338462831503
60   67   0.12217406603393054
60   68   0.008350420644875697
60   74   0.07619231944188502
60   75   0.015262969210381375
60   76   0.2568782411015359
60   78   0.03172877141329758
60   80   0.12938348236149458
60   81   0.11252441501770603
60   83   0.03507028442703127
61   63   0.10967047649391687
61   64   0.168355756358538
61   69   0.02421871730471167
61   73   0.12097404534377809
61   77   0.10041695062034062
61   78   0.03451682479099453
61   83   0.09249410637566205
62   74   0.09826195186633137
62   75   0.06205561065577828
62   76   0.0952119641035994
62   80   0.053131210595872155
62   83   0.0006761211581588355
63   66   0.17709692071569388
63   68   0.09490050763151162
63   72   0.1504945197613941
63   75   0.11973361498289367
63   77   0.08809042879989042
63   78   0.013003684063837796
63   79   0.15416092689207073
63   81   0.09983182392900682
63   83   0.048992124130534914
64   69   0.13628197640379344
64   71   0.05429433040019139
64   73   0.09601255491184855
64   76   0.10626892224467635
64   77   0.14875910940869613
65   70   0.040261610508279505
65   71   0.11915998867815802
65   72   0.11899004763928316
65   73   0.07912694892165616
65   76   0.2042462024067878
65   77   0.03245580433033635
66   67   0.15738995901963745
66   68   0.10666179428622767
66   70   0.023986015236721298
66   72   0.04193441144329126
66   75   0.0037140651297302295
66   76   0.06208083851768913
66   77   0.04238184285939175
66   79   0.13717665329035578
66   83   0.03367595565810881
67   68   0.0941302137798101
67   72   0.03179996271740513
67   75   0.0874757110089092
67   76   0.09760186361486302
67   79   0.08307902728919928
67   80   0.12852131577728176
67   83   0.031211069295784006
68   72   0.08591674333016605
68   75   0.05921130021448356
68   76   0.06573218844532563
68   79   0.11346879507009508
68   83   0.04617479933805131
69   73   0.028517489442439235
69   77   0.09267101308889446
70   71   0.11932704867194249
70   72   0.03586950826005823
70   76   0.0951375940747187
70   77   0.01887342504254886
70   79   0.028317875596927417
70   82   0.068813988776328
70   83   0.016789173007616325
71   72   0.041998231173855725
71   73   0.14829496626966246
71   74   0.09312074859413237
71   76   0.07063936212490399
71   77   0.09228376529352951
72   75   0.03432710192303003
72   76   0.010200651767163496
72   77   0.11094539927669281
72   79   0.12095620032003086
72   83   0.05280753419185592
73   74   0.07871237073068227
73   76   0.12599999514968016
73   77   0.13709243820540012
73   78   0.08199460270594319
73   82   0.10378724353211706
74   75   0.015783338778112402
74   76   0.06804045953647947
74   80   0.08018271151924564
75   76   0.038321258519659236
75   79   0.09769651667136542
75   80   0.07279200235802846
75   83   0.05732728563790526
76   77   0.07302954683007772
76   80   0.010689657907751617
76   83   0.06325069876063462
77   78   0.06999608523795352
77   79   0.0714020184597411
77   82   0.024334628139825062
77   83   0.01474722289931051
78   79   0.135401124942901
78   81   0.04427153911567426
78   82   0.05216809978735051
78   83   0.018414637535168303
79   82   0.03584608084788748
79   83   0.07403078375837217
80   83   0.0991204017923035
81   83   0.0007564112892157343
82   83   0.0054524429961811255
