1   7   0.09
1   8   0.095
1   14   0.042
1   23   0.026
1   29   0.086
1   30   0.09
2   9   0.024
2   13   0.09
2   22   0.068
2   24   0.05
2   25   0.117
2   26   0.025
2   27   0.16
2   31   0.073
2   36   0.079
2   37   0.201
2   38   0.118
2   42   0.051
2   51   0.151
2   76   0.055
3   7   0.051
3   8   0.012
3   14   0.056
3   17   0.038
3   21   0.001
3   23   0.009
3   26   0.004
3   27   0.004
3   36   0.058
3   37   0.062
3   38   0.011
3   39   0.039
3   52   0.024
3   76   0.01
4   9   0.034
4   10   0.188
4   12   0.175
4   15   0.115
4   20   0.076
4   24   0.155
4   28   0.01
5   6   0.133
5   12   0.083
5   15   0.054
5   24   0.03
5   32   0.079
5   34   0.007
5   40   0.044
5   41   0.092
6   7   0.007
6   8   0.035
6   10   0.125
6   12   0.061
6   15   0.062
6   28   0.07
6   32   0.068
6   40   0.054
6   41   0.031
7   8   0.006
7   10   0.06
7   14   0.06
7   23   0.081
7   24   0.081
7   28   0.027
7   29   0.111
7   30   0.1
7   33   0.171
7   36   0.088
7   38   0.155
8   10   0.044
8   12   0.019
8   14   0.009
8   17   0.052
8   23   0.008
8   28   0.013
8   30   0.067
8   32   0.033
8   40   0.035
8   41   0.113
9   10   0.105
9   12   0.073
9   15   0.099
9   20   0.076
9   22   0.041
9   24   0.074
9   27   0.034
9   28   0.124
9   36   0.065
9   40   0.154
9   58   0.004
9   73   0.148
9   77   0.084
10   12   0.161
10   14   0.108
10   15   0.211
10   20   0.13
10   28   0.119
10   29   0.074
10   34   0.014
10   36   0.072
10   40   0.042
10   41   0.173
11   13   0.195
11   17   0.033
11   18   0.098
11   19   0.132
11   25   0.188
11   26   0.022
11   27   0.086
11   31   0.132
11   34   0.036
11   37   0.062
11   38   0.022
11   42   0.051
11   49   0.018
11   62   0.103
11   80   0.249
12   15   0.102
12   20   0.206
12   24   0.047
12   28   0.08
12   40   0.147
13   25   0.056
13   26   0.028
13   27   0.133
13   31   0.085
13   34   0.042
13   36   0.014
13   37   0.063
13   38   0.025
13   41   0.05
13   42   0.092
13   44   0.101
13   49   0.075
13   62   0.232
13   74   0.123
13   75   0.071
13   76   0.047
13   80   0.211
14   17   0.04
14   23   0.029
14   28   0.035
14   29   0.059
14   30   0.04
14   32   0.215
14   34   0.229
14   41   0.018
15   20   0.306
15   24   0.156
15   28   0.161
15   36   0.156
15   40   0.107
16   21   0.024
16   22   0.062
16   23   0.093
16   24   0.058
16   27   0.023
16   28   0.027
16   36   0.056
16   38   0.069
16   39   0.025
16   65   0.039
16   71   0.064
16   72   0.008
16   76   0.019
17   18   0.051
17   19   0.086
17   21   0.067
17   23   0.103
17   26   0.046
17   27   0.017
17   29   0.035
17   30   0.059
17   34   0.064
17   36   0.024
17   37   0.043
17   38   0.122
17   76   0.042
18   19   0.098
18   26   0.082
18   27   0.188
18   31   0.03
18   34   0.069
18   36   0.012
18   37   0.168
18   38   0.034
18   76   0.019
19   26   0.068
19   27   0.054
19   34   0.074
19   36   0.049
19   37   0.097
19   38   0.011
19   76   0.028
20   24   0.251
20   28   0.129
21   23   0.049
21   28   0.073
21   30   0.073
21   33   0.007
21   34   0.078
21   36   0.037
21   37   0.148
21   38   0.066
21   39   0.055
22   23   0.03
22   24   0.013
22   25   0.049
22   27   0.027
22   28   0.038
22   65   0.019
22   71   0.086
22   72   0.091
22   76   0.011
23   27   0.019
23   28   0.028
23   29   0.06
23   30   0.1
23   33   0.061
23   34   0.139
23   36   0.128
23   37   0.007
23   38   0.021
23   39   0.085
23   40   0.176
23   65   0.073
23   72   0.028
23   76   0.032
24   27   0.044
24   28   0.001
24   33   0.049
24   36   0.099
24   40   0.096
24   58   0.078
24   71   0.025
24   73   0.168
24   77   0.16
25   26   0.103
25   27   0.038
25   31   0.136
25   42   0.107
25   49   0.042
25   62   0.051
25   74   0.096
25   75   0.076
25   76   0.056
25   80   0.117
26   27   0.037
26   31   0.047
26   34   0.006
26   36   0.017
26   37   0.058
26   38   0.022
26   39   0.053
26   42   0.047
26   51   0.07
26   62   0.109
26   67   0.089
26   74   0.142
26   75   0.047
26   76   0.007
26   80   0.041
27   28   0.088
27   31   0.081
27   34   0.071
27   36   0.006
27   37   0.047
27   38   0.013
27   39   0.019
27   43   0.121
27   44   0.022
27   45   0.188
27   46   0.025
27   51   0.001
27   52   0.017
27   62   0.055
27   65   0.033
27   66   0.113
27   67   0.006
27   68   0.065
27   71   0.039
27   72   0.09
27   74   0.016
27   75   0.047
27   76   0.051
27   80   0.053
28   29   0.045
28   30   0.067
28   33   0.105
28   34   0.003
28   36   0.009
28   38   0.043
28   39   0.058
28   40   0.144
28   58   0.126
28   73   0.148
28   77   0.082
29   32   0.067
29   33   0.044
29   34   0.011
29   41   0.159
30   33   0.133
30   34   0.094
30   36   0.09
30   38   0.072
31   34   0.029
31   37   0.053
31   38   0.068
31   62   0.127
31   74   0.048
31   75   0.113
31   76   0.015
31   80   0.049
32   34   0.098
32   36   0.044
32   40   0.016
32   41   0.05
33   34   0.181
33   38   0.005
34   36   0.209
34   38   0.069
34   41   0.105
34   42   0.034
35   36   0.009
35   39   0.058
35   46   0.031
35   84   0.234
36   37   0.045
36   38   0.138
36   39   0.125
36   40   0.198
36   41   0.014
36   42   0.123
36   76   0.047
36   84   0.06
37   38   0.096
37   39   0.106
37   42   0.12
37   62   0.157
37   76   0.078
38   39   0.028
38   41   0.357
38   42   0.163
38   76   0.004
39   40   0.079
39   41   0.21
39   76   0.037
39   84   0.016
40   41   0.305
42   44   0.005
42   49   0.032
42   62   0.106
43   44   0.04
43   45   0.117
43   46   0.093
43   47   0.032
43   48   0.008
43   49   0.047
43   51   0.087
43   52   0.024
43   56   0.019
43   58   0.016
43   59   0.05
43   64   0.023
43   65   0.157
43   67   0.039
43   68   0.051
43   70   0.026
43   71   0.129
43   72   0.068
43   73   0.111
43   75   0.096
43   76   0.093
43   77   0.02
43   81   0.082
43   83   0.033
43   84   0.033
44   45   0.02
44   46   0.127
44   49   0.089
44   51   0.065
44   52   0.114
44   60   0.151
44   62   0.012
44   66   0.01
44   67   0.118
44   68   0.164
44   70   0.005
44   72   0.059
44   75   0.146
44   76   0.043
44   80   0.203
45   46   0.044
45   48   0.018
45   49   0.055
45   51   0.061
45   52   0.078
45   56   0.076
45   59   0.099
45   60   0.065
45   62   0.045
45   66   0.013
45   67   0.083
45   68   0.076
45   70   0.066
45   72   0.049
45   73   0.064
45   75   0.055
45   76   0.051
45   77   0.144
45   78   0.01
45   79   0.143
45   80   0.059
45   82   0.208
45   83   0.113
46   47   0.018
46   48   0.197
46   52   0.021
46   65   0.15
46   70   0.086
46   72   0.148
46   75   0.008
46   76   0.045
46   77   0.11
46   84   0.037
47   48   0.233
47   54   0.141
47   55   0.215
47   56   0.037
47   57   0.098
47   58   0.053
47   59   0.047
47   61   0.07
47   63   0.046
47   64   0.18
47   72   0.153
47   73   0.072
47   77   0.046
47   81   0.135
48   54   0.174
48   55   0.096
48   57   0.114
48   59   0.062
48   63   0.058
48   77   0.035
48   78   0.084
48   81   0.117
48   83   0.103
49   51   0.196
49   60   0.148
49   62   0.2
49   74   0.13
49   80   0.216
49   83   0.092
50   56   0.038
50   57   0.007
50   63   0.147
50   77   0.059
50   78   0.034
50   79   0.125
51   58   0.045
51   62   0.087
51   71   0.022
51   73   0.044
51   74   0.102
51   75   0.133
51   76   0.083
52   56   0.023
52   57   0.02
52   66   0.086
52   68   0.025
52   72   0.078
52   75   0.051
52   76   0.07
52   77   0.062
53   58   0.071
53   59   0.098
53   61   0.107
53   64   0.08
53   69   0.187
53   73   0.034
53   77   0.064
54   55   0.012
54   64   0.235
54   73   0.018
54   81   0.006
54   83   0.029
55   56   0.097
55   57   0.064
55   59   0.082
55   61   0.134
55   64   0.207
55   77   0.086
55   81   0.1
56   57   0.046
56   59   0.003
56   63   0.037
56   66   0.049
56   70   0.033
56   72   0.035
56   73   0.025
56   77   0.096
56   78   0.073
56   79   0.07
56   82   0.058
56   83   0.116
57   59   0.019
57   61   0.103
57   63   0.022
57   64   0.028
57   77   0.141
57   79   0.021
57   81   0.02
58   59   0.118
58   61   0.17
58   64   0.016
58   71   0.061
58   73   0.112
58   76   0.191
58   77   0.074
59   61   0.178
59   63   0.103
59   64   0.129
59   69   0.206
59   77   0.045
59   78   0.077
59   83   0.011
60   62   0.14
60   67   0.068
60   68   0.005
60   74   0.06
60   75   0.155
60   80   0.227
60   83   0.023
61   64   0.007
61   69   0.138
61   73   0.09
61   77   0.072
62   74   0.097
62   76   0.02
62   80   0.131
62   83   0.107
63   75   0.112
63   77   0.124
63   78   0.051
63   79   0.004
63   81   0.117
63   83   0.097
64   69   0.003
64   73   0.106
64   77   0.148
65   70   0.126
65   71   0.02
65   72   0.044
65   73   0.042
65   76   0.074
65   77   0.046
66   67   0.074
66   68   0.037
66   70   0.01
66   72   0.038
66   75   0.018
66   76   0.063
66   79   0.075
66   83   0.146
67   68   0.134
67   75   0.013
67   76   0.018
67   80   0.023
67   83   0.068
68   72   0.079
68   75   0.042
68   76   0.009
68   79   0.013
68   83   0.132
69   73   0.142
69   77   0.071
70   72   0.04
70   77   0.097
70   79   0.048
70   82   0.09
70   83   0.049
71   72   0.034
71   73   0.072
71   74   0.095
71   76   0.058
71   77   0.01
72   75   0.197
72   76   0.041
72   77   0.078
72   79   0.008
72   83   0.013
73   76   0.003
73   77   0.075
73   78   0.001
73   82   0.075
74   75   0.061
74   76   0.055
74   80   0.054
75   76   0.012
75   80   0.114
75   83   0.015
76   80   0.046
76   83   0.073
77   78   0.055
77   79   0.171
77   82   0.091
77   83   0.081
78   79   0.062
78   81   0.016
78   82   0.108
78   83   0.143
79   82   0.115
79   83   0.039
80   83   0.225
81   83   0.014
82   83   0.05
