0   1   0.112
0   2   0.102
0   3   0.165
0   4   0.079
0   5   0.012
0   6   0.162
0   7   0.084
0   8   0.047
0   9   0.181
0   10   0.036
0   11   0.208
0   12   0.054
0   13   0.057
0   14   0.024
0   15   0.182
0   16   0.22
0   17   0.008
0   18   0.092
0   19   0.201
0   20   0.018
0   21   0.009
0   22   0.102
0   23   0.005
0   24   0.075
0   25   0.025
0   26   0.111
0   27   0.141
0   28   0.174
0   29   0.003
0   30   0.063
0   31   0.046
0   32   0.147
0   33   0.085
0   34   0.081
0   35   0.056
0   36   0.178
0   37   0.178
0   38   0.129
0   39   0.039
0   40   0.039
0   41   0.051
0   42   0.015
0   43   0.01
0   44   0.029
0   45   0.052
0   46   0.078
0   47   0.061
0   48   0.094
0   49   0.046
0   50   0.04
0   51   0.184
0   52   0.021
0   54   0.077
0   55   0.084
0   56   0.169
0   57   0.017
0   58   0.023
0   59   0.038
0   60   0.08
0   61   0.084
0   62   0.022
0   63   0.066
0   64   0.073
0   65   0.013
0   67   0.032
0   68   0.035
0   69   0.088
0   70   0.026
0   71   0.023
0   72   0.064
0   73   0.006
0   74   0.021
0   75   0.057
0   76   0.032
0   77   0.024
0   78   0.051
0   79   0.179
0   81   0.111
0   82   0.04
0   83   0.118
1   2   0.026
1   3   0.041
1   4   0.153
1   5   0.085
1   6   0.028
1   7   0.037
1   8   0.089
1   9   0.029
1   10   0.064
1   11   0.182
1   12   0.1
1   13   0.016
1   14   0.047
1   15   0.037
1   16   0.093
1   17   0.034
1   18   0.132
1   19   0.023
1   20   0.035
1   21   0.066
1   22   0.024
1   23   0.057
1   24   0.092
1   25   0.114
1   26   0.046
1   27   0.074
1   28   0.154
1   29   0.08
1   30   0.044
1   31   0.003
1   32   0.006
1   33   0.033
1   34   0.081
1   35   0.091
1   36   0.062
1   37   0.124
1   38   0.101
1   39   0.13
1   40   0.123
1   41   0.003
1   42   0.094
1   43   0.006
1   44   0.001
1   45   0.053
1   46   0.037
1   47   0.02
1   48   0.036
1   49   0.161
1   50   0.048
1   51   0.047
1   52   0.087
1   53   0.052
1   54   0.151
1   55   0.075
1   56   0.116
1   57   0.044
1   58   0.035
1   59   0.127
1   60   0.011
1   61   0.051
1   62   0.119
1   63   0.172
1   64   0.053
1   65   0.032
1   66   0.016
1   67   0.052
1   68   0.116
1   69   0.005
1   70   0.056
1   71   0.094
1   72   0.169
1   73   0.045
1   74   0.06
1   75   0.121
1   76   0.205
1   77   0.066
1   78   0.051
1   79   0.012
1   80   0.233
1   81   0.016
1   82   0.093
1   83   0.126
2   3   0.101
2   4   0.053
2   5   0.017
2   6   0.043
2   7   0.135
2   8   0.078
2   9   0.14
2   10   0.02
2   11   0.077
2   12   0.129
2   13   0.064
2   14   0.074
2   15   0.118
2   16   0.086
2   17   0.018
2   18   0.098
2   19   0.087
2   20   0.16
2   21   0.108
2   22   0.181
2   23   0.081
2   24   0.028
2   25   0.078
2   26   0.111
2   27   0.148
2   28   0.045
2   29   0.096
2   30   0.144
2   31   0.081
2   32   0.058
2   33   0.133
2   34   0.025
2   35   0.084
2   36   0.048
2   37   0.002
2   38   0.018
2   39   0.15
2   40   0.073
2   41   0.005
2   42   0.185
2   43   0.026
2   44   0.187
2   45   0.079
2   46   0.221
2   47   0.049
2   48   0.111
2   49   0.238
2   50   0.113
2   51   0.009
2   52   0.073
2   53   0.034
2   54   0.077
2   55   0.027
2   56   0.137
2   57   0.059
2   58   0.018
2   59   0.031
2   60   0.024
2   61   0.191
2   62   0.087
2   63   0.002
2   64   0.085
2   65   0.059
2   66   0.018
2   67   0.132
2   68   0.046
2   69   0.17
2   70   0.194
2   71   0.002
2   72   0.062
2   73   0.103
2   74   0.062
2   75   0.064
2   76   0.105
2   77   0.08
2   78   0.095
2   79   0.152
2   81   0.033
2   82   0.076
2   83   0.095
3   4   0.034
3   5   0.049
3   6   0.184
3   7   0.016
3   8   0.073
3   9   0.135
3   10   0.138
3   11   0.021
3   12   0.033
3   13   0.071
3   14   0.083
3   15   0.105
3   16   0.162
3   17   0.085
3   18   0.201
3   19   0.164
3   20   0.2
3   21   0.034
3   22   0.017
3   23   0.279
3   24   0.041
3   25   0.06
3   26   0.039
3   27   0.092
3   28   0.069
3   29   0.006
3   30   0.016
3   31   0.003
3   32   0.054
3   33   0.044
3   34   0.075
3   35   0.095
3   36   0.168
3   37   0.191
3   38   0.122
3   39   0.014
3   40   0.081
3   41   0.189
3   42   0.031
3   43   0.038
3   44   0.008
3   45   0.037
3   46   0.128
3   47   0.074
3   48   0.054
3   49   0.002
3   50   0.004
3   51   0.266
3   52   0.013
3   53   0.198
3   54   0.117
3   55   0.073
3   56   0.005
3   57   0.134
3   58   0.019
3   59   0.01
3   60   0.1
3   61   0.091
3   62   0.115
3   63   0.173
3   64   0.004
3   65   0.051
3   66   0.02
3   67   0.115
3   68   0.081
3   69   0.058
3   70   0.109
3   71   0.021
3   72   0.036
3   73   0.075
3   74   0.172
3   75   0.043
3   76   0.003
3   77   0.16
3   78   0.098
3   80   0.004
3   81   0.219
3   82   0.026
3   83   0.132
4   5   0.151
4   6   0.053
4   7   0.018
4   8   0.038
4   9   0.039
4   10   0.047
4   11   0.088
4   12   0.062
4   13   0.053
4   14   0.197
4   15   0.031
4   16   0.17
4   17   0.016
4   18   0.011
4   19   0.07
4   20   0.014
4   21   0.02
4   22   0.056
4   23   0.083
4   24   0.017
4   25   0.005
4   26   0.087
4   27   0.114
4   28   0.012
4   29   0.069
4   30   0.094
4   31   0.002
4   32   0.219
4   33   0.009
4   34   0.123
4   35   0.083
4   36   0.031
4   37   0.006
4   38   0.058
4   39   0.11
4   40   0.009
4   41   0.054
4   42   0.027
4   43   0.039
4   44   0.138
4   45   0.076
4   46   0.058
4   47   0.09
4   48   0.024
4   49   0.128
4   50   0.178
4   51   0.129
4   52   0.095
4   53   0.046
4   54   0.041
4   55   0.089
4   56   0.049
4   57   0.077
4   58   0.063
4   59   0.017
4   60   0.017
4   61   0.041
4   62   0.046
4   63   0.195
4   64   0.167
4   65   0.094
4   67   0.022
4   68   0.066
4   69   0.089
4   70   0.026
4   71   0.072
4   72   0.085
4   73   0.041
4   74   0.016
4   75   0.008
4   76   0.051
4   77   0.042
4   78   0.066
4   80   0.084
4   81   0.02
4   82   0.094
4   83   0.177
5   6   0.053
5   7   0.002
5   8   0.017
5   9   0.112
5   10   0.065
5   11   0.037
5   12   0.066
5   13   0.186
5   14   0.119
5   15   0.008
5   16   0.006
5   17   0.116
5   18   0.025
5   19   0.191
5   20   0.016
5   21   0.034
5   22   0.104
5   23   0.058
5   24   0.026
5   25   0.079
5   26   0.05
5   27   0.011
5   28   0.041
5   29   0.214
5   30   0.112
5   31   0.093
5   32   0.009
5   33   0.235
5   34   0.027
5   35   0.013
5   36   0.043
5   37   0.012
5   38   0.14
5   39   0.021
5   40   0.153
5   41   0.142
5   42   0.088
5   43   0.121
5   44   0.038
5   45   0.015
5   46   0.18
5   47   0.104
5   48   0.1
5   49   0.055
5   50   0.134
5   51   0.06
5   52   0.116
5   53   0.095
5   54   0.128
5   55   0.125
5   56   0.021
5   57   0.098
5   58   0.126
5   59   0.182
5   60   0.023
5   61   0.16
5   62   0.044
5   63   0.1
5   64   0.025
5   65   0.001
5   66   0.119
5   67   0.194
5   68   0.033
5   69   0.156
5   70   0.218
5   71   0.079
5   72   0.114
5   73   0.132
5   75   0.015
5   76   0.156
5   77   0.102
5   78   0.025
5   79   0.066
5   80   0.024
5   81   0.105
5   82   0.012
5   83   0.004
6   7   0.092
6   8   0.074
6   9   0.121
6   10   0.024
6   11   0.061
6   12   0.041
6   13   0.104
6   15   0.019
6   16   0.068
6   17   0.036
6   18   0.017
6   19   0.04
6   20   0.037
6   21   0.038
6   22   0.004
6   23   0.115
6   24   0.042
6   25   0.007
6   26   0.024
6   27   0.057
6   28   0.022
6   29   0.047
6   30   0.068
6   31   0.08
6   32   0.076
6   33   0.162
6   34   0.123
6   36   0.058
6   37   0.113
6   38   0.103
6   39   0.023
6   40   0.104
6   41   0.123
6   42   0.107
6   43   0.112
6   44   0.094
6   45   0.004
6   46   0.139
6   47   0.109
6   48   0.047
6   49   0.122
6   50   0.044
6   51   0.077
6   52   0.078
6   53   0.069
6   54   0.138
6   55   0.013
6   56   0.07
6   57   0.055
6   58   0.056
6   59   0.031
6   60   0.049
6   61   0.17
6   62   0.176
6   63   0.087
6   64   0.044
6   65   0.093
6   66   0.093
6   67   0.03
6   68   0.06
6   69   0.131
6   70   0.1
6   71   0.029
6   72   0.004
6   73   0.016
6   74   0.092
6   75   0.014
6   76   0.021
6   77   0.103
6   78   0.067
6   79   0.115
6   80   0.01
6   81   0.011
6   82   0.007
6   83   0.111
7   8   0.011
7   9   0.093
7   10   0.028
7   11   0.006
7   12   0.002
7   13   0.204
7   14   0.052
7   15   0.241
7   16   0.165
7   17   0.033
7   18   0.088
7   19   0.028
7   20   0.168
7   21   0.195
7   22   0.009
7   23   0.037
7   24   0.135
7   25   0.152
7   26   0.011
7   27   0.005
7   28   0.002
7   29   0.129
7   30   0.053
7   31   0.021
7   32   0.068
7   33   0.287
7   34   0.05
7   35   0.019
7   36   0.099
7   37   0.099
7   38   0.039
7   39   0.015
7   40   0.155
7   41   0.082
7   42   0.058
7   43   0.109
7   44   0.017
7   45   0.068
7   46   0.109
7   47   0.125
7   48   0.028
7   49   0.107
7   50   0.024
7   51   0.043
7   52   0.107
7   53   0.093
7   54   0.089
7   55   0.087
7   56   0.059
7   57   0.075
7   58   0.006
7   59   0.057
7   60   0.063
7   61   0.003
7   62   0.001
7   63   0.065
7   64   0.155
7   65   0.095
7   66   0.073
7   67   0.058
7   68   0.001
7   69   0.151
7   70   0.07
7   71   0.064
7   72   0.009
7   73   0.082
7   74   0.058
7   75   0.022
7   76   0.049
7   77   0.066
7   78   0.046
7   79   0.134
7   80   0.004
7   81   0.057
7   82   0.015
7   83   0.081
8   9   0.103
8   10   0.106
8   11   0.255
8   12   0.019
8   13   0.095
8   14   0.051
8   15   0.075
8   16   0.061
8   17   0.081
8   18   0.04
8   19   0.166
8   20   0.149
8   21   0.098
8   22   0.109
8   23   0.015
8   24   0.025
8   25   0.011
8   26   0.089
8   27   0.013
8   28   0.069
8   29   0.175
8   30   0.068
8   31   0.042
8   32   0.16
8   33   0.083
8   34   0.189
8   35   0.108
8   36   0.088
8   37   0.001
8   38   0.055
8   39   0.07
8   40   0.016
8   41   0.054
8   42   0.076
8   43   0.051
8   44   0.051
8   45   0.039
8   46   0.053
8   47   0.086
8   48   0.034
8   49   0.108
8   50   0.086
8   51   0.078
8   52   0.103
8   53   0.023
8   54   0.096
8   55   0.065
8   56   0.144
8   57   0.044
8   58   0.004
8   59   0.058
8   60   0.08
8   61   0.025
8   62   0.003
8   63   0.13
8   64   0.108
8   65   0.051
8   66   0.01
8   67   0.048
8   68   0.18
8   69   0.103
8   70   0.052
8   71   0.1
8   72   0.028
8   73   0.09
8   74   0.063
8   75   0.037
8   76   0.016
8   77   0.004
8   78   0.059
8   79   0.07
8   80   0.134
8   81   0.025
8   82   0.009
8   83   0.202
9   10   0.082
9   11   0.203
9   12   0.003
9   13   0.061
9   14   0.058
9   15   0.127
9   16   0.159
9   17   0.187
9   18   0.085
9   19   0.097
9   20   0.099
9   21   0.001
9   22   0.177
9   23   0.09
9   24   0.14
9   25   0.144
9   26   0.042
9   27   0.151
9   28   0.105
9   29   0.085
9   30   0.129
9   31   0.002
9   32   0.085
9   33   0.012
9   34   0.149
9   35   0.169
9   36   0.065
9   37   0.258
9   38   0.02
9   39   0.065
9   40   0.042
9   41   0.127
9   42   0.036
9   43   0.084
9   44   0.112
9   45   0.001
9   46   0.129
9   47   0.128
9   48   0.086
9   49   0.102
9   50   0.036
9   51   0.208
9   52   0.013
9   53   0.06
9   54   0.108
9   55   0.086
9   56   0.02
9   57   0.014
9   58   0.02
9   59   0.031
9   60   0.051
9   61   0.071
9   62   0.078
9   63   0.061
9   64   0.236
9   65   0.148
9   66   0.076
9   67   0.123
9   68   0.06
9   69   0.001
9   70   0.108
9   71   0.02
9   72   0.06
9   73   0.008
9   74   0.048
9   75   0.161
9   76   0.035
9   77   0.054
9   78   0.044
9   80   0.005
9   81   0.037
9   82   0.08
9   83   0.125
10   11   0.1
10   12   0.004
10   13   0.113
10   14   0.147
10   15   0.111
10   16   0.013
10   17   0.038
10   18   0.139
10   19   0.148
10   20   0.081
10   21   0.123
10   22   0.039
10   23   0.038
10   24   0.007
10   25   0.165
10   26   0.074
10   27   0.076
10   28   0.056
10   29   0.053
10   30   0.11
10   31   0.068
10   32   0.13
10   33   0.138
10   34   0.043
10   35   0.073
10   36   0.15
10   37   0.071
10   38   0.008
10   39   0.216
10   40   0.034
10   41   0.105
10   42   0.174
10   43   0.032
10   44   0.037
10   45   0.079
10   46   0.174
10   47   0.016
10   48   0.033
10   49   0.022
10   50   0.028
10   51   0.02
10   52   0.189
10   53   0.002
10   54   0.159
10   55   0.197
10   56   0.036
10   57   0.241
10   58   0.017
10   59   0.017
10   60   0.057
10   61   0.196
10   62   0.154
10   63   0.025
10   64   0.25
10   65   0.195
10   66   0.035
10   67   0.113
10   68   0.075
10   69   0.223
10   70   0.183
10   71   0.063
10   72   0.173
10   73   0.049
10   74   0.178
10   75   0.07
10   76   0.085
10   77   0.164
10   78   0.069
10   79   0.056
10   80   0.271
10   81   0.041
10   82   0.098
10   83   0.097
11   12   0.037
11   13   0.178
11   14   0.027
11   15   0.156
11   16   0.119
11   17   0.072
11   18   0.019
11   19   0.101
11   20   0.065
11   21   0.081
11   22   0.064
11   23   0.139
11   24   0.058
11   25   0.171
11   26   0.132
11   27   0.116
11   28   0.128
11   29   0.092
11   30   0.246
11   31   0.04
11   32   0.067
11   33   0.047
11   34   0.057
11   35   0.241
11   36   0.103
11   37   0.254
11   38   0.036
11   39   0.145
11   40   0.076
11   41   0.096
11   42   0.202
11   43   0.05
11   44   0.208
11   45   0.191
11   46   0.034
11   47   0.002
11   48   0.055
11   49   0.074
11   50   0.183
11   51   0.042
11   52   0.076
11   53   0.085
11   54   0.042
11   55   0.044
11   56   0.092
11   57   0.205
11   58   0.02
11   59   0.003
11   60   0.028
11   61   0.11
11   62   0.059
11   63   0.064
11   64   0.146
11   65   0.038
11   67   0.136
11   68   0.101
11   69   0.083
11   70   0.2
11   71   0.047
11   72   0.096
11   73   0.179
11   74   0.015
11   75   0.01
11   76   0.115
11   77   0.034
11   78   0.163
11   79   0.126
11   80   0.124
11   81   0.138
11   82   0.082
11   83   0.018
12   13   0.046
12   14   0.078
12   15   0.21
12   16   0.121
12   17   0.074
12   18   0.045
12   19   0.034
12   20   0.044
12   21   0.089
12   22   0.115
12   23   0.036
12   24   0.07
12   25   0.104
12   26   0.226
12   27   0.016
12   28   0.03
12   29   0.002
12   30   0.033
12   31   0.002
12   32   0.019
12   33   0.045
12   34   0.04
12   35   0.176
12   36   0.035
12   37   0.054
12   38   0.179
12   39   0.026
12   40   0.075
12   41   0.07
12   42   0.011
12   43   0.134
12   44   0.005
12   45   0.054
12   46   0.051
12   47   0.162
12   48   0.007
12   49   0.136
12   50   0.052
12   51   0.035
12   52   0.02
12   53   0.02
12   54   0.054
12   55   0.07
12   56   0.145
12   57   0.005
12   58   0.103
12   59   0.059
12   60   0.006
12   61   0.108
12   62   0.116
12   63   0.031
12   64   0.228
12   65   0.078
12   66   0.01
12   67   0.14
12   68   0.086
12   69   0.296
12   70   0.166
12   71   0.29
12   72   0.017
12   73   0.028
12   74   0.109
12   75   0.074
12   76   0.058
12   77   0.054
12   78   0.094
12   79   0.023
12   80   0.058
12   81   0.088
12   82   0.073
12   83   0.037
13   14   0.099
13   15   0.073
13   16   0.142
13   17   0.061
13   18   0.103
13   19   0.136
13   20   0.192
13   21   0.036
13   22   0.068
13   23   0.121
13   24   0.051
13   25   0.014
13   26   0.021
13   27   0.012
13   28   0.046
13   29   0.168
13   30   0.087
13   31   0.022
13   32   0.135
13   33   0.226
13   34   0.023
13   35   0.013
13   36   0.115
13   37   0.074
13   38   0.115
13   39   0.074
13   40   0.176
13   41   0.047
13   42   0.034
13   43   0.042
13   44   0.018
13   45   0.107
13   46   0.093
13   47   0.091
13   48   0.089
13   49   0.079
13   50   0.014
13   51   0.051
13   52   0.088
13   53   0.088
13   54   0.137
13   55   0.083
13   56   0.056
13   57   0.111
13   58   0.086
13   59   0.139
13   60   0.111
13   61   0.197
13   62   0.036
13   63   0.028
13   64   0.128
13   65   0.157
13   66   0.023
13   67   0.059
13   68   0.071
13   69   0.185
13   70   0.088
13   71   0.196
13   72   0.038
13   73   0.036
13   74   0.07
13   75   0.037
13   76   0.037
13   77   0.094
13   78   0.035
13   79   0.189
13   80   0.005
13   81   0.039
13   82   0.083
13   83   0.186
14   15   0.153
14   16   0.062
14   17   0.009
14   18   0.045
14   19   0.137
14   20   0.003
14   21   0.091
14   22   0.096
14   23   0.062
14   24   0.137
14   25   0.155
14   26   0.117
14   27   0.009
14   28   0.005
14   29   0.127
14   30   0.124
14   31   0.015
14   32   0.105
14   33   0.074
14   34   0.068
14   35   0.068
14   36   0.106
14   37   0.148
14   38   0.018
14   39   0.212
14   40   0.047
14   41   0.082
14   42   0.049
14   43   0.016
14   44   0.09
14   45   0.052
14   46   0.116
14   47   0.004
14   48   0.084
14   49   0.097
14   50   0.1
14   51   0.126
14   52   0.1
14   53   0.005
14   54   0.05
14   55   0.017
14   56   0.146
14   57   0.109
14   58   0.154
14   59   0.16
14   60   0.09
14   61   0.016
14   62   0.063
14   63   0.111
14   64   0.035
14   65   0.129
14   66   0.147
14   67   0.156
14   68   0.109
14   69   0.124
14   70   0.163
14   71   0.098
14   72   0.025
14   73   0.173
14   74   0.239
14   75   0.101
14   76   0.088
14   77   0.122
14   78   0.075
14   79   0.106
14   80   0.133
14   81   0.03
14   82   0.182
14   83   0.151
15   16   0.011
15   17   0.099
15   18   0.021
15   19   0.08
15   20   0.016
15   21   0.028
15   22   0.008
15   23   0.13
15   24   0.08
15   25   0.029
15   26   0.104
15   27   0.008
15   28   0.202
15   29   0.222
15   30   0.05
15   31   0.069
15   32   0.16
15   33   0.268
15   34   0.057
15   35   0.055
15   36   0.024
15   37   0.137
15   38   0.108
15   39   0.146
15   40   0.001
15   41   0.089
15   42   0.002
15   43   0.021
15   44   0.011
15   45   0.089
15   46   0.044
15   47   0.058
15   48   0.022
15   49   0.069
15   50   0.007
15   51   0.007
15   52   0.039
15   53   0.026
15   54   0.027
15   55   0.065
15   56   0.059
15   57   0.124
15   58   0.098
15   59   0.189
15   60   0.041
15   61   0.11
15   62   0.007
15   63   0.09
15   64   0.114
15   65   0.003
15   66   0.041
15   67   0.143
15   68   0.077
15   69   0.174
15   70   0.087
15   71   0.084
15   72   0.053
15   73   0.117
15   74   0.003
15   75   0.022
15   76   0.171
15   77   0.077
15   78   0.125
15   79   0.06
15   80   0.022
15   81   0.075
15   82   0.056
15   83   0.109
16   17   0.12
16   18   0.101
16   19   0.03
16   20   0.066
16   21   0.083
16   22   0.018
16   23   0.005
16   24   0.101
16   25   0.064
16   26   0.001
16   27   0.115
16   28   0.198
16   29   0.118
16   30   0.035
16   31   0.142
16   32   0.164
16   33   0.058
16   34   0.001
16   35   0.034
16   36   0.048
16   37   0.131
16   38   0.085
16   39   0.117
16   40   0.052
16   41   0.134
16   42   0.068
16   43   0.098
16   44   0.131
16   45   0.003
16   46   0.072
16   47   0.003
16   48   0.075
16   49   0.016
16   50   0.041
16   51   0.067
16   52   0.031
16   53   0.096
16   54   0.213
16   55   0.079
16   56   0.024
16   57   0.079
16   58   0.005
16   59   0.191
16   60   0.205
16   61   0.163
16   62   0.061
16   63   0.061
16   64   0.022
16   65   0.021
16   66   0.1
16   67   0.158
16   68   0.046
16   69   0.126
16   70   0.086
16   71   0.041
16   72   0.133
16   73   0.22
16   74   0.063
16   75   0.057
16   76   0.043
16   77   0.133
16   78   0.077
16   79   0.032
16   81   0.078
16   82   0.049
16   83   0.069
17   18   0.098
17   19   0.1
17   20   0.028
17   21   0.089
17   22   0.122
17   23   0.166
17   24   0.078
17   25   0.01
17   26   0.021
17   27   0.08
17   28   0.031
17   29   0.064
17   30   0.116
17   31   0.01
17   32   0.144
17   33   0.192
17   34   0.064
17   35   0.09
17   36   0.012
17   37   0.142
17   38   0.021
17   39   0.043
17   40   0.02
17   41   0.132
17   42   0.058
17   43   0.054
17   44   0.082
17   45   0.013
17   46   0.02
17   47   0.241
17   48   0.148
17   49   0.147
17   50   0.003
17   51   0.02
17   53   0.096
17   54   0.265
17   55   0.067
17   56   0.118
17   57   0.103
17   58   0.179
17   59   0.098
17   60   0.072
17   62   0.105
17   63   0.14
17   64   0.017
17   65   0.014
17   66   0.048
17   67   0.023
17   69   0.213
17   70   0.004
17   71   0.19
17   72   0.012
17   73   0.012
17   74   0.035
17   75   0.098
17   76   0.154
17   77   0.06
17   78   0.173
17   79   0.036
17   80   0.201
17   82   0.018
17   83   0.131
18   19   0.13
18   20   0.03
18   21   0.071
18   22   0.038
18   23   0.125
18   24   0.115
18   25   0.014
18   26   0.054
18   27   0.057
18   28   0.105
18   29   0.035
18   30   0.117
18   31   0.058
18   32   0.141
18   33   0.028
18   34   0.073
18   35   0.083
18   36   0.103
18   37   0.092
18   38   0.152
18   39   0.018
18   40   0.108
18   41   0.079
18   42   0.089
18   43   0.051
18   44   0.094
18   45   0.022
18   46   0.043
18   47   0.119
18   48   0.073
18   49   0.045
18   50   0.132
18   51   0.035
18   53   0.052
18   54   0.126
18   55   0.077
18   56   0.158
18   57   0.098
18   58   0.068
18   59   0.089
18   60   0.006
18   61   0.062
18   62   0.05
18   63   0.042
18   64   0.044
18   65   0.033
18   66   0.123
18   67   0.045
18   69   0.104
18   70   0.074
18   71   0.165
18   72   0.017
18   73   0.025
18   74   0.11
18   75   0.074
18   76   0.11
18   77   0.092
18   78   0.106
18   79   0.001
18   81   0.069
18   82   0.089
18   83   0.02
19   20   0.018
19   21   0.034
19   22   0.026
19   23   0.025
19   25   0.093
19   26   0.205
19   27   0.112
19   28   0.133
19   29   0.067
19   30   0.072
19   31   0.073
19   32   0.099
19   33   0.053
19   34   0.085
19   35   0.194
19   36   0.02
19   37   0.162
19   38   0.081
19   39   0.063
19   40   0.042
19   41   0.076
19   42   0.218
19   43   0.055
19   44   0.107
19   45   0.048
19   46   0.002
19   47   0.089
19   48   0.14
19   49   0.12
19   50   0.107
19   51   0.029
19   52   0.085
19   53   0.087
19   54   0.029
19   55   0.025
19   56   0.04
19   57   0.196
19   58   0.097
19   59   0.011
19   60   0.107
19   61   0.055
19   62   0.101
19   63   0.069
19   64   0.17
19   65   0.009
19   66   0.119
19   68   0.118
19   69   0.067
19   70   0.144
19   71   0.071
19   72   0.052
19   73   0.051
19   74   0.035
19   75   0.083
19   76   0.111
19   77   0.075
19   78   0.058
19   79   0.126
19   80   0.011
19   81   0.144
19   82   0.165
19   83   0.23
20   21   0.164
20   22   0.026
20   23   0.056
20   24   0.013
20   25   0.112
20   26   0.084
20   27   0.013
20   28   0.031
20   29   0.059
20   30   0.06
20   31   0.113
20   32   0.026
20   33   0.126
20   34   0.02
20   35   0.156
20   36   0.015
20   37   0.174
20   38   0.174
20   39   0.009
20   40   0.181
20   41   0.059
20   42   0.026
20   43   0.114
20   44   0.007
20   45   0.064
20   46   0.017
20   47   0.003
20   48   0.106
20   49   0.08
20   50   0.062
20   51   0.09
20   52   0.06
20   53   0.028
20   54   0.082
20   55   0.098
20   56   0.17
20   57   0.13
20   58   0.093
20   59   0.146
20   60   0.001
20   61   0.051
20   62   0.074
20   63   0.094
20   64   0.099
20   65   0.06
20   66   0.073
20   67   0.041
20   68   0.1
20   69   0.107
20   70   0.066
20   71   0.022
20   72   0.028
20   73   0.054
20   74   0.078
20   75   0.086
20   76   0.224
20   77   0.137
20   78   0.139
20   79   0.007
20   81   0.127
20   82   0.149
20   83   0.119
21   22   0.169
21   23   0.12
21   24   0.29
21   25   0.104
21   26   0.202
21   27   0.037
21   28   0.038
21   29   0.101
21   30   0.002
21   31   0.068
21   32   0.066
21   33   0.187
21   34   0.07
21   35   0.147
21   36   0.251
21   37   0.168
21   38   0.108
21   39   0.089
21   40   0.099
21   41   0.071
21   42   0.082
21   43   0.039
21   44   0.011
21   45   0.066
21   46   0.18
21   47   0.06
21   48   0.088
21   49   0.004
21   50   0.112
21   51   0.057
21   52   0.032
21   53   0.143
21   54   0.165
21   55   0.201
21   56   0.011
21   57   0.005
21   58   0.11
21   59   0.204
21   60   0.086
21   61   0.132
21   62   0.106
21   63   0.08
21   64   0.147
21   65   0.125
21   66   0.049
21   67   0.026
21   68   0.141
21   69   0.011
21   70   0.155
21   71   0.103
21   72   0.111
21   73   0.009
21   74   0.12
21   75   0.017
21   76   0.191
21   77   0.044
21   78   0.014
21   79   0.061
21   81   0.104
21   82   0.018
21   83   0.07
22   23   0.003
22   24   0.125
22   25   0.013
22   26   0.119
22   27   0.005
22   28   0.033
22   29   0.081
22   30   0.069
22   31   0.072
22   32   0.008
22   33   0.195
22   34   0.049
22   35   0.019
22   36   0.034
22   37   0.089
22   38   0.128
22   39   0.057
22   40   0.017
22   41   0.104
22   42   0.066
22   43   0.103
22   44   0.04
22   45   0.03
22   46   0.185
22   47   0.127
22   48   0.141
22   49   0.06
22   50   0.063
22   51   0.01
22   52   0.078
22   53   0.027
22   54   0.013
22   55   0.008
22   56   0.034
22   57   0.014
22   58   0.043
22   59   0.028
22   60   0.041
22   61   0.025
22   62   0.152
22   63   0.153
22   64   0.037
22   65   0.042
22   66   0.015
22   67   0.09
22   68   0.155
22   69   0.071
22   70   0.065
22   71   0.082
22   72   0.008
22   73   0.13
22   74   0.149
22   75   0.042
22   76   0.055
22   77   0.012
22   78   0.061
22   79   0.006
22   80   0.097
22   81   0.084
22   82   0.058
22   83   0.143
23   24   0.186
23   25   0.074
23   26   0.034
23   27   0.088
23   28   0.129
23   29   0.129
23   30   0.047
23   31   0.06
23   32   0.045
23   33   0.203
23   34   0.075
23   35   0.086
23   36   0.125
23   37   0.08
23   38   0.034
23   39   0.057
23   40   0.077
23   41   0.027
23   42   0.052
23   43   0.068
23   44   0.135
23   45   0.066
23   46   0.051
23   47   0.188
23   48   0.062
23   49   0.066
23   50   0.052
23   51   0.169
23   52   0.042
23   53   0.08
23   54   0.167
23   55   0.053
23   56   0.047
23   57   0.028
23   58   0.14
23   59   0.055
23   60   0.045
23   61   0.054
23   62   0.009
23   63   0.042
23   64   0.047
23   65   0.07
23   66   0.121
23   67   0.175
23   68   0.068
23   69   0.016
23   70   0.107
23   71   0.054
23   72   0.08
23   73   0.114
23   74   0.04
23   75   0.071
23   76   0.043
23   77   0.061
23   78   0.13
23   79   0.165
23   80   0.002
23   81   0.045
23   82   0.004
23   83   0.138
24   25   0.102
24   26   0.009
24   27   0.009
24   28   0.003
24   29   0.189
24   30   0.056
24   31   0.167
24   32   0.054
24   33   0.002
24   34   0.014
24   35   0.152
24   36   0.016
24   37   0.004
24   39   0.062
24   40   0.029
24   41   0.138
24   42   0.075
24   43   0.109
24   44   0.052
24   45   0.013
24   46   0.014
24   47   0.17
24   48   0.061
24   49   0.084
24   50   0.152
24   51   0.019
24   52   0.132
24   53   0.031
24   54   0.014
24   55   0.017
24   56   0.037
24   57   0.021
24   58   0.045
24   59   0.182
24   60   0.081
24   61   0.204
24   62   0.006
24   63   0.08
24   64   0.053
24   65   0.005
24   66   0.099
24   67   0.045
24   68   0.044
24   69   0.101
24   70   0.148
24   71   0.104
24   72   0.025
24   73   0.161
24   74   0.214
24   75   0.012
24   76   0.066
24   77   0.082
24   78   0.001
24   79   0.1
24   82   0.042
25   26   0.048
25   27   0.099
25   28   0.032
25   29   0.051
25   30   0.039
25   31   0.045
25   32   0.082
25   33   0.102
25   34   0.131
25   35   0.094
25   36   0.103
25   37   0.03
25   38   0.015
25   39   0.065
25   40   0.029
25   41   0.111
25   42   0.116
25   43   0.076
25   44   0.145
25   46   0.054
25   47   0.083
25   48   0.108
25   49   0.003
25   50   0.161
25   51   0.147
25   52   0.083
25   53   0.091
25   54   0.047
25   55   0.124
25   56   0.061
25   57   0.134
25   58   0.108
25   59   0.035
25   60   0.001
25   61   0.129
25   62   0.124
25   63   0.042
25   64   0.109
25   65   0.016
25   66   0.036
25   67   0.098
25   68   0.224
25   69   0.187
25   70   0.034
25   71   0.17
25   72   0.103
25   73   0.09
25   74   0.131
25   75   0.026
25   76   0.029
25   77   0.166
25   78   0.257
25   79   0.02
25   80   0.071
25   81   0.272
25   82   0.187
25   83   0.146
26   27   0.039
26   28   0.055
26   29   0.111
26   30   0.172
26   31   0.05
26   32   0.017
26   33   0.102
26   34   0.018
26   35   0.098
26   36   0.163
26   37   0.133
26   38   0.08
26   39   0.104
26   40   0.03
26   41   0.136
26   42   0.084
26   43   0.055
26   44   0.119
26   45   0.035
26   46   0.214
26   47   0.186
26   48   0.065
26   49   0.13
26   50   0.053
26   51   0.104
26   52   0.102
26   53   0.011
26   54   0.061
26   55   0.045
26   56   0.027
26   57   0.156
26   58   0.024
26   59   0.012
26   60   0.041
26   61   0.035
26   62   0.039
26   63   0.137
26   64   0.028
26   65   0.048
26   66   0.039
26   67   0.072
26   68   0.085
26   69   0.053
26   70   0.047
26   71   0.046
26   72   0.092
26   73   0.013
26   74   0.055
26   75   0.124
26   76   0.101
26   77   0.025
26   78   0.102
26   79   0.038
26   80   0.019
26   81   0.046
26   82   0.123
26   83   0.134
27   28   0.024
27   29   0.035
27   30   0.057
27   31   0.085
27   32   0.049
27   33   0.112
27   34   0.007
27   35   0.08
27   36   0.01
27   37   0.164
27   38   0.057
27   39   0.04
27   40   0.113
27   41   0.102
27   42   0.03
27   43   0.067
27   44   0.075
27   45   0.074
27   46   0.056
27   47   0.129
27   48   0.228
27   49   0.047
27   50   0.053
27   51   0.049
27   52   0.023
27   53   0.15
27   54   0.115
27   56   0.054
27   57   0.045
27   58   0.042
27   59   0.09
27   60   0.067
27   61   0.067
27   62   0.017
27   63   0.015
27   64   0.029
27   65   0.03
27   66   0.003
27   67   0.1
27   68   0.03
27   69   0.018
27   70   0.054
27   71   0.118
27   72   0.028
27   73   0.025
27   74   0.037
27   75   0.032
27   76   0.076
27   77   0.053
27   78   0.078
27   79   0.036
27   80   0.03
27   81   0.042
27   82   0.015
27   83   0.199
28   29   0.113
28   30   0.103
28   31   0.159
28   32   0.049
28   33   0.148
28   34   0.05
28   35   0.026
28   36   0.156
28   37   0.201
28   38   0.044
28   39   0.053
28   40   0.163
28   41   0.177
28   42   0.179
28   43   0.071
28   44   0.075
28   45   0.036
28   46   0.112
28   47   0.097
28   48   0.019
28   49   0.044
28   50   0.028
28   51   0.013
28   52   0.068
28   53   0.097
28   54   0.096
28   55   0.037
28   56   0.109
28   57   0.129
28   58   0.096
28   59   0.225
28   60   0.065
28   61   0.011
28   62   0.146
28   63   0.113
28   64   0.017
28   65   0.122
28   66   0.02
28   67   0.098
28   68   0.069
28   69   0.017
28   70   0.092
28   71   0.21
28   72   0.068
28   73   0.022
28   74   0.135
28   75   0.026
28   76   0.017
28   77   0.088
28   78   0.054
28   79   0.058
28   80   0.133
28   81   0.103
28   82   0.128
28   83   0.328
29   30   0.046
29   31   0.049
29   32   0.049
29   33   0.002
29   34   0.129
29   35   0.153
29   36   0.116
29   37   0.196
29   38   0.163
29   39   0.117
29   40   0.09
29   41   0.042
29   42   0.01
29   43   0.18
29   44   0.053
29   45   0.012
29   46   0.052
29   47   0.079
29   48   0.103
29   49   0.072
29   50   0.197
29   51   0.089
29   52   0.046
29   53   0.142
29   54   0.054
29   55   0.003
29   56   0.042
29   57   0.048
29   58   0.086
29   59   0.238
29   60   0.148
29   61   0.026
29   62   0.015
29   63   0.133
29   64   0.019
29   65   0.009
29   66   0.103
29   67   0.142
29   68   0.036
29   69   0.037
29   70   0.015
29   71   0.133
29   72   0.111
29   73   0.067
29   74   0.052
29   75   0.166
29   76   0.123
29   77   0.038
29   78   0.075
29   79   0.039
29   80   0.081
29   81   0.016
29   82   0.053
29   83   0.026
30   31   0.097
30   32   0.073
30   33   0.108
30   34   0.013
30   35   0.075
30   36   0.048
30   37   0.132
30   38   0.029
30   39   0.115
30   40   0.157
30   41   0.06
30   42   0.095
30   43   0.202
30   44   0.102
30   45   0.079
30   46   0.038
30   48   0.108
30   49   0.036
30   50   0.021
30   51   0.023
30   52   0.022
30   53   0.052
30   54   0.054
30   55   0.02
30   56   0.17
30   57   0.024
30   58   0.111
30   59   0.035
30   60   0.075
30   61   0.029
30   62   0.141
30   63   0.037
30   64   0.088
30   65   0.13
30   66   0.046
30   67   0.092
30   69   0.062
30   70   0.048
30   71   0.044
30   72   0.014
30   73   0.009
30   74   0.02
30   75   0.108
30   76   0.068
30   77   0.099
30   78   0.266
30   79   0.024
30   80   0.021
30   82   0.008
30   83   0.02
31   32   0.075
31   33   0.164
31   34   0.041
31   35   0.052
31   36   0.014
31   37   0.132
31   38   0.159
31   39   0.032
31   40   0.196
31   41   0.01
31   42   0.136
31   43   0.013
31   44   0.003
31   45   0.03
31   46   0.121
31   47   0.023
31   48   0.05
31   50   0.189
31   52   0.073
31   53   0.091
31   54   0.174
31   55   0.031
31   56   0.12
31   57   0.119
31   58   0.106
31   59   0.124
31   60   0.056
31   61   0.021
31   62   0.035
31   63   0.035
31   64   0.006
31   66   0.059
31   68   0.005
31   69   0.021
31   70   0.046
31   71   0.118
31   72   0.047
31   73   0.159
31   74   0.135
31   75   0.052
31   76   0.122
31   77   0.098
31   78   0.062
31   79   0.051
31   80   0.021
31   82   0.155
31   83   0.194
32   33   0.069
32   34   0.018
32   35   0.11
32   36   0.119
32   37   0.182
32   38   0.116
32   39   0.073
32   40   0.011
32   41   0.117
32   42   0.106
32   43   0.076
32   44   0.115
32   45   0.026
32   46   0.093
32   47   0.147
32   49   0.048
32   50   0.108
32   51   0.092
32   52   0.14
32   54   0.203
32   55   0.064
32   56   0.058
32   57   0.127
32   58   0.151
32   59   0.024
32   60   0.068
32   62   0.12
32   63   0.058
32   64   0.023
32   65   0.027
32   67   0.074
32   68   0.279
32   69   0.085
32   70   0.136
32   71   0.21
32   72   0.034
32   73   0.069
32   74   0.075
32   75   0.07
32   76   0.014
32   77   0.028
32   78   0.093
32   80   0.155
32   81   0.076
32   82   0.071
32   83   0.058
33   34   0.023
33   35   0.207
33   36   0.14
33   37   0.07
33   38   0.188
33   39   0.129
33   40   0.024
33   41   0.053
33   42   0.257
33   43   0.008
33   44   0.183
33   45   0.15
33   46   0.182
33   47   0.178
33   48   0.014
33   49   0.223
33   50   0.042
33   51   0.189
33   52   0.001
33   53   0.187
33   54   0.158
33   55   0.082
33   56   0.133
33   57   0.198
33   58   0.122
33   59   0.064
33   60   0.083
33   61   0.093
33   62   0.173
33   63   0.12
33   64   0.174
33   65   0.144
33   66   0.003
33   67   0.054
33   68   0.033
33   69   0.261
33   70   0.108
33   71   0.272
33   72   0.205
33   73   0.015
33   74   0.129
33   75   0.143
33   76   0.175
33   77   0.141
33   78   0.229
33   80   0.012
33   81   0.147
33   82   0.199
33   83   0.122
34   35   0.033
34   36   0.065
34   37   0.042
34   38   0.075
34   39   0.029
34   40   0.05
34   41   0.105
34   42   0.147
34   43   0.022
34   44   0.07
34   45   0.058
34   46   0.149
34   47   0.202
34   48   0.168
34   49   0.108
34   50   0.052
34   51   0.019
34   52   0.008
34   53   0.04
34   54   0.063
34   55   0.229
34   56   0.105
34   57   0.135
34   58   0.043
34   59   0.139
34   60   0.089
34   61   0.085
34   62   0.25
34   63   0.022
34   64   0.015
34   65   0.031
34   66   0.008
34   67   0.048
34   68   0.08
34   69   0.16
34   70   0.026
34   71   0.19
34   72   0.084
34   73   0.072
34   74   0.059
34   75   0.042
34   76   0.085
34   77   0.059
34   78   0.026
34   79   0.121
34   80   0.031
34   81   0.043
34   82   0.074
34   83   0.141
35   36   0.026
35   37   0.142
35   38   0.138
35   39   0.11
35   40   0.084
35   41   0.117
35   42   0.178
35   43   0.117
35   44   0.182
35   45   0.138
35   46   0.071
35   47   0.222
35   48   0.04
35   49   0.111
35   50   0.047
35   51   0.104
35   52   0.053
35   53   0.153
35   54   0.106
35   55   0.043
35   56   0.088
35   57   0.18
35   58   0.023
35   59   0.183
35   60   0.055
35   61   0.256
35   62   0.1
35   63   0.058
35   64   0.178
35   65   0.111
35   66   0.057
35   67   0.136
35   68   0.065
35   69   0.261
35   70   0.107
35   71   0.183
35   72   0.092
35   73   0.034
35   74   0.069
35   75   0.071
35   76   0.13
35   77   0.129
35   78   0.191
35   79   0.209
35   80   0.055
35   81   0.253
35   82   0.222
35   83   0.168
36   37   0.035
36   38   0.126
36   39   0.08
36   40   0.111
36   41   0.028
36   42   0.108
36   43   0.006
36   44   0.192
36   45   0.035
36   46   0.218
36   47   0.079
36   48   0.113
36   49   0.004
36   50   0.051
36   51   0.125
36   52   0.009
36   53   0.073
36   54   0.065
36   55   0.092
36   56   0.196
36   57   0.124
36   58   0.011
36   59   0.097
36   60   0.046
36   61   0.186
36   62   0.086
36   63   0.049
36   64   0.119
36   65   0.087
36   66   0.118
36   67   0.066
36   68   0.168
36   69   0.236
36   70   0.181
36   71   0.16
36   72   0.054
36   73   0.076
36   74   0.099
36   75   0.026
36   76   0.033
36   77   0.065
36   78   0.174
36   79   0.027
36   80   0.174
36   81   0.042
36   82   0.103
36   83   0.163
37   38   0.106
37   39   0.044
37   40   0.055
37   41   0.042
37   42   0.161
37   43   0.092
37   44   0.069
37   45   0.067
37   46   0.163
37   47   0.058
37   48   0.053
37   49   0.099
37   50   0.022
37   51   0.08
37   52   0.032
37   53   0.024
37   54   0.006
37   55   0.071
37   56   0.041
37   57   0.069
37   58   0.013
37   59   0.058
37   60   0.11
37   61   0.102
37   62   0.052
37   63   0.031
37   64   0.193
37   65   0.003
37   66   0.02
37   67   0.004
37   68   0.053
37   69   0.248
37   70   0.138
37   71   0.175
37   72   0.102
37   73   0.023
37   74   0.027
37   76   0.04
37   77   0.061
37   78   0.124
37   79   0.001
37   80   0.076
37   81   0.122
37   82   0.088
37   83   0.142
38   39   0.023
38   40   0.169
38   41   0.01
38   42   0.204
38   43   0.174
38   44   0.071
38   45   0.108
38   46   0.131
38   47   0.15
38   48   0.026
38   49   0.089
38   50   0.095
38   51   0.125
38   52   0.084
38   53   0.031
38   54   0.189
38   55   0.126
38   56   0.171
38   57   0.053
38   58   0.149
38   59   0.017
38   60   0.025
38   61   0.187
38   62   0.042
38   63   0.107
38   64   0.154
38   65   0.056
38   66   0.087
38   67   0.09
38   68   0.045
38   69   0.183
38   70   0.221
38   71   0.123
38   72   0.158
38   73   0.015
38   74   0.019
38   75   0.058
38   76   0.146
38   77   0.148
38   78   0.229
38   79   0.051
38   80   0.119
38   81   0.031
38   82   0.239
38   83   0.104
39   40   0.15
39   41   0.129
39   42   0.012
39   43   0.197
39   44   0.108
39   45   0.175
39   46   0.031
39   47   0.047
39   48   0.031
39   49   0.215
39   50   0.06
39   51   0.012
39   52   0.034
39   53   0.093
39   54   0.025
39   55   0.003
39   56   0.017
39   57   0.072
39   58   0.021
39   59   0.088
39   60   0.03
39   61   0.048
39   62   0.157
39   63   0.007
39   64   0.164
39   65   0.2
39   66   0.006
39   67   0.11
39   68   0.032
39   69   0.229
39   70   0.185
39   71   0.341
39   72   0.035
39   73   0.054
39   74   0.22
39   75   0.165
39   76   0.123
39   77   0.128
39   78   0.108
39   79   0.079
39   80   0.028
39   81   0.11
39   82   0.002
39   83   0.182
40   41   0.077
40   42   0.166
40   43   0.05
40   44   0.173
40   45   0.094
40   46   0.031
40   47   0.093
40   48   0.07
40   49   0.061
40   50   0.192
40   51   0.054
40   52   0.021
40   53   0.059
40   54   0.124
40   55   0.049
40   56   0.109
40   57   0.116
40   58   0.014
40   59   0.079
40   60   0.114
40   61   0.226
40   62   0.09
40   63   0.02
40   64   0.164
40   65   0.003
40   66   0.149
40   67   0.136
40   68   0.084
40   69   0.085
40   70   0.142
40   71   0.109
40   72   0.023
40   73   0.179
40   74   0.071
40   75   0.118
40   76   0.019
40   77   0.007
40   78   0.008
40   80   0.118
40   81   0.164
40   82   0.136
40   83   0.173
41   42   0.031
41   43   0.068
41   44   0.076
41   45   0.018
41   46   0.079
41   47   0.062
41   48   0.14
41   49   0.091
41   50   0.187
41   51   0.089
41   52   0.085
41   53   0.223
41   54   0.052
41   55   0.066
41   56   0.147
41   57   0.026
41   58   0.173
41   59   0.076
41   60   0.152
41   61   0.183
41   62   0.015
41   63   0.107
41   64   0.106
41   65   0.009
41   66   0.018
41   67   0.093
41   68   0.156
41   69   0.054
41   70   0.053
41   71   0.109
41   72   0.196
41   73   0.065
41   74   0.132
41   75   0.051
41   76   0.114
41   77   0.11
41   78   0.03
41   79   0.016
41   80   0.027
41   82   0.023
41   83   0.037
42   43   0.085
42   44   0.03
42   45   0.006
42   46   0.137
42   47   0.016
42   48   0.078
42   49   0.012
42   50   0.127
42   51   0.055
42   52   0.067
42   53   0.145
42   54   0.007
42   55   0.038
42   56   0.009
42   57   0.07
42   58   0.167
42   59   0.08
42   60   0.178
42   61   0.043
42   62   0.103
42   63   0.031
42   64   0.099
42   65   0.008
42   66   0.002
42   67   0.083
42   68   0.078
42   69   0.027
42   70   0.074
42   71   0.025
42   72   0.062
42   73   0.006
42   74   0.09
42   75   0.021
42   76   0.199
42   77   0.129
42   78   0.078
42   79   0.023
42   80   0.039
42   81   0.01
42   82   0.036
42   83   0.044
43   44   0.117
43   45   0.101
43   46   0.085
43   47   0.145
43   48   0.058
43   49   0.089
43   50   0.03
43   51   0.083
43   52   0.019
43   53   0.077
43   54   0.008
43   55   0.007
43   56   0.011
43   57   0.144
43   58   0.051
43   59   0.151
43   60   0.14
43   61   0.029
43   62   0.09
43   63   0.109
43   64   0.023
43   65   0.089
43   66   0.082
43   67   0.04
43   68   0.052
43   69   0.05
43   70   0.038
43   71   0.001
43   72   0.025
43   73   0.08
43   74   0.084
43   75   0.011
43   76   0.068
43   77   0.043
43   78   0.012
43   79   0.109
43   80   0.036
43   81   0.044
43   82   0.123
43   83   0.111
44   45   0.046
44   46   0.1
44   47   0.09
44   48   0.123
44   49   0.096
44   50   0.071
44   51   0.061
44   52   0.019
44   53   0.174
44   54   0.045
44   55   0.099
44   56   0.018
44   57   0.085
44   58   0.113
44   59   0.117
44   60   0.102
44   61   0.014
44   62   0.048
44   63   0.109
44   64   0.02
44   65   0.015
44   66   0.008
44   67   0.025
44   68   0.059
44   69   0.069
44   70   0.031
44   71   0.014
44   72   0.021
44   73   0.076
44   74   0.092
44   75   0.177
44   76   0.147
44   77   0.007
44   78   0.028
44   79   0.161
44   80   0.101
44   81   0.061
44   82   0.142
44   83   0.029
45   46   0.04
45   47   0.087
45   48   0.137
45   49   0.095
45   50   0.04
45   51   0.08
45   52   0.093
45   53   0.013
45   54   0.002
45   55   0.106
45   56   0.08
45   57   0.108
45   58   0.169
45   59   0.143
45   60   0.059
45   61   0.174
45   62   0.061
45   63   0.057
45   64   0.081
45   65   0.062
45   66   0.004
45   67   0.145
45   68   0.202
45   69   0.096
45   70   0.003
45   71   0.045
45   72   0.028
45   73   0.01
45   74   0.148
45   75   0.18
45   76   0.11
45   77   0.132
45   78   0.164
45   79   0.008
45   80   0.014
45   81   0.056
45   82   0.035
45   83   0.03
46   47   0.028
46   48   0.048
46   49   0.102
46   50   0.124
46   51   0.184
46   52   0.126
46   53   0.082
46   54   0.146
46   55   0.007
46   56   0.023
46   57   0.071
46   58   0.066
46   59   0.081
46   60   0.1
46   61   0.033
46   62   0.091
46   63   0.245
46   64   0.005
46   65   0.053
46   66   0.03
46   67   0.033
46   68   0.151
46   69   0.094
46   70   0.211
46   71   0.136
46   72   0.174
46   73   0.08
46   74   0.144
46   75   0.037
46   76   0.055
46   77   0.046
46   78   0.011
46   79   0.043
46   80   0.022
46   81   0.002
46   82   0.012
46   83   0.191
47   48   0.063
47   49   0.003
47   50   0.077
47   51   0.084
47   52   0.128
47   53   0.005
47   54   0.048
47   55   0.175
47   56   0.022
47   57   0.103
47   58   0.025
47   59   0.09
47   60   0.03
47   61   0.062
47   62   0.034
47   63   0.038
47   64   0.12
47   65   0.128
47   66   0.025
47   67   0.045
47   68   0.017
47   69   0.212
47   70   0.098
47   71   0.347
47   72   0.025
47   73   0.107
47   74   0.095
47   75   0.071
47   76   0.001
47   77   0.131
47   78   0.056
47   79   0.063
47   80   0.058
47   81   0.177
47   82   0.119
47   83   0.034
48   49   0.227
48   50   0.285
48   51   0.116
48   52   0.016
48   53   0.004
48   54   0.026
48   55   0.01
48   56   0.058
48   57   0.032
48   58   0.003
48   59   0.044
48   60   0.019
48   61   0.124
48   62   0.106
48   63   0.103
48   64   0.315
48   65   0.189
48   66   0.148
48   67   0.115
48   68   0.071
48   69   0.005
48   70   0.057
48   71   0.085
48   72   0.059
48   73   0.045
48   74   0.076
48   75   0.121
48   76   0.087
48   77   0.082
48   78   0.084
48   79   0.034
48   80   0.007
48   82   0.045
48   83   0.171
49   50   0.058
49   51   0.023
49   52   0.026
49   53   0.106
49   54   0.078
49   55   0.026
49   56   0.015
49   57   0.089
49   58   0.143
49   59   0.092
49   60   0.02
49   61   0.158
49   62   0.06
49   63   0.072
49   64   0.038
49   65   0.097
49   66   0.036
49   67   0.002
49   68   0.028
49   69   0.051
49   70   0.002
49   71   0.11
49   72   0.034
49   73   0.046
49   74   0.095
49   75   0.07
49   76   0.101
49   77   0.073
49   78   0.016
49   79   0.152
49   80   0.095
49   81   0.068
49   82   0.078
49   83   0.007
50   51   0.141
50   52   0.04
50   53   0.169
50   54   0.141
50   55   0.165
50   56   0.139
50   57   0.109
50   58   0.091
50   59   0.103
50   60   0.061
50   61   0.077
50   62   0.128
50   63   0.107
50   64   0.201
50   65   0.191
50   66   0.135
50   67   0.23
50   68   0.239
50   69   0.306
50   70   0.098
50   71   0.072
50   72   0.052
50   73   0.109
50   74   0.244
50   75   0.065
50   76   0.124
50   77   0.054
50   78   0.274
50   79   0.082
50   80   0.142
50   81   0.079
50   82   0.109
50   83   0.123
51   52   0.103
51   53   0.017
51   54   0.034
51   55   0.119
51   56   0.037
51   57   0.054
51   58   0.006
51   59   0.02
51   60   0.006
51   61   0.077
51   62   0.035
51   63   0.099
51   64   0.047
51   65   0.114
51   66   0.005
51   67   0.141
51   68   0.052
51   69   0.07
51   70   0.173
51   71   0.152
51   72   0.063
51   73   0.128
51   74   0.005
51   75   0.082
51   76   0.073
51   77   0.042
51   78   0.003
51   79   0.001
51   80   0.07
51   81   0.03
51   82   0.026
51   83   0.017
52   53   0.146
52   54   0.073
52   55   0.036
52   56   0.04
52   57   0.033
52   58   0.172
52   59   0.057
52   60   0.048
52   61   0.207
52   62   0.026
52   63   0.001
52   64   0.09
52   65   0.017
52   66   0.118
52   67   0.046
52   68   0.059
52   69   0.01
52   70   0.105
52   71   0.09
52   72   0.115
52   74   0.002
52   75   0.101
52   76   0.162
52   77   0.071
52   78   0.143
52   79   0.066
52   80   0.101
52   81   0.004
52   82   0.091
52   83   0.083
53   54   0.048
53   55   0.117
53   56   0.076
53   57   0.133
53   58   0.111
53   59   0.089
53   60   0.061
53   61   0.076
53   62   0.151
53   63   0.198
53   64   0.076
53   65   0.045
53   66   0.113
53   67   0.051
53   68   0.075
53   69   0.033
53   70   0.139
53   71   0.01
53   72   0.196
53   73   0.048
53   74   0.132
53   75   0.216
53   76   0.208
53   77   0.116
53   78   0.003
53   79   0.087
53   80   0.036
53   81   0.06
53   82   0.094
53   83   0.008
54   55   0.064
54   56   0.03
54   57   0.025
54   58   0.001
54   59   0.037
54   60   0.073
54   61   0.208
54   62   0.015
54   63   0.076
54   64   0.021
54   65   0.023
54   66   0.095
54   67   0.03
54   68   0.035
54   69   0.056
54   70   0.243
54   71   0.087
54   72   0.039
54   73   0.128
54   74   0.044
54   75   0.064
54   76   0.057
54   77   0.04
54   78   0.018
54   79   0.081
54   80   0.074
54   81   0.09
54   82   0.095
54   83   0.049
55   56   0.015
55   57   0.032
55   58   0.066
55   59   0.009
55   60   0.009
55   61   0.206
55   62   0.01
55   63   0.072
55   64   0.02
55   65   0.203
55   66   0.001
55   67   0.055
55   68   0.056
55   69   0.025
55   70   0.11
55   71   0.143
55   72   0.006
55   73   0.203
55   74   0.078
55   75   0.083
55   76   0.126
55   77   0.003
55   78   0.19
55   79   0.082
55   80   0.035
55   81   0.083
55   82   0.049
55   83   0.196
56   57   0.003
56   58   0.155
56   59   0.02
56   60   0.033
56   61   0.005
56   62   0.065
56   63   0.134
56   64   0.103
56   65   0.083
56   66   0.037
56   67   0.012
56   68   0.086
56   69   0.067
56   70   0.179
56   71   0.015
56   72   0.005
56   73   0.169
56   74   0.034
56   75   0.06
56   76   0.063
56   77   0.053
56   78   0.059
56   79   0.019
56   80   0.061
56   81   0.061
56   82   0.054
56   83   0.041
57   58   0.017
57   59   0.069
57   60   0.005
57   61   0.025
57   62   0.06
57   63   0.045
57   64   0.081
57   65   0.031
57   66   0.086
57   67   0.019
57   68   0.105
57   69   0.154
57   70   0.036
57   71   0.058
57   72   0.035
57   73   0.028
57   74   0.004
57   75   0.258
57   76   0.016
57   77   0.109
57   78   0.046
57   79   0.013
57   80   0.019
57   81   0.113
57   82   0.05
57   83   0.129
58   59   0.036
58   60   0.049
58   61   0.066
58   62   0.094
58   63   0.021
58   64   0.006
58   65   0.059
58   66   0.049
58   67   0.023
58   68   0.056
58   69   0.064
58   70   0.123
58   71   0.027
58   72   0.053
58   73   0.03
58   74   0.017
58   75   0.034
58   76   0.175
58   77   0.198
58   78   0.117
58   79   0.014
58   80   0.01
58   81   0.152
58   82   0.229
58   83   0.063
59   60   0.038
59   61   0.035
59   62   0.007
59   63   0.109
59   64   0.038
59   65   0.105
59   66   0.083
59   67   0.047
59   68   0.018
59   69   0.112
59   70   0.105
59   71   0.021
59   72   0.017
59   73   0.014
59   74   0.078
59   75   0.221
59   76   0.005
59   77   0.05
59   78   0.078
59   79   0.161
59   80   0.011
59   81   0.07
59   82   0.2
59   83   0.097
60   61   0.048
60   62   0.15
60   63   0.029
60   64   0.06
60   65   0.094
60   66   0.025
60   67   0.06
60   68   0.1
60   69   0.155
60   70   0.135
60   71   0.041
60   72   0.008
60   73   0.046
60   74   0.095
60   75   0.045
60   76   0.103
60   77   0.112
60   78   0.046
60   79   0.016
60   80   0.077
60   81   0.209
60   82   0.146
60   83   0.065
61   62   0.169
61   63   0.142
61   64   0.174
61   65   0.123
61   66   0.09
61   67   0.206
61   68   0.215
61   69   0.043
61   70   0.083
61   71   0.181
61   72   0.188
61   73   0.189
61   74   0.15
61   75   0.066
61   76   0.094
61   77   0.127
61   78   0.172
61   79   0.015
61   80   0.05
61   81   0.076
61   82   0.012
61   83   0.004
62   63   0.155
62   64   0.011
62   65   0.155
62   66   0.054
62   67   0.022
62   68   0.058
62   69   0.108
62   70   0.12
62   71   0.056
62   72   0.072
62   73   0.342
62   74   0.038
62   75   0.134
62   76   0.111
62   77   0.023
62   78   0.035
62   79   0.045
62   80   0.008
62   81   0.139
62   82   0.073
62   83   0.13
63   64   0.134
63   65   0.018
63   66   0.01
63   67   0.03
63   68   0.018
63   69   0.101
63   70   0.086
63   71   0.049
63   72   0.105
63   73   0.04
63   74   0.137
63   75   0.278
63   76   0.013
63   77   0.15
63   78   0.211
63   79   0.134
63   80   0.069
63   81   0.011
63   82   0.055
63   83   0.029
64   65   0.027
64   66   0.077
64   67   0.008
64   69   0.057
64   70   0.066
64   71   0.045
64   72   0.008
64   73   0.277
64   75   0.078
64   76   0.168
64   77   0.044
64   78   0.203
64   79   0.246
64   81   0.084
64   82   0.11
64   83   0.046
65   66   0.1
65   67   0.095
65   68   0.08
65   69   0.037
65   70   0.116
65   71   0.035
65   72   0.064
65   73   0.077
65   74   0.012
65   75   0.087
65   76   0.146
65   77   0.137
65   78   0.096
65   79   0.128
65   80   0.164
65   81   0.102
65   82   0.08
65   83   0.123
66   67   0.029
66   68   0.021
66   69   0.022
66   70   0.084
66   71   0.144
66   72   0.083
66   73   0.108
66   74   0.029
66   75   0.128
66   76   0.046
66   77   0.041
66   78   0.012
66   79   0.09
66   80   0.028
66   81   0.092
66   82   0.152
66   83   0.071
67   68   0.023
67   69   0.079
67   70   0.077
67   71   0.153
67   72   0.047
67   73   0.059
67   74   0.131
67   75   0.003
67   76   0.015
67   77   0.072
67   78   0.075
67   79   0.081
67   80   0.042
67   81   0.162
67   82   0.164
67   83   0.044
68   69   0.031
68   70   0.154
68   71   0.004
68   72   0.025
68   73   0.159
68   74   0.023
68   75   0.002
68   76   0.103
68   77   0.128
68   78   0.007
68   79   0.089
68   80   0.066
68   81   0.109
68   82   0.171
68   83   0.069
69   70   0.122
69   71   0.021
69   72   0.126
69   73   0.145
69   74   0.151
69   75   0.206
69   76   0.009
69   77   0.1
69   78   0.154
69   79   0.142
69   80   0.027
69   81   0.068
69   82   0.001
69   83   0.019
70   71   0.09
70   72   0.155
70   73   0.024
70   74   0.028
70   75   0.154
70   76   0.114
70   77   0.107
70   78   0.014
70   79   0.165
70   80   0.167
70   81   0.133
70   82   0.106
70   83   0.126
71   72   0.002
71   73   0.285
71   75   0.071
71   76   0.051
71   77   0.061
71   78   0.057
71   79   0.154
71   80   0.03
71   81   0.097
71   82   0.062
71   83   0.127
72   73   0.17
72   74   0.067
72   75   0.023
72   76   0.04
72   77   0.092
72   78   0.097
72   79   0.143
72   80   0.113
72   81   0.02
72   82   0.125
72   83   0.037
73   74   0.162
73   75   0.03
73   76   0.124
73   77   0.04
73   78   0.124
73   79   0.063
73   80   0.108
73   81   0.151
73   82   0.063
73   83   0.027
74   75   0.08
74   76   0.074
74   77   0.057
74   78   0.028
74   79   0.037
74   80   0.047
74   81   0.028
74   82   0.003
74   83   0.08
75   76   0.006
75   77   0.072
75   78   0.152
75   79   0.122
75   80   0.02
75   81   0.032
75   82   0.022
75   83   0.056
76   77   0.186
76   78   0.074
76   79   0.108
76   80   0.013
76   81   0.049
76   82   0.127
76   83   0.032
77   78   0.064
77   79   0.124
77   80   0.018
77   81   0.028
77   82   0.049
77   83   0.069
78   79   0.118
78   80   0.03
78   81   0.171
78   82   0.02
78   83   0.008
79   80   0.092
79   81   0.009
79   82   0.085
79   83   0.031
80   81   0.033
80   82   0.104
80   83   0.053
81   82   0.001
81   83   0.17
82   83   0.003
