0   1   0.117
0   2   0.087
0   3   0.058
0   4   0.103
0   5   0.041
0   6   0.035
0   7   0.173
0   8   0.066
0   9   0.085
0   10   0.019
0   11   0.152
0   12   0.003
0   13   0.088
0   14   0.016
0   15   0.18
0   16   0.108
0   17   0.001
0   18   0.157
0   19   0.156
0   20   0.127
0   21   0.079
0   22   0.128
0   23   0.057
0   24   0.077
0   25   0.025
0   26   0.095
0   27   0.162
0   28   0.019
0   29   0.061
0   30   0.061
0   31   0.098
0   32   0.001
0   33   0.159
0   34   0.198
0   35   0.087
0   36   0.003
0   37   0.008
0   38   0.061
0   39   0.042
0   40   0.042
0   41   0.092
0   42   0.035
0   43   0.115
0   44   0.123
0   45   0.133
0   46   0.053
0   47   0.08
0   48   0.018
0   49   0.072
0   50   0.035
0   51   0.175
0   52   0.027
0   54   0.157
0   55   0.064
0   56   0.199
0   57   0.065
0   58   0.03
0   59   0.038
0   60   0.099
0   61   0.084
0   62   0.012
0   63   0.067
0   64   0.053
0   65   0.029
0   67   0.029
0   68   0.066
0   69   0.028
0   70   0.105
0   71   0.001
0   72   0.037
0   73   0.014
0   74   0.019
0   75   0.07
0   76   0.021
0   77   0.048
0   78   0.095
0   79   0.179
0   81   0.046
0   82   0.016
0   83   0.074
1   2   0.041
1   3   0.028
1   4   0.138
1   5   0.043
1   6   0.072
1   7   0.036
1   8   0.091
1   9   0.056
1   10   0.019
1   11   0.15
1   12   0.061
1   13   0.047
1   14   0.027
1   15   0.112
1   16   0.185
1   17   0.03
1   18   0.015
1   19   0.02
1   20   0.008
1   21   0.1
1   22   0.127
1   23   0.134
1   25   0.183
1   26   0.017
1   27   0.031
1   28   0.117
1   29   0.03
1   30   0.009
1   31   0.023
1   32   0.052
1   33   0.006
1   34   0.039
1   35   0.122
1   36   0.151
1   37   0.137
1   38   0.117
1   39   0.047
1   40   0.116
1   41   0.12
1   42   0.034
1   43   0.036
1   44   0.138
1   45   0.221
1   46   0.012
1   47   0.003
1   49   0.161
1   50   0.137
1   51   0.099
1   52   0.089
1   53   0.052
1   54   0.163
1   55   0.083
1   56   0.126
1   57   0.006
1   58   0.043
1   59   0.008
1   60   0.004
1   61   0.121
1   62   0.063
1   63   0.19
1   64   0.054
1   65   0.032
1   66   0.014
1   67   0.066
1   68   0.116
1   69   0.017
1   70   0.063
1   71   0.056
1   72   0.097
1   73   0.183
1   74   0.116
1   75   0.115
1   76   0.026
1   77   0.124
1   78   0.048
1   79   0.249
1   80   0.233
1   81   0.02
1   82   0.033
1   83   0.055
2   3   0.157
2   4   0.062
2   5   0.127
2   6   0.093
2   7   0.142
2   8   0.09
2   9   0.133
2   10   0.048
2   11   0.052
2   12   0.15
2   13   0.105
2   14   0.007
2   15   0.183
2   16   0.094
2   17   0.08
2   18   0.192
2   19   0.029
2   20   0.076
2   21   0.203
2   22   0.091
2   23   0.095
2   24   0.035
2   25   0.137
2   26   0.133
2   27   0.1
2   28   0.093
2   29   0.128
2   30   0.076
2   31   0.067
2   32   0.157
2   33   0.174
2   34   0.136
2   35   0.104
2   36   0.204
2   37   0.134
2   38   0.13
2   39   0.134
2   40   0.053
2   41   0.068
2   42   0.147
2   43   0.21
2   44   0.178
2   45   0.103
2   46   0.192
2   47   0.019
2   48   0.073
2   49   0.192
2   50   0.212
2   51   0.158
2   52   0.103
2   53   0.032
2   54   0.008
2   55   0.155
2   56   0.254
2   57   0.025
2   58   0.183
2   59   0.03
2   60   0.011
2   61   0.171
2   62   0.063
2   63   0.042
2   64   0.162
2   65   0.12
2   66   0.012
2   67   0.005
2   68   0.003
2   69   0.117
2   70   0.032
2   71   0.186
2   72   0.088
2   73   0.213
2   74   0.16
2   75   0.145
2   76   0.08
2   77   0.171
2   78   0.184
2   79   0.045
2   81   0.053
2   82   0.043
2   83   0.091
3   4   0.005
3   5   0.013
3   6   0.045
3   7   0.112
3   8   0.099
3   9   0.019
3   10   0.084
3   11   0.005
3   12   0.006
3   13   0.064
3   14   0.049
3   15   0.148
3   16   0.071
3   17   0.085
3   18   0.129
3   19   0.019
3   20   0.098
3   21   0.003
3   22   0.051
3   23   0.093
3   24   0.032
3   25   0.058
3   26   0.015
3   27   0.044
3   28   0.192
3   29   0.046
3   30   0.017
3   31   0.065
3   32   0.148
3   33   0.001
3   34   0.128
3   35   0.128
3   36   0.079
3   37   0.101
3   38   0.025
3   39   0.178
3   40   0.186
3   41   0.119
3   42   0.034
3   43   0.015
3   44   0.128
3   45   0.026
3   46   0.094
3   47   0.057
3   48   0.113
3   49   0.036
3   50   0.013
3   51   0.264
3   52   0.083
3   53   0.178
3   54   0.027
3   55   0.093
3   56   0.152
3   57   0.114
3   58   0.044
3   59   0.02
3   60   0.295
3   61   0.094
3   62   0.025
3   63   0.172
3   64   0.036
3   65   0.048
3   66   0.02
3   67   0.11
3   68   0.022
3   69   0.015
3   70   0.038
3   71   0.046
3   72   0.163
3   73   0.075
3   74   0.156
3   75   0.11
3   76   0.17
3   77   0.085
3   78   0.07
3   80   0.036
3   81   0.222
3   82   0.017
3   83   0.132
4   5   0.167
4   6   0.082
4   7   0.117
4   8   0.089
4   9   0.055
4   10   0.065
4   11   0.029
4   12   0.125
4   13   0.094
4   14   0.096
4   15   0.022
4   16   0.164
4   17   0.02
4   18   0.004
4   19   0.085
4   20   0.018
4   21   0.027
4   22   0.061
4   23   0.105
4   24   0.074
4   25   0.002
4   26   0.095
4   27   0.11
4   28   0.003
4   29   0.102
4   30   0.085
4   31   0.063
4   32   0.22
4   33   0.084
4   34   0.068
4   35   0.119
4   36   0.092
4   37   0.001
4   38   0.009
4   39   0.171
4   40   0.127
4   41   0.022
4   42   0.02
4   43   0.059
4   44   0.108
4   45   0.083
4   46   0.034
4   47   0.101
4   48   0.173
4   49   0.128
4   50   0.171
4   51   0.132
4   52   0.073
4   53   0.113
4   54   0.099
4   55   0.115
4   56   0.052
4   57   0.002
4   58   0.016
4   60   0.032
4   61   0.041
4   62   0.044
4   63   0.163
4   64   0.179
4   65   0.094
4   67   0.022
4   68   0.056
4   69   0.075
4   70   0.004
4   71   0.123
4   72   0.076
4   73   0.041
4   74   0.008
4   75   0.041
4   76   0.059
4   77   0.038
4   78   0.036
4   80   0.089
4   81   0.02
4   82   0.032
4   83   0.067
5   6   0.04
5   7   0.081
5   8   0.143
5   10   0.161
5   11   0.016
5   12   0.059
5   13   0.027
5   14   0.087
5   15   0.007
5   16   0.139
5   17   0.114
5   18   0.062
5   19   0.041
5   20   0.182
5   21   0.037
5   22   0.132
5   23   0.069
5   24   0.068
5   25   0.056
5   26   0.019
5   27   0.002
5   28   0.065
5   29   0.166
5   30   0.073
5   31   0.033
5   32   0.075
5   33   0.082
5   34   0.154
5   35   0.013
5   36   0.076
5   37   0.069
5   38   0.121
5   39   0.116
5   40   0.008
5   41   0.098
5   42   0.053
5   43   0.052
5   44   0.024
5   45   0.065
5   46   0.014
5   47   0.141
5   48   0.12
5   49   0.07
5   50   0.051
5   51   0.019
5   52   0.086
5   53   0.134
5   54   0.031
5   55   0.004
5   56   0.135
5   57   0.01
5   58   0.092
5   59   0.131
5   60   0.068
5   61   0.065
5   62   0.075
5   63   0.058
5   64   0.031
5   65   0.034
5   66   0.13
5   67   0.199
5   68   0.016
5   69   0.01
5   70   0.105
5   71   0.016
5   72   0.122
5   73   0.141
5   74   0.049
5   75   0.145
5   76   0.156
5   77   0.139
5   78   0.015
5   79   0.067
5   80   0.018
5   81   0.072
5   82   0.067
5   83   0.046
6   7   0.109
6   8   0.137
6   9   0.04
6   10   0.105
6   11   0.04
6   12   0.073
6   13   0.106
6   14   0.045
6   15   0.071
6   16   0.102
6   17   0.027
6   18   0.204
6   19   0.077
6   20   0.109
6   21   0.173
6   22   0.118
6   23   0.144
6   24   0.051
6   25   0.103
6   26   0.053
6   27   0.038
6   28   0.157
6   29   0.084
6   30   0.037
6   31   0.184
6   32   0.085
6   33   0.116
6   34   0.132
6   35   0.116
6   36   0.093
6   37   0.148
6   38   0.131
6   39   0.142
6   40   0.18
6   41   0.106
6   42   0.066
6   43   0.015
6   44   0.122
6   45   0.076
6   46   0.053
6   47   0.124
6   48   0.046
6   49   0.103
6   50   0.07
6   51   0.161
6   52   0.115
6   53   0.055
6   54   0.157
6   55   0.056
6   56   0.146
6   57   0.067
6   58   0.075
6   59   0.087
6   60   0.068
6   61   0.207
6   62   0.143
6   63   0.097
6   64   0.104
6   65   0.07
6   66   0.102
6   67   0.013
6   68   0.087
6   69   0.073
6   70   0.057
6   71   0.046
6   72   0.175
6   73   0.013
6   74   0.095
6   75   0.065
6   76   0.223
6   77   0.186
6   78   0.051
6   79   0.115
6   80   0.018
6   81   0.02
6   82   0.164
6   83   0.117
7   8   0.039
7   9   0.058
7   10   0.056
7   11   0.147
7   12   0.019
7   13   0.101
7   14   0.119
7   15   0.113
7   16   0.087
7   17   0.138
7   18   0.105
7   19   0.108
7   20   0.118
7   21   0.115
7   22   0.134
7   23   0.159
7   24   0.008
7   25   0.155
7   26   0.106
7   27   0.106
7   28   0.081
7   29   0.123
7   30   0.002
7   31   0.031
7   32   0.022
7   33   0.022
7   34   0.213
7   35   0.035
7   36   0.046
7   37   0.07
7   38   0.157
7   39   0.168
7   40   0.031
7   41   0.08
7   42   0.018
7   43   0.16
7   44   0.049
7   45   0.033
7   46   0.031
7   47   0.14
7   48   0.028
7   49   0.021
7   50   0.111
7   51   0.01
7   52   0.089
7   53   0.094
7   54   0.061
7   55   0.053
7   56   0.071
7   57   0.055
7   58   0.036
7   59   0.064
7   60   0.092
7   61   0.06
7   62   0.133
7   63   0.136
7   64   0.22
7   65   0.112
7   66   0.088
7   67   0.02
7   68   0.069
7   69   0.074
7   70   0.095
7   71   0.072
7   72   0.072
7   73   0.062
7   74   0.057
7   75   0.07
7   76   0.162
7   77   0.108
7   78   0.091
7   79   0.134
7   80   0.034
7   81   0.018
7   82   0.003
7   83   0.075
8   9   0.154
8   10   0.07
8   11   0.091
8   12   0.003
8   13   0.143
8   14   0.058
8   15   0.012
8   16   0.016
8   17   0.034
8   18   0.018
8   19   0.016
8   20   0.077
8   21   0.01
8   22   0.01
8   23   0.126
8   24   0.106
8   25   0.185
8   26   0.057
8   27   0.113
8   28   0.183
8   29   0.172
8   30   0.09
8   31   0.016
8   32   0.075
8   33   0.237
8   34   0.036
8   35   0.106
8   36   0.137
8   37   0.195
8   38   0.082
8   39   0.037
8   40   0.1
8   41   0.004
8   42   0.083
8   43   0.073
8   44   0.09
8   45   0.082
8   46   0.07
8   47   0.044
8   48   0.001
8   49   0.012
8   50   0.209
8   51   0.059
8   52   0.144
8   53   0.029
8   54   0.133
8   55   0.105
8   56   0.164
8   57   0.015
8   58   0.061
8   59   0.012
8   60   0.041
8   61   0.151
8   62   0.144
8   63   0.043
8   64   0.012
8   65   0.054
8   66   0.012
8   67   0.018
8   68   0.006
8   69   0.109
8   70   0.05
8   71   0.05
8   72   0.092
8   73   0.272
8   74   0.003
8   75   0.108
8   76   0.125
8   77   0.094
8   78   0.077
8   79   0.047
8   80   0.075
8   81   0.006
8   82   0.06
8   83   0.078
9   10   0.056
9   11   0.019
9   12   0.007
9   13   0.061
9   14   0.009
9   15   0.131
9   16   0.014
9   17   0.006
9   18   0.005
9   19   0.056
9   20   0.021
9   21   0.014
9   22   0.036
9   23   0.116
9   24   0.165
9   25   0.029
9   26   0.112
9   27   0.048
9   28   0.045
9   29   0.047
9   30   0.123
9   31   0.117
9   32   0.107
9   33   0.08
9   34   0.101
9   35   0.048
9   36   0.037
9   37   0.068
9   38   0.148
9   39   0.093
9   40   0.077
9   41   0.071
9   42   0.015
9   43   0.025
9   44   0.079
9   45   0.074
9   46   0.031
9   47   0.022
9   48   0.019
9   49   0.078
9   50   0.05
9   51   0.093
9   52   0.148
9   53   0.046
9   54   0.038
9   55   0.122
9   56   0.038
9   57   0.158
9   58   0.021
9   59   0.044
9   60   0.034
9   61   0.026
9   62   0.178
9   63   0.005
9   64   0.216
9   65   0.216
9   66   0.046
9   67   0.119
9   68   0.009
9   69   0.039
9   70   0.061
9   71   0.099
9   72   0.174
9   73   0.032
9   74   0.066
9   75   0.02
9   76   0.135
9   77   0.205
9   78   0.14
9   80   0.038
9   81   0.001
9   82   0.04
9   83   0.025
10   11   0.048
10   12   0.084
10   13   0.103
10   14   0.035
10   15   0.103
10   16   0.105
10   17   0.078
10   18   0.113
10   19   0.178
10   20   0.168
10   21   0.135
10   22   0.009
10   23   0.007
10   24   0.114
10   25   0.187
10   26   0.157
10   27   0.032
10   28   0.256
10   29   0.139
10   30   0.126
10   31   0.17
10   32   0.072
10   33   0.134
10   34   0.001
10   35   0.001
10   36   0.031
10   37   0.08
10   38   0.017
10   39   0.199
10   40   0.024
10   41   0.069
10   42   0.045
10   43   0.034
10   44   0.01
10   45   0.333
10   46   0.175
10   47   0.088
10   48   0.066
10   49   0.022
10   50   0.027
10   51   0.04
10   52   0.195
10   53   0.001
10   54   0.156
10   55   0.167
10   56   0.031
10   57   0.123
10   58   0.011
10   59   0.051
10   60   0.058
10   61   0.251
10   62   0.019
10   63   0.025
10   64   0.046
10   65   0.228
10   66   0.188
10   67   0.121
10   68   0.075
10   69   0.222
10   70   0.15
10   71   0.024
10   72   0.181
10   73   0.131
10   74   0.168
10   75   0.199
10   76   0.042
10   77   0.119
10   78   0.097
10   79   0.107
10   80   0.268
10   81   0.041
10   82   0.081
10   83   0.05
11   12   0.049
11   13   0.082
11   14   0.048
11   15   0.149
11   16   0.023
11   17   0.024
11   18   0.066
11   19   0.025
11   20   0.053
11   21   0.001
11   22   0.031
11   23   0.052
11   24   0.026
11   25   0.066
11   26   0.005
11   27   0.048
11   28   0.08
11   29   0.061
11   30   0.215
11   31   0.031
11   32   0.015
11   33   0.132
11   34   0.09
11   35   0.06
11   36   0.145
11   37   0.076
11   38   0.031
11   39   0.018
11   40   0.167
11   41   0.012
11   42   0.03
11   43   0.026
11   44   0.14
11   45   0.249
11   46   0.007
11   47   0.067
11   48   0.002
11   49   0.042
11   50   0.165
11   51   0.048
11   52   0.054
11   53   0.158
11   54   0.08
11   55   0.231
11   56   0.038
11   57   0.033
11   58   0.082
11   60   0.02
11   61   0.101
11   62   0.055
11   63   0.175
11   64   0.14
11   65   0.037
11   67   0.136
11   68   0.007
11   69   0.084
11   70   0.02
11   71   0.043
11   72   0.131
11   73   0.179
11   74   0.015
11   75   0.112
11   76   0.175
11   77   0.074
11   78   0.129
11   79   0.127
11   80   0.083
11   81   0.148
11   82   0.103
11   83   0.066
12   13   0.047
12   14   0.031
12   15   0.166
12   16   0.071
12   17   0.086
12   18   0.166
12   19   0.052
12   20   0.036
12   21   0.01
12   22   0.135
12   23   0.123
12   24   0.039
12   25   0.032
12   26   0.088
12   27   0.026
12   28   0.048
12   29   0.032
12   30   0.006
12   31   0.009
12   32   0.081
12   33   0.011
12   34   0.056
12   35   0.011
12   36   0.065
12   37   0.014
12   38   0.208
12   39   0.008
12   40   0.041
12   41   0.071
12   42   0.009
12   43   0.047
12   44   0.055
12   45   0.07
12   46   0.08
12   47   0.056
12   48   0.057
12   49   0.128
12   50   0.009
12   51   0.066
12   52   0.017
12   53   0.027
12   54   0.05
12   55   0.11
12   56   0.029
12   57   0.072
12   58   0.065
12   59   0.098
12   60   0.032
12   61   0.196
12   62   0.067
12   63   0.004
12   64   0.063
12   65   0.079
12   66   0.253
12   67   0.126
12   68   0.093
12   69   0.224
12   70   0.009
12   71   0.256
12   72   0.1
12   73   0.104
12   74   0.159
12   75   0.159
12   76   0.033
12   77   0.045
12   78   0.106
12   79   0.118
12   80   0.055
12   81   0.091
12   82   0.114
12   83   0.007
13   14   0.049
13   15   0.132
13   16   0.097
13   17   0.01
13   18   0.097
13   19   0.08
13   20   0.122
13   21   0.055
13   22   0.138
13   23   0.161
13   24   0.119
13   25   0.124
13   26   0.094
13   27   0.121
13   28   0.016
13   29   0.139
13   30   0.078
13   31   0.189
13   32   0.008
13   33   0.021
13   34   0.143
13   35   0.035
13   36   0.024
13   37   0.06
13   38   0.081
13   39   0.06
13   40   0.026
13   41   0.018
13   42   0.116
13   43   0.102
13   44   0.07
13   45   0.051
13   46   0.117
13   47   0.101
13   48   0.046
13   49   0.035
13   50   0.036
13   51   0.108
13   52   0.036
13   53   0.097
13   54   0.022
13   55   0.086
13   56   0.034
13   57   0.206
13   58   0.111
13   59   0.07
13   60   0.081
13   61   0.076
13   62   0.095
13   63   0.007
13   64   0.104
13   65   0.103
13   66   0.038
13   67   0.075
13   68   0.04
13   69   0.022
13   70   0.069
13   71   0.018
13   72   0.133
13   73   0.013
13   74   0.011
13   75   0.012
13   76   0.164
13   77   0.154
13   78   0.019
13   79   0.169
13   80   0.01
13   81   0.087
13   82   0.086
13   83   0.101
14   15   0.072
14   16   0.001
14   17   0.023
14   18   0.049
14   19   0.082
14   20   0.046
14   21   0.1
14   22   0.041
14   23   0.036
14   24   0.026
14   25   0.128
14   26   0.1
14   27   0.087
14   28   0.2
14   29   0.129
14   30   0.128
14   31   0.173
14   32   0.056
14   33   0.049
14   34   0.043
14   35   0.036
14   36   0.115
14   37   0.124
14   38   0.034
14   39   0.113
14   40   0.13
14   41   0.017
14   42   0.056
14   43   0.02
14   44   0.012
14   45   0.026
14   46   0.052
14   47   0.003
14   48   0.003
14   49   0.083
14   50   0.084
14   51   0.094
14   52   0.139
14   53   0.014
14   54   0.097
14   55   0.021
14   56   0.087
14   57   0.046
14   58   0.132
14   59   0.117
14   60   0.038
14   61   0.016
14   62   0.034
14   63   0.121
14   64   0.022
14   65   0.162
14   66   0.149
14   67   0.152
14   68   0.029
14   69   0.048
14   70   0.076
14   71   0.063
14   72   0.142
14   73   0.096
14   74   0.197
14   76   0.125
14   77   0.019
14   78   0.071
14   79   0.082
14   80   0.162
14   81   0.047
14   82   0.263
14   83   0.143
15   16   0.069
15   17   0.048
15   18   0.193
15   19   0.076
15   21   0.078
15   22   0.132
15   23   0.047
15   24   0.134
15   25   0.095
15   26   0.027
15   27   0.014
15   28   0.021
15   29   0.065
15   30   0.049
15   31   0.074
15   32   0.05
15   33   0.124
15   34   0.053
15   35   0.088
15   36   0.079
15   37   0.128
15   38   0.006
15   39   0.095
15   40   0.057
15   41   0.01
15   42   0.015
15   43   0.101
15   44   0.094
15   45   0.011
15   46   0.028
15   47   0.075
15   48   0.022
15   49   0.126
15   50   0.188
15   51   0.119
15   52   0.038
15   53   0.019
15   54   0.019
15   55   0.15
15   56   0.055
15   57   0.026
15   58   0.076
15   59   0.172
15   60   0.049
15   61   0.093
15   62   0.006
15   63   0.128
15   64   0.084
15   65   0.053
15   66   0.048
15   67   0.045
15   68   0.074
15   69   0.11
15   70   0.109
15   71   0.133
15   72   0.101
15   73   0.125
15   74   0.131
15   75   0.147
15   76   0.125
15   77   0.009
15   78   0.023
15   79   0.054
15   80   0.022
15   81   0.11
15   82   0.048
15   83   0.112
16   17   0.11
16   18   0.036
16   19   0.059
16   20   0.092
16   21   0.066
16   22   0.017
16   23   0.068
16   24   0.058
16   25   0.164
16   26   0.084
16   27   0.054
16   28   0.056
16   29   0.079
16   30   0.041
16   31   0.051
16   32   0.03
16   33   0.075
16   34   0.025
16   35   0.149
16   36   0.206
16   37   0.121
16   38   0.123
16   39   0.083
16   40   0.035
16   41   0.025
16   42   0.012
16   43   0.051
16   44   0.147
16   45   0.213
16   46   0.051
16   47   0.007
16   48   0.107
16   49   0.035
16   50   0.163
16   51   0.141
16   52   0.034
16   53   0.096
16   54   0.172
16   55   0.219
16   56   0.015
16   57   0.033
16   58   0.001
16   59   0.23
16   60   0.209
16   61   0.12
16   62   0.036
16   63   0.081
16   64   0.047
16   65   0.107
16   66   0.101
16   67   0.104
16   68   0.043
16   69   0.104
16   70   0.188
16   71   0.16
16   72   0.012
16   73   0.152
16   74   0.168
16   75   0.144
16   76   0.045
16   77   0.125
16   78   0.008
16   79   0.038
16   81   0.156
16   82   0.115
16   83   0.116
17   18   0.008
17   19   0.054
17   20   0.044
17   21   0.058
17   22   0.093
17   23   0.158
17   24   0.123
17   25   0.106
17   26   0.208
17   27   0.217
17   28   0.168
17   29   0.101
17   30   0.026
17   32   0.147
17   33   0.156
17   34   0.011
17   35   0.177
17   36   0.193
17   37   0.174
17   38   0.072
17   39   0.018
17   40   0.058
17   41   0.056
17   42   0.109
17   43   0.044
17   44   0.04
17   45   0.017
17   46   0.018
17   47   0.237
17   48   0.127
17   49   0.147
17   50   0.029
17   51   0.025
17   53   0.096
17   54   0.265
17   55   0.068
17   56   0.106
17   57   0.159
17   58   0.179
17   59   0.101
17   60   0.069
17   61   0.161
17   62   0.098
17   63   0.141
17   64   0.048
17   65   0.067
17   66   0.057
17   67   0.023
17   69   0.189
17   70   0.049
17   71   0.217
17   72   0.078
17   73   0.189
17   74   0.159
17   75   0.2
17   76   0.105
17   77   0.017
17   78   0.172
17   79   0.075
17   80   0.201
17   82   0.081
17   83   0.054
18   19   0.036
18   20   0.095
18   21   0.064
18   22   0.127
18   23   0.009
18   24   0.102
18   25   0.16
18   26   0.171
18   27   0.105
18   28   0.085
18   29   0.08
18   30   0.019
18   31   0.13
18   32   0.061
18   33   0.052
18   34   0.06
18   35   0.196
18   36   0.241
18   37   0.129
18   38   0.109
18   39   0.064
18   40   0.057
18   41   0.086
18   42   0.044
18   43   0.049
18   44   0.109
18   45   0.019
18   46   0.058
18   47   0.084
18   48   0.092
18   49   0.044
18   50   0.296
18   51   0.06
18   53   0.052
18   54   0.126
18   55   0.129
18   56   0.231
18   57   0.116
18   58   0.06
18   59   0.107
18   60   0.012
18   61   0.207
18   62   0.052
18   63   0.036
18   64   0.066
18   65   0.098
18   66   0.073
18   67   0.126
18   69   0.189
18   70   0.026
18   71   0.182
18   72   0.02
18   73   0.005
18   74   0.224
18   75   0.202
18   76   0.114
18   77   0.094
18   78   0.028
18   79   0.014
18   81   0.082
18   82   0.02
18   83   0.015
19   20   0.084
19   21   0.011
19   22   0.013
19   23   0.104
19   25   0.098
19   26   0.102
19   27   0.025
19   28   0.102
19   29   0.082
19   30   0.044
19   31   0.096
19   32   0.048
19   33   0.103
19   34   0.022
19   35   0.122
19   36   0.032
19   37   0.088
19   38   0.026
19   39   0.011
19   40   0.109
19   41   0.002
19   42   0.055
19   43   0.003
19   44   0.095
19   45   0.022
19   46   0.005
19   47   0.11
19   48   0.07
19   49   0.128
19   50   0.118
19   51   0.027
19   52   0.061
19   53   0.026
19   54   0.051
19   55   0.119
19   56   0.036
19   57   0.107
19   58   0.109
19   59   0.007
19   60   0.092
19   61   0.06
19   62   0.003
19   63   0.124
19   64   0.155
19   65   0.011
19   66   0.117
19   68   0.046
19   69   0.061
19   70   0.091
19   71   0.089
19   72   0.113
19   73   0.051
19   74   0.03
19   75   0.01
19   76   0.081
19   77   0.048
19   78   0.041
19   79   0.126
19   80   0.002
19   81   0.121
19   82   0.113
19   83   0.312
20   21   0.035
20   22   0.056
20   23   0.013
20   24   0.004
20   25   0.137
20   26   0.038
20   27   0.009
20   28   0.084
20   29   0.023
20   30   0.068
20   31   0.09
20   32   0.053
20   33   0.095
20   34   0.036
20   35   0.041
20   36   0.173
20   37   0.059
20   38   0.067
20   39   0.05
20   40   0.109
20   41   0.12
20   42   0.032
20   43   0.011
20   44   0.075
20   45   0.073
20   46   0.032
20   47   0.073
20   48   0.182
20   49   0.101
20   50   0.066
20   51   0.072
20   52   0.024
20   53   0.005
20   54   0.115
20   55   0.105
20   56   0.22
20   57   0.159
20   58   0.076
20   59   0.161
20   60   0.014
20   61   0.047
20   62   0.018
20   63   0.065
20   64   0.071
20   65   0.01
20   66   0.042
20   67   0.018
20   68   0.072
20   69   0.077
20   70   0.079
20   71   0.095
20   72   0.089
20   73   0.048
20   74   0.208
20   75   0.068
20   76   0.06
20   77   0.031
20   78   0.133
20   79   0.002
20   81   0.078
20   82   0.054
20   83   0.039
21   22   0.056
21   23   0.11
21   24   0.097
21   25   0.111
21   26   0.077
21   27   0.061
21   28   0.18
21   29   0.109
21   30   0.028
21   31   0.039
21   32   0.067
21   33   0.012
21   34   0.042
21   35   0.133
21   36   0.081
21   37   0.123
21   38   0.135
21   39   0.172
21   40   0.064
21   41   0.065
21   42   0.113
21   43   0.126
21   44   0.103
21   45   0.103
21   46   0.01
21   47   0.064
21   48   0.037
21   49   0.074
21   50   0.071
21   51   0.156
21   52   0.07
21   53   0.159
21   54   0.13
21   55   0.073
21   56   0.126
21   57   0.113
21   58   0.174
21   59   0.158
21   60   0.072
21   61   0.075
21   62   0.01
21   63   0.104
21   64   0.078
21   65   0.145
21   66   0.03
21   67   0.044
21   68   0.088
21   69   0.099
21   70   0.087
21   71   0.053
21   72   0.103
21   73   0.134
21   74   0.128
21   75   0.085
21   76   0.084
21   77   0.132
21   78   0.053
21   79   0.038
21   81   0.04
21   82   0.077
21   83   0.072
22   23   0.032
22   24   0.104
22   25   0.172
22   26   0.006
22   27   0.095
22   28   0.143
22   29   0.16
22   30   0.104
22   31   0.202
22   32   0.075
22   33   0.198
22   34   0.115
22   35   0.088
22   36   0.137
22   37   0.113
22   38   0.157
22   39   0.121
22   40   0.023
22   41   0.018
22   42   0.065
22   43   0.151
22   44   0.121
22   45   0.081
22   46   0.206
22   47   0.213
22   48   0.114
22   49   0.002
22   50   0.066
22   51   0.149
22   52   0.082
22   53   0.065
22   54   0.067
22   55   0.096
22   56   0.029
22   57   0.098
22   58   0.018
22   59   0.026
22   60   0.011
22   61   0.005
22   62   0.076
22   63   0.105
22   64   0.1
22   65   0.033
22   66   0.031
22   67   0.295
22   68   0.157
22   69   0.136
22   70   0.027
22   71   0.142
22   72   0.117
22   73   0.157
22   74   0.05
22   75   0.119
22   76   0.111
22   77   0.108
22   78   0.129
22   79   0.041
22   80   0.099
22   81   0.043
22   82   0.054
22   83   0.176
23   24   0.13
23   25   0.121
23   26   0.084
23   27   0.026
23   28   0.156
23   29   0.121
23   30   0.065
23   31   0.046
23   32   0.154
23   33   0.099
23   34   0.045
23   35   0.116
23   36   0.111
23   37   0.175
23   38   0.16
23   39   0.217
23   40   0.109
23   41   0.121
23   42   0.138
23   43   0.117
23   44   0.122
23   45   0.126
23   46   0.167
23   47   0.151
23   48   0.083
23   49   0.001
23   50   0.159
23   51   0.09
23   52   0.148
23   53   0.139
23   54   0.123
23   55   0.175
23   56   0.11
23   57   0.105
23   58   0.169
23   59   0.143
23   60   0.153
23   61   0.106
23   62   0.154
23   63   0.122
23   64   0.1
23   65   0.131
23   66   0.102
23   67   0.048
23   68   0.008
23   69   0.125
23   70   0.106
23   71   0.155
23   72   0.15
23   73   0.181
23   74   0.005
23   75   0.121
23   76   0.175
23   77   0.073
23   78   0.105
23   79   0.067
23   80   0.03
23   81   0.156
23   82   0.114
23   83   0.127
24   25   0.189
24   26   0.031
24   27   0.057
24   28   0.008
24   29   0.163
24   30   0.061
24   31   0.225
24   32   0.054
24   33   0.015
24   34   0.059
24   35   0.02
24   36   0.042
24   37   0.173
24   38   0.039
24   39   0.108
24   40   0.077
24   41   0.028
24   42   0.069
24   43   0.04
24   44   0.126
24   45   0.199
24   46   0.027
24   47   0.17
24   48   0.008
24   49   0.084
24   50   0.138
24   51   0.056
24   52   0.13
24   53   0.031
24   54   0.014
24   55   0.15
24   56   0.034
24   57   0.055
24   58   0.046
24   60   0.071
24   61   0.163
24   62   0.021
24   63   0.123
24   65   0.044
24   66   0.11
24   67   0.026
24   68   0.03
24   69   0.129
24   70   0.095
24   71   0.102
24   72   0.053
24   73   0.124
24   74   0.143
24   75   0.114
24   76   0.128
24   77   0.172
24   78   0.058
24   79   0.126
24   82   0.036
24   83   0.093
25   26   0.165
25   27   0.109
25   28   0.094
25   29   0.114
25   30   0.033
25   31   0.037
25   32   0.021
25   33   0.203
25   34   0.141
25   35   0.252
25   36   0.252
25   37   0.185
25   38   0.131
25   39   0.082
25   40   0.032
25   41   0.004
25   42   0.206
25   43   0.193
25   44   0.196
25   45   0.02
25   46   0.17
25   47   0.045
25   48   0.125
25   49   0.08
25   50   0.199
25   51   0.198
25   52   0.08
25   53   0.09
25   54   0.045
25   55   0.11
25   56   0.018
25   57   0.171
25   58   0.121
25   59   0.214
25   60   0.001
25   61   0.198
25   62   0.221
25   63   0.093
25   64   0.083
25   65   0.153
25   66   0.199
25   67   0.22
25   68   0.217
25   69   0.159
25   70   0.142
25   71   0.09
25   72   0.132
25   73   0.194
25   74   0.185
25   75   0.184
25   76   0.014
25   77   0.092
25   78   0.115
25   79   0.167
25   80   0.069
25   81   0.227
25   82   0.21
25   83   0.249
26   27   0.098
26   28   0.075
26   29   0.096
26   30   0.058
26   31   0.115
26   32   0.029
26   33   0.141
26   34   0.142
26   35   0.032
26   36   0.137
26   37   0.073
26   38   0.124
26   39   0.184
26   40   0.008
26   41   0.016
26   42   0.13
26   43   0.158
26   44   0.102
26   45   0.111
26   46   0.103
26   47   0.192
26   48   0.155
26   49   0.023
26   50   0.173
26   51   0.116
26   52   0.074
26   53   0.024
26   54   0.047
26   55   0.052
26   56   0.052
26   57   0.16
26   58   0.05
26   59   0.119
26   60   0.014
26   61   0.161
26   62   0.087
26   63   0.095
26   64   0.07
26   65   0.112
26   66   0.145
26   67   0.123
26   68   0.022
26   69   0.082
26   70   0.084
26   71   0.088
26   72   0.076
26   73   0.129
26   74   0.115
26   75   0.134
26   76   0.054
26   77   0.001
26   78   0.088
26   79   0.12
26   80   0.032
26   81   0.035
26   82   0.086
26   83   0.153
27   28   0.105
27   29   0.084
27   30   0.101
27   31   0.05
27   32   0.128
27   33   0.173
27   34   0.155
27   35   0.109
27   36   0.108
27   37   0.149
27   38   0.13
27   39   0.175
27   40   0.17
27   41   0.013
27   42   0.113
27   43   0.093
27   44   0.152
27   45   0.064
27   46   0.172
27   47   0.149
27   48   0.118
27   49   0.013
27   50   0.121
27   51   0.098
27   52   0.145
27   53   0.116
27   54   0.196
27   55   0.154
27   56   0.136
27   57   0.11
27   58   0.12
27   59   0.084
27   60   0.141
27   61   0.054
27   62   0.127
27   63   0.023
27   64   0.138
27   65   0.048
27   66   0.045
27   67   0.037
27   68   0.064
27   69   0.114
27   70   0.124
27   71   0.187
27   72   0.158
27   73   0.075
27   74   0.192
27   75   0.15
27   76   0.178
27   77   0.106
27   78   0.103
27   79   0.035
27   80   0.005
27   81   0.138
27   82   0.205
27   83   0.162
28   29   0.043
28   30   0.026
28   31   0.078
28   32   0.014
28   33   0.079
28   34   0.174
28   35   0.05
28   36   0.124
28   37   0.098
28   38   0.115
28   39   0.084
28   40   0.166
28   41   0.048
28   42   0.115
28   43   0.126
28   44   0.009
28   45   0.182
28   46   0.074
28   47   0.076
28   48   0.008
28   49   0.03
28   50   0.051
28   51   0.092
28   52   0.202
28   53   0.09
28   54   0.015
28   55   0.055
28   56   0.13
28   57   0.135
28   58   0.188
28   59   0.199
28   60   0.074
28   61   0.117
28   62   0.108
28   63   0.03
28   64   0.143
28   65   0.004
28   66   0.02
28   67   0.058
28   68   0.038
28   69   0.072
28   70   0.091
28   71   0.002
28   72   0.115
28   73   0.038
28   74   0.059
28   75   0.121
28   76   0.16
28   77   0.006
28   78   0.135
28   79   0.061
28   80   0.086
28   81   0.151
28   82   0.01
28   83   0.135
29   30   0.112
29   31   0.069
29   32   0.007
29   33   0.098
29   34   0.005
29   35   0.106
29   36   0.076
29   37   0.09
29   38   0.091
29   39   0.112
29   40   0.072
29   41   0.028
29   42   0.104
29   43   0.052
29   44   0.074
29   45   0.108
29   46   0.071
29   47   0.105
29   48   0.071
29   50   0.074
29   51   0.078
29   52   0.014
29   53   0.15
29   54   0.048
29   55   0.094
29   56   0.136
29   57   0.102
29   58   0.12
29   59   0.187
29   60   0.201
29   61   0.034
29   62   0.038
29   63   0.108
29   64   0.036
29   65   0.047
29   66   0.107
29   67   0.017
29   68   0.073
29   69   0.038
29   70   0.1
29   71   0.229
29   72   0.002
29   73   0.006
29   74   0.012
29   75   0.135
29   76   0.007
29   77   0.124
29   78   0.024
29   79   0.037
29   80   0.073
29   81   0.029
29   82   0.01
29   83   0.092
30   31   0.068
30   32   0.073
30   33   0.059
30   34   0.016
30   35   0.093
30   36   0.123
30   37   0.091
30   38   0.024
30   39   0.092
30   40   0.123
30   41   0.005
30   42   0.175
30   43   0.178
30   44   0.033
30   45   0.028
30   46   0.059
30   48   0.046
30   49   0.037
30   50   0.036
30   51   0.012
30   52   0.022
30   53   0.052
30   54   0.054
30   55   0.021
30   56   0.17
30   57   0.041
30   58   0.111
30   59   0.162
30   60   0.075
30   61   0.178
30   62   0.141
30   63   0.028
30   64   0.111
30   65   0.162
30   66   0.129
30   67   0.106
30   69   0.062
30   70   0.024
30   71   0.044
30   72   0.052
30   73   0.093
30   74   0.084
30   75   0.112
30   76   0.068
30   77   0.095
30   78   0.264
30   79   0.12
30   80   0.017
30   82   0.149
30   83   0.036
31   32   0.045
31   33   0.034
31   34   0.015
31   35   0.086
31   36   0.141
31   37   0.031
31   38   0.106
31   39   0.107
31   40   0.048
31   41   0.091
31   42   0.138
31   43   0.042
31   44   0.179
31   45   0.022
31   46   0.221
31   47   0.052
31   48   0.041
31   50   0.154
31   52   0.069
31   53   0.052
31   54   0.156
31   55   0.077
31   56   0.136
31   57   0.07
31   58   0.067
31   59   0.187
31   60   0.022
31   61   0.023
31   62   0.021
31   63   0.032
31   64   0.002
31   66   0.056
31   68   0.036
31   69   0.033
31   70   0.03
31   71   0.125
31   72   0.035
31   73   0.201
31   74   0.191
31   75   0.038
31   76   0.08
31   77   0.073
31   78   0.033
31   79   0.052
31   80   0.021
31   82   0.037
31   83   0.116
32   33   0.004
32   34   0.08
32   35   0.004
32   36   0.015
32   37   0.022
32   38   0.167
32   39   0.109
32   40   0.034
32   41   0.117
32   42   0.035
32   43   0.009
32   44   0.183
32   45   0.058
32   46   0.096
32   47   0.053
32   48   0.02
32   49   0.046
32   50   0.104
32   51   0.091
32   52   0.138
32   54   0.182
32   55   0.084
32   56   0.101
32   57   0.031
32   58   0.108
32   59   0.17
32   60   0.014
32   62   0.108
32   63   0.074
32   64   0.06
32   65   0.015
32   67   0.007
32   68   0.247
32   69   0.065
32   70   0.113
32   71   0.031
32   72   0.035
32   73   0.07
32   74   0.087
32   75   0.109
32   76   0.05
32   77   0.103
32   78   0.059
32   80   0.155
32   81   0.093
32   82   0.046
32   83   0.069
33   34   0.145
33   35   0.076
33   36   0.165
33   37   0.149
33   38   0.021
33   39   0.181
33   40   0.022
33   41   0.093
33   42   0.078
33   43   0.07
33   44   0.077
33   45   0.16
33   46   0.144
33   47   0.104
33   48   0.032
33   49   0.142
33   50   0.057
33   51   0.031
33   52   0.051
33   53   0.119
33   54   0.046
33   55   0.001
33   56   0.184
33   57   0.228
33   58   0.123
33   59   0.119
33   60   0.027
33   61   0.004
33   62   0.087
33   63   0.118
33   64   0.201
33   65   0.146
33   66   0.005
33   67   0.191
33   68   0.084
33   69   0.133
33   70   0.107
33   71   0.052
33   72   0.16
33   73   0.073
33   74   0.22
33   75   0.251
33   76   0.176
33   77   0.11
33   78   0.132
33   79   0.071
33   80   0.063
33   81   0.153
33   82   0.246
33   83   0.004
34   35   0.079
34   36   0.126
34   37   0.15
34   38   0.155
34   39   0.082
34   40   0.158
34   41   0.039
34   42   0.069
34   43   0.11
34   44   0.101
34   45   0.004
34   46   0.158
34   47   0.021
34   48   0.155
34   49   0.118
34   50   0.079
34   51   0.14
34   52   0.011
34   53   0.001
34   54   0.003
34   55   0.094
34   56   0.109
34   57   0.154
34   58   0.036
34   59   0.092
34   60   0.029
34   61   0.123
34   62   0.196
34   63   0.068
34   64   0.098
34   66   0.173
34   67   0.093
34   68   0.042
34   69   0.034
34   70   0.096
34   71   0.081
34   72   0.05
34   73   0.033
34   74   0.141
34   75   0.046
34   76   0.065
34   77   0.004
34   78   0.056
34   79   0.026
34   80   0.152
34   81   0.042
34   82   0.024
34   83   0.166
35   36   0.057
35   37   0.028
35   38   0.1
35   39   0.008
35   40   0.127
35   41   0.035
35   42   0.144
35   43   0.167
35   44   0.158
35   45   0.139
35   46   0.151
35   47   0.062
35   48   0.106
35   49   0.001
35   50   0.151
35   51   0.168
35   52   0.054
35   53   0.048
35   54   0.074
35   55   0.179
35   56   0.147
35   57   0.051
35   58   0.092
35   59   0.159
35   60   0.156
35   61   0.046
35   62   0.068
35   63   0.091
35   64   0.037
35   65   0.112
35   66   0.053
35   67   0.103
35   68   0.008
35   69   0.095
35   70   0.097
35   71   0.148
35   72   0.11
35   73   0.044
35   74   0.127
35   75   0.138
35   76   0.108
35   77   0.071
35   78   0.023
35   79   0.076
35   80   0.084
35   81   0.155
35   82   0.04
35   83   0.084
36   37   0.178
36   38   0.111
36   39   0.149
36   40   0.074
36   41   0.106
36   42   0.059
36   43   0.099
36   44   0.207
36   45   0.099
36   46   0.15
36   47   0.043
36   48   0.039
36   49   0.041
36   50   0.181
36   51   0.145
36   52   0.047
36   53   0.099
36   54   0.04
36   55   0.007
36   56   0.099
36   57   0.058
36   58   0.029
36   59   0.052
36   60   0.011
36   61   0.142
36   62   0.083
36   63   0.04
36   64   0.008
36   65   0.188
36   66   0.16
36   67   0.097
36   68   0.189
36   69   0.142
36   70   0.007
36   71   0.14
36   72   0.066
36   73   0.153
36   74   0.156
36   75   0.219
36   76   0.032
36   77   0.119
36   78   0.053
36   79   0.149
36   80   0.081
36   81   0.028
36   82   0.008
36   83   0.174
37   38   0.051
37   39   0.162
37   40   0.073
37   41   0.052
37   42   0.085
37   43   0.206
37   44   0.154
37   45   0.045
37   46   0.183
37   47   0.039
37   48   0.109
37   49   0.091
37   50   0.216
37   51   0.164
37   52   0.034
37   53   0.069
37   54   0.165
37   55   0.136
37   56   0.152
37   57   0.014
37   58   0.135
37   59   0.037
37   60   0.048
37   61   0.177
37   62   0.012
37   63   0.1
37   64   0.131
37   65   0.045
37   66   0.234
37   67   0.08
37   68   0.061
37   69   0.113
37   70   0.101
37   71   0.173
37   72   0.157
37   73   0.093
37   74   0.137
37   75   0.189
37   76   0.175
37   77   0.093
37   78   0.098
37   79   0.066
37   80   0.122
37   81   0.161
37   82   0.054
37   83   0.122
38   39   0.212
38   40   0.125
38   41   0.054
38   42   0.02
38   43   0.106
38   44   0.103
38   45   0.027
38   46   0.061
38   47   0.043
38   48   0.017
38   49   0.117
38   50   0.002
38   51   0.081
38   52   0.032
38   53   0.012
38   54   0.042
38   55   0.047
38   56   0.071
38   57   0.028
38   58   0.007
38   59   0.029
38   60   0.073
38   61   0.124
38   62   0.025
38   63   0.081
38   64   0.183
38   65   0.079
38   66   0.021
38   67   0.001
38   68   0.041
38   69   0.077
38   70   0.075
38   71   0.211
38   72   0.127
38   73   0.044
38   74   0.176
38   75   0.159
38   76   0.063
38   77   0.115
38   78   0.023
38   79   0.184
38   80   0.095
38   81   0.002
38   82   0.111
38   83   0.188
39   40   0.166
39   41   0.006
39   42   0.062
39   43   0.086
39   44   0.027
39   45   0.005
39   46   0.021
39   47   0.032
39   48   0.105
39   49   0.13
39   50   0.036
39   51   0.094
39   52   0.006
39   53   0.125
39   54   0.046
39   55   0.028
39   56   0.045
39   57   0.096
39   58   0.109
39   59   0.043
39   60   0.072
39   61   0.071
39   62   0.155
39   63   0.001
39   64   0.214
39   65   0.069
39   66   0.005
39   67   0.089
39   68   0.057
39   69   0.166
39   70   0.002
39   71   0.113
39   72   0.134
39   73   0.029
39   74   0.193
39   75   0.21
39   76   0.147
39   77   0.211
39   78   0.053
39   79   0.077
39   80   0.003
39   81   0.081
39   82   0.193
39   83   0.171
40   41   0.034
40   42   0.01
40   43   0.145
40   44   0.067
40   45   0.088
40   46   0.081
40   47   0.033
40   48   0.008
40   49   0.004
40   50   0.144
40   51   0.012
40   52   0.09
40   53   0.018
40   54   0.087
40   55   0.038
40   56   0.02
40   57   0.042
40   58   0.044
40   59   0.001
40   60   0.037
40   61   0.12
40   62   0.084
40   63   0.01
40   64   0.088
40   65   0.016
40   66   0.157
40   68   0.008
40   69   0.038
40   70   0.033
40   71   0.051
40   72   0.047
40   73   0.179
40   74   0.024
40   75   0.092
40   76   0.044
40   77   0.177
40   78   0.002
40   80   0.082
40   81   0.081
40   82   0.023
40   83   0.024
41   42   0.005
41   43   0.009
41   44   0.157
41   45   0.095
41   46   0.169
41   47   0.095
41   48   0.026
41   49   0.034
41   50   0.013
41   51   0.117
41   52   0.038
41   53   0.211
41   54   0.044
41   55   0.174
41   56   0.134
41   57   0.002
41   58   0.127
41   59   0.085
41   60   0.002
41   61   0.147
41   62   0.113
41   63   0.062
41   64   0.102
41   65   0.074
41   66   0.004
41   67   0.038
41   68   0.03
41   69   0.101
41   70   0.039
41   71   0.236
41   72   0.01
41   73   0.008
41   74   0.135
41   75   0.044
41   76   0.098
41   77   0.074
41   78   0.023
41   79   0.048
41   80   0.074
41   82   0.089
41   83   0.087
42   43   0.14
42   44   0.112
42   45   0.076
42   46   0.039
42   47   0.104
42   48   0.027
42   49   0.019
42   50   0.011
42   51   0.114
42   52   0.065
42   53   0.053
42   54   0.023
42   55   0.099
42   56   0.026
42   57   0.068
42   58   0.009
42   59   0.045
42   60   0.075
42   61   0.047
42   62   0.041
42   63   0.033
42   64   0.131
42   65   0.153
42   66   0.192
42   67   0.211
42   68   0.104
42   69   0.132
42   70   0.03
42   71   0.153
42   72   0.09
42   73   0.173
42   74   0.187
42   75   0.093
42   76   0.084
42   77   0.007
42   78   0.13
42   79   0.263
42   80   0.016
42   81   0.026
42   82   0.027
42   83   0.084
43   44   0.039
43   45   0.003
43   46   0.061
43   47   0.123
43   48   0.106
43   49   0.124
43   50   0.022
43   51   0.134
43   52   0.007
43   53   0.113
43   54   0.074
43   55   0.124
43   56   0.138
43   57   0.147
43   58   0.125
43   59   0.064
43   60   0.026
43   61   0.038
43   62   0.027
43   63   0.029
43   64   0.177
43   65   0.079
43   66   0.212
43   67   0.212
43   68   0.142
43   69   0.195
43   70   0.125
43   71   0.178
43   72   0.109
43   73   0.003
43   74   0.109
43   75   0.131
43   76   0.156
43   77   0.084
43   78   0.152
43   79   0.025
43   80   0.047
43   81   0.035
43   82   0.047
43   83   0.126
44   45   0.1
44   46   0.138
44   47   0.03
44   48   0.05
44   49   0.118
44   50   0.072
44   51   0.066
44   52   0.081
44   53   0.014
44   54   0.068
44   55   0.115
44   56   0.095
44   57   0.149
44   58   0.047
44   59   0.135
44   60   0.116
44   61   0.108
44   62   0.124
44   63   0.013
44   64   0.1
44   65   0.07
44   66   0.206
44   67   0.167
44   68   0.105
44   69   0.025
44   70   0.072
44   71   0.086
44   72   0.103
44   73   0.122
44   74   0.147
44   75   0.124
44   76   0.061
44   77   0.122
44   78   0.05
44   79   0.103
44   80   0.061
44   81   0.015
44   82   0.006
44   83   0.049
45   46   0.049
45   47   0.028
45   48   0.013
45   49   0.027
45   50   0.039
45   51   0.045
45   52   0.072
45   53   0.063
45   54   0.027
45   55   0.052
45   56   0.129
45   57   0.151
45   58   0.018
45   59   0.021
45   60   0.159
45   61   0.036
45   62   0.08
45   63   0.08
45   64   0.016
45   65   0.146
45   66   0.121
45   67   0.061
45   68   0.164
45   69   0.041
45   70   0.021
45   71   0.016
45   72   0.084
45   73   0.027
45   74   0.076
45   75   0.056
45   76   0.032
45   78   0.002
45   79   0.012
45   80   0.05
45   81   0.061
45   82   0.046
45   83   0.037
46   47   0.294
46   48   0.164
46   49   0.016
46   50   0.05
46   51   0.115
46   52   0.042
46   53   0.066
46   54   0.003
46   55   0.186
46   56   0.051
46   57   0.047
46   58   0.054
46   59   0.052
46   60   0.004
46   61   0.057
46   62   0.084
46   63   0.013
46   64   0.139
46   65   0.072
46   66   0.139
46   67   0.061
46   68   0.04
46   69   0.104
46   70   0.17
46   71   0.108
46   72   0.141
46   73   0.038
46   74   0.037
46   75   0.162
46   76   0.15
46   77   0.055
46   78   0.136
46   79   0.016
46   80   0.031
46   81   0.027
46   82   0.105
46   83   0.058
47   48   0.07
47   49   0.054
47   50   0.012
47   51   0.056
47   52   0.086
47   53   0.072
47   54   0.005
47   55   0.09
47   56   0.039
47   57   0.062
47   58   0.11
47   59   0.022
47   60   0.068
47   61   0.151
47   62   0.059
47   63   0.208
47   64   0.122
47   65   0.122
47   66   0.03
47   67   0.081
47   68   0.018
47   69   0.208
47   70   0.011
47   71   0.152
47   72   0.136
47   73   0.011
47   74   0.09
47   75   0.096
47   76   0.197
47   77   0.114
47   78   0.054
47   79   0.025
47   80   0.033
47   81   0.177
47   82   0.05
47   83   0.062
48   49   0.033
48   50   0.041
48   51   0.25
48   52   0.007
48   53   0.001
48   54   0.124
48   55   0.101
48   56   0.02
48   57   0.171
48   58   0.121
48   59   0.063
48   60   0.134
48   61   0.102
48   62   0.044
48   63   0.029
48   64   0.394
48   65   0.097
48   66   0.211
48   67   0.022
48   68   0.028
48   69   0.018
48   70   0.034
48   71   0.14
48   72   0.009
48   73   0.105
48   74   0.052
48   75   0.105
48   76   0.148
48   77   0.075
48   78   0.109
48   79   0.164
48   80   0.036
48   82   0.077
48   83   0.058
49   50   0.086
49   51   0.173
49   52   0.036
49   53   0.092
49   54   0.064
49   55   0.028
49   56   0.078
49   57   0.103
49   58   0.036
49   59   0.011
49   60   0.002
49   61   0.191
49   62   0.017
49   63   0.015
49   64   0.012
49   65   0.045
49   66   0.12
49   67   0.027
49   68   0.081
49   69   0.075
49   70   0.1
49   71   0.186
49   72   0.072
49   73   0.047
49   74   0.093
49   75   0.008
49   76   0.09
49   77   0.057
49   78   0.104
49   79   0.153
49   80   0.103
49   81   0.022
49   82   0.065
49   83   0.018
50   51   0.035
50   52   0.023
50   53   0.272
50   54   0.077
50   55   0.078
50   56   0.001
50   57   0.153
50   58   0.018
50   59   0.075
50   60   0.063
50   61   0.055
50   62   0.031
50   63   0.011
50   64   0.117
50   65   0.067
50   66   0.001
50   67   0.021
50   68   0.182
50   69   0.083
50   70   0.101
50   71   0.088
50   72   0.19
50   73   0.027
50   74   0.033
50   75   0.037
50   76   0.031
50   77   0.092
50   78   0.222
50   79   0.138
50   80   0.169
50   81   0.048
50   82   0.087
50   83   0.114
51   52   0.005
51   53   0.014
51   54   0.065
51   55   0.045
51   56   0.022
51   57   0.186
51   58   0.053
51   59   0.1
51   60   0.153
51   61   0.04
51   62   0.077
51   63   0.125
51   64   0.026
51   65   0.006
51   66   0.077
51   67   0.105
51   68   0.043
51   69   0.076
51   70   0.033
51   71   0.018
51   72   0.034
51   73   0.111
51   74   0.036
51   75   0.028
51   76   0.008
51   77   0.055
51   78   0.09
51   79   0.019
51   80   0.103
51   81   0.075
51   82   0.046
51   83   0.156
52   53   0.039
52   54   0.069
52   55   0.19
52   56   0.063
52   57   0.138
52   58   0.023
52   59   0.122
52   60   0.057
52   61   0.202
52   62   0.086
52   63   0.216
52   64   0.072
52   65   0.092
52   66   0.113
52   67   0.049
52   68   0.049
52   69   0.03
52   70   0.018
52   71   0.038
52   72   0.188
52   74   0.04
52   75   0.009
52   76   0.118
52   77   0.001
52   78   0.037
52   79   0.062
52   80   0.068
52   81   0.017
52   82   0.054
52   83   0.102
53   54   0.074
53   55   0.204
53   56   0.113
53   57   0.027
53   58   0.078
53   59   0.089
53   60   0.127
53   61   0.099
53   62   0.055
53   63   0.164
53   64   0.069
53   65   0.032
53   66   0.097
53   67   0.058
53   68   0.079
53   69   0.023
53   70   0.025
53   71   0.063
53   72   0.063
53   73   0.085
53   74   0.141
53   75   0.044
53   76   0.046
53   77   0.226
53   78   0.012
53   79   0.09
53   80   0.104
53   81   0.076
53   82   0.004
53   83   0.008
54   55   0.041
54   56   0.058
54   57   0.047
54   58   0.005
54   59   0.06
54   61   0.168
54   62   0.009
54   63   0.078
54   64   0.026
54   65   0.057
54   66   0.057
54   67   0.027
54   68   0.087
54   69   0.026
54   70   0.206
54   71   0.085
54   72   0.126
54   73   0.099
54   74   0.001
54   75   0.017
54   76   0.058
54   77   0.034
54   78   0.012
54   79   0.077
54   80   0.084
54   81   0.074
54   82   0.059
54   83   0.018
55   56   0.148
55   57   0.173
55   58   0.035
55   59   0.118
55   60   0.063
55   61   0.062
55   62   0.013
55   63   0.055
55   64   0.099
55   65   0.091
55   66   0.022
55   67   0.117
55   68   0.025
55   69   0.017
55   70   0.088
55   71   0.056
55   72   0.113
55   73   0.136
55   74   0.05
55   75   0.118
55   76   0.039
55   78   0.004
55   79   0.049
55   80   0.053
55   81   0.113
55   82   0.092
55   83   0.068
56   57   0.216
56   58   0.187
56   59   0.019
56   60   0.106
56   61   0.019
56   62   0.042
56   63   0.128
56   64   0.089
56   65   0.197
56   66   0.073
56   67   0.04
56   68   0.147
56   69   0.066
56   70   0.026
56   71   0.154
56   72   0.173
56   73   0.077
56   74   0.125
56   75   0.099
56   76   0.131
56   77   0.062
56   78   0.166
56   79   0.014
56   80   0.044
56   81   0.123
56   82   0.001
56   83   0.029
57   58   0.111
57   59   0.07
57   60   0.06
57   61   0.092
57   62   0.068
57   63   0.126
57   64   0.078
57   65   0.165
57   66   0.08
57   67   0.081
57   68   0.031
57   69   0.023
57   70   0.018
57   71   0.077
57   72   0.129
57   73   0.07
57   74   0.082
57   75   0.104
57   76   0.144
57   77   0.068
57   78   0.093
57   79   0.011
57   80   0.104
57   81   0.22
57   82   0.091
57   83   0.057
58   59   0.008
58   60   0.072
58   61   0.027
58   62   0.018
58   63   0.095
58   64   0.032
58   65   0.015
58   66   0.052
58   67   0.067
58   68   0.08
58   69   0.01
58   70   0.095
58   71   0.01
58   72   0.124
58   73   0.031
58   74   0.116
58   75   0.012
58   76   0.053
58   77   0.004
58   78   0.168
58   79   0.002
58   80   0.097
58   81   0.08
58   82   0.045
58   83   0.099
59   60   0.045
59   61   0.034
59   62   0.034
59   63   0.168
59   64   0.154
59   65   0.074
59   66   0.099
59   67   0.044
59   68   0.05
59   69   0.075
59   70   0.069
59   71   0.054
59   72   0.122
59   73   0.047
59   74   0.074
59   75   0.314
59   76   0.023
59   77   0.099
59   78   0.18
59   79   0.201
59   80   0.121
59   81   0.031
59   82   0.017
59   83   0.005
60   61   0.043
60   62   0.097
60   63   0.196
60   64   0.036
60   65   0.121
60   66   0.019
60   67   0.024
60   68   0.023
60   69   0.114
60   70   0.155
60   71   0.006
60   72   0.092
60   73   0.062
60   74   0.018
60   75   0.02
60   76   0.083
60   77   0.009
60   78   0.109
60   80   0.056
60   81   0.185
60   82   0.073
60   83   0.085
61   62   0.016
61   63   0.141
61   64   0.095
61   65   0.094
61   66   0.063
61   67   0.019
61   68   0.275
61   69   0.058
61   70   0.173
61   71   0.046
61   72   0.068
61   73   0.117
61   74   0.085
61   75   0.097
61   76   0.001
61   77   0.099
61   78   0.165
61   79   0.125
61   80   0.03
61   81   0.077
61   82   0.024
61   83   0.02
62   63   0.116
62   64   0.121
62   65   0.147
62   66   0.019
62   67   0.108
62   68   0.118
62   69   0.079
62   70   0.087
62   71   0.113
62   72   0.117
62   73   0.244
62   74   0.098
62   75   0.111
62   76   0.065
62   77   0.082
62   78   0.121
62   79   0.038
62   80   0.09
62   81   0.016
62   82   0.078
62   83   0.109
63   64   0.038
63   65   0.05
63   66   0.069
63   67   0.001
63   68   0.081
63   69   0.029
63   70   0.036
63   71   0.145
63   72   0.106
63   73   0.001
63   74   0.111
63   75   0.083
63   76   0.108
63   77   0.102
63   78   0.084
63   79   0.188
63   80   0.115
63   81   0.062
63   82   0.05
63   83   0.032
64   65   0.073
64   66   0.068
64   67   0.177
64   68   0.011
64   69   0.082
64   70   0.047
64   71   0.076
64   72   0.027
64   73   0.082
64   74   0.003
64   75   0.096
64   76   0.041
64   77   0.018
64   78   0.2
64   79   0.166
64   81   0.035
64   82   0.075
64   83   0.166
65   66   0.141
65   67   0.023
65   68   0.05
65   69   0.072
65   70   0.055
65   71   0.025
65   72   0.036
65   73   0.169
65   74   0.02
65   75   0.051
65   76   0.004
65   77   0.018
65   78   0.082
65   79   0.023
65   80   0.164
65   81   0.128
65   82   0.012
65   83   0.134
66   67   0.083
66   68   0.016
66   69   0.139
66   70   0.099
66   71   0.067
66   72   0.136
66   73   0.169
66   74   0.051
66   75   0.126
66   76   0.047
66   77   0.037
66   78   0.098
66   79   0.027
66   80   0.063
66   81   0.102
66   82   0.058
66   83   0.056
67   68   0.015
67   69   0.12
67   70   0.073
67   71   0.102
67   72   0.129
67   73   0.151
67   74   0.04
67   75   0.095
67   76   0.024
67   77   0.063
67   78   0.084
67   79   0.043
67   80   0.047
67   81   0.136
67   82   0.045
67   83   0.076
68   69   0.009
68   70   0.087
68   71   0.009
68   72   0.063
68   73   0.152
68   74   0.144
68   75   0.043
68   76   0.063
68   77   0.049
68   78   0.132
68   79   0.133
68   80   0.032
68   81   0.021
68   82   0.105
68   83   0.037
69   70   0.126
69   71   0.014
69   72   0.1
69   73   0.161
69   74   0.015
69   75   0.097
69   76   0.013
69   77   0.057
69   78   0.027
69   79   0.17
69   80   0.012
69   81   0.074
69   82   0.005
69   83   0.062
70   71   0.034
70   72   0.104
70   73   0.112
70   74   0.086
70   75   0.085
70   76   0.03
70   77   0.036
70   78   0.04
70   79   0.162
70   80   0.202
70   81   0.093
70   82   0.008
70   83   0.003
71   72   0.052
71   73   0.234
71   74   0.005
71   75   0.023
71   76   0.095
71   77   0.104
71   78   0.06
71   79   0.167
71   80   0.012
71   81   0.015
71   82   0.042
71   83   0.14
72   73   0.077
72   74   0.048
72   75   0.116
72   76   0.144
72   77   0.065
72   78   0.15
72   79   0.131
72   80   0.091
72   81   0.028
72   82   0.071
72   83   0.145
73   74   0.001
73   75   0.065
73   76   0.085
73   77   0.096
73   78   0.093
73   79   0.016
73   80   0.072
73   81   0.151
73   82   0.091
73   83   0.013
74   75   0.029
74   76   0.062
74   77   0.045
74   78   0.049
74   79   0.027
74   80   0.028
74   81   0.022
74   82   0.096
74   83   0.213
75   76   0.066
75   77   0.068
75   78   0.082
75   79   0.043
75   80   0.003
75   81   0.035
75   82   0.09
75   83   0.116
76   77   0.033
76   78   0.032
76   79   0.136
76   80   0.071
76   81   0.004
76   82   0.007
76   83   0.111
77   78   0.092
77   79   0.116
77   80   0.039
77   81   0.026
77   82   0.056
77   83   0.002
78   79   0.008
78   80   0.014
78   81   0.028
78   82   0.039
78   83   0.016
79   80   0.103
79   81   0.007
79   82   0.161
79   83   0.071
80   81   0.033
80   82   0.053
80   83   0.05
81   82   0.008
81   83   0.203
82   83   0.004
