1   7   0.035
1   8   0.173
1   14   0.088
1   23   0.128
1   29   0.019
1   30   0.061
2   9   0.091
2   13   0.061
2   22   0.1
2   24   0.134
2   26   0.183
2   27   0.017
2   31   0.009
2   36   0.122
2   37   0.151
2   38   0.137
2   42   0.12
2   51   0.137
2   76   0.115
3   7   0.093
3   8   0.142
3   14   0.105
3   17   0.094
3   21   0.076
3   23   0.091
3   26   0.137
3   27   0.133
3   36   0.104
3   37   0.204
3   38   0.134
3   39   0.13
3   52   0.158
3   76   0.145
4   9   0.099
4   10   0.019
4   12   0.005
4   15   0.049
4   20   0.019
4   24   0.093
4   28   0.044
5   6   0.167
5   12   0.029
5   15   0.096
5   24   0.105
5   32   0.063
5   34   0.084
5   40   0.171
5   41   0.127
6   7   0.04
6   8   0.081
6   12   0.016
6   15   0.087
6   28   0.002
6   32   0.033
6   40   0.116
6   41   0.008
7   8   0.109
7   10   0.04
7   14   0.106
7   23   0.118
7   24   0.144
7   28   0.038
7   29   0.157
7   30   0.084
7   33   0.085
7   36   0.116
7   38   0.148
8   10   0.058
8   12   0.147
8   14   0.101
8   17   0.087
8   23   0.134
8   28   0.106
8   30   0.123
8   32   0.031
8   40   0.168
8   41   0.031
9   10   0.154
9   12   0.091
9   15   0.058
9   20   0.016
9   22   0.01
9   24   0.126
9   27   0.057
9   28   0.113
9   36   0.106
9   40   0.037
9   58   0.015
9   73   0.092
9   77   0.125
10   12   0.019
10   14   0.061
10   15   0.009
10   20   0.056
10   28   0.048
10   29   0.045
10   34   0.08
10   36   0.048
10   40   0.093
10   41   0.077
11   13   0.084
11   17   0.105
11   18   0.078
11   19   0.113
11   25   0.114
11   26   0.187
11   27   0.157
11   31   0.126
11   34   0.134
11   37   0.031
11   38   0.08
11   42   0.069
11   49   0.066
11   62   0.251
11   80   0.107
12   15   0.048
12   20   0.025
12   24   0.052
12   28   0.048
12   40   0.018
13   25   0.039
13   26   0.032
13   27   0.088
13   31   0.006
13   34   0.011
13   36   0.011
13   37   0.065
13   38   0.014
13   41   0.041
13   42   0.071
13   44   0.047
13   49   0.057
13   62   0.196
13   74   0.104
13   75   0.159
13   76   0.159
13   80   0.118
14   17   0.097
14   23   0.138
14   28   0.121
14   29   0.016
14   30   0.139
14   32   0.189
14   34   0.021
14   41   0.026
15   20   0.082
15   24   0.036
15   28   0.087
15   36   0.036
15   40   0.113
16   22   0.078
16   23   0.132
16   24   0.047
16   27   0.027
16   28   0.014
16   36   0.088
16   38   0.128
16   39   0.006
16   65   0.084
16   71   0.109
16   72   0.133
16   76   0.147
17   18   0.11
17   19   0.036
17   21   0.092
17   23   0.017
17   26   0.164
17   27   0.084
17   29   0.056
17   30   0.079
17   34   0.075
17   36   0.149
17   37   0.206
17   38   0.121
17   76   0.144
18   19   0.008
18   26   0.106
18   27   0.208
18   31   0.026
18   34   0.156
18   36   0.177
18   37   0.193
18   38   0.174
18   76   0.2
19   26   0.16
19   27   0.171
19   34   0.052
19   36   0.196
19   37   0.241
19   38   0.129
19   76   0.202
20   24   0.104
20   28   0.025
21   23   0.056
21   28   0.009
21   30   0.023
21   33   0.053
21   34   0.095
21   36   0.041
21   37   0.173
21   38   0.059
21   39   0.067
22   23   0.056
22   24   0.11
22   25   0.097
22   27   0.077
22   28   0.061
22   65   0.078
22   71   0.087
22   72   0.053
22   76   0.085
23   27   0.006
23   28   0.095
23   29   0.143
23   30   0.16
23   33   0.075
23   34   0.198
23   36   0.088
23   37   0.137
23   38   0.113
23   39   0.157
23   40   0.121
23   65   0.1
23   71   0.027
23   72   0.142
23   76   0.119
24   27   0.084
24   28   0.026
24   33   0.154
24   36   0.116
24   40   0.217
24   58   0.105
24   71   0.106
24   73   0.15
24   77   0.175
25   26   0.189
25   27   0.031
25   31   0.061
25   42   0.028
25   49   0.008
25   62   0.163
25   74   0.124
25   75   0.143
25   76   0.114
25   80   0.126
26   27   0.165
26   31   0.033
26   34   0.203
26   36   0.252
26   37   0.252
26   38   0.185
26   39   0.131
26   42   0.004
26   51   0.199
26   62   0.198
26   67   0.199
26   74   0.194
26   75   0.185
26   76   0.184
26   80   0.167
27   28   0.098
27   31   0.058
27   34   0.141
27   36   0.032
27   37   0.137
27   38   0.073
27   39   0.124
27   43   0.13
27   44   0.158
27   45   0.102
27   46   0.111
27   51   0.173
27   52   0.116
27   62   0.161
27   65   0.07
27   66   0.112
27   67   0.145
27   68   0.123
27   71   0.084
27   72   0.088
27   74   0.129
27   75   0.115
27   76   0.134
27   80   0.12
28   29   0.105
28   30   0.084
28   33   0.128
28   34   0.173
28   36   0.109
28   38   0.149
28   39   0.13
28   40   0.175
28   58   0.11
28   73   0.158
28   77   0.178
29   30   0.043
29   32   0.078
29   33   0.014
29   34   0.079
29   41   0.166
30   33   0.007
30   34   0.098
30   36   0.106
30   38   0.09
31   34   0.059
31   37   0.123
31   38   0.091
31   62   0.178
31   74   0.093
31   75   0.084
31   76   0.112
31   80   0.12
32   34   0.034
32   36   0.086
32   40   0.107
32   41   0.048
33   34   0.004
33   38   0.022
34   36   0.076
34   38   0.149
34   41   0.022
34   42   0.093
35   36   0.079
35   39   0.155
35   46   0.004
35   84   0.166
36   37   0.057
36   38   0.028
36   39   0.1
36   40   0.008
36   41   0.127
36   42   0.035
36   76   0.138
36   84   0.084
37   38   0.178
37   39   0.111
37   42   0.106
37   62   0.142
37   76   0.219
38   39   0.051
38   41   0.073
38   42   0.052
38   76   0.189
39   40   0.212
39   41   0.125
39   76   0.159
39   84   0.188
40   41   0.166
42   44   0.009
42   49   0.026
42   62   0.147
43   44   0.14
43   45   0.112
43   46   0.076
43   47   0.039
43   48   0.104
43   49   0.027
43   51   0.011
43   52   0.114
43   56   0.099
43   58   0.068
43   59   0.009
43   64   0.033
43   65   0.131
43   67   0.192
43   68   0.211
43   70   0.132
43   71   0.03
43   72   0.153
43   73   0.09
43   75   0.187
43   76   0.093
43   77   0.084
43   81   0.016
43   83   0.027
43   84   0.084
44   45   0.039
44   46   0.003
44   49   0.106
44   51   0.022
44   52   0.134
44   60   0.064
44   62   0.038
44   66   0.079
44   67   0.212
44   68   0.212
44   70   0.195
44   72   0.178
44   75   0.109
44   76   0.131
44   80   0.025
45   46   0.1
45   48   0.03
45   49   0.05
45   51   0.072
45   52   0.066
45   56   0.115
45   59   0.047
45   60   0.135
45   62   0.108
45   66   0.07
45   67   0.206
45   68   0.167
45   70   0.025
45   72   0.086
45   73   0.103
45   75   0.147
45   76   0.124
45   77   0.061
45   78   0.122
45   79   0.05
45   80   0.103
45   82   0.015
45   83   0.006
46   47   0.049
46   48   0.028
46   52   0.045
46   65   0.016
46   70   0.041
46   72   0.016
46   75   0.076
46   76   0.056
46   77   0.032
46   84   0.037
47   48   0.294
47   54   0.066
47   55   0.003
47   56   0.186
47   57   0.051
47   58   0.047
47   59   0.054
47   61   0.004
47   63   0.084
47   64   0.013
47   72   0.108
47   73   0.141
47   77   0.15
47   81   0.031
48   54   0.072
48   55   0.005
48   57   0.039
48   59   0.11
48   63   0.059
48   77   0.197
48   78   0.114
48   81   0.033
48   83   0.05
49   51   0.041
49   60   0.063
49   62   0.102
49   74   0.105
49   80   0.164
49   83   0.077
50   56   0.028
50   57   0.078
50   63   0.017
50   77   0.09
50   78   0.057
50   79   0.104
51   58   0.153
51   62   0.055
51   71   0.101
51   73   0.19
51   74   0.027
51   75   0.033
51   76   0.037
52   56   0.045
52   57   0.022
52   66   0.006
52   68   0.105
52   72   0.018
52   75   0.036
52   76   0.028
52   77   0.008
53   58   0.138
53   59   0.023
53   61   0.057
53   64   0.216
53   69   0.049
53   73   0.188
53   77   0.118
54   55   0.074
54   64   0.164
54   73   0.063
54   81   0.104
54   83   0.004
55   56   0.041
55   57   0.058
55   59   0.005
55   64   0.078
55   77   0.058
55   81   0.084
56   57   0.148
56   59   0.035
56   63   0.013
56   66   0.091
56   70   0.017
56   72   0.056
56   73   0.113
56   77   0.039
56   79   0.004
56   82   0.113
56   83   0.092
57   59   0.187
57   61   0.106
57   63   0.042
57   64   0.128
57   77   0.131
57   79   0.166
57   81   0.044
58   59   0.111
58   61   0.06
58   64   0.126
58   71   0.018
58   73   0.129
58   76   0.104
58   77   0.144
59   61   0.072
59   63   0.018
59   64   0.095
59   69   0.08
59   77   0.053
59   78   0.004
59   83   0.045
60   62   0.034
60   67   0.099
60   68   0.044
60   74   0.047
60   75   0.074
60   80   0.201
60   83   0.017
61   64   0.196
61   69   0.023
61   73   0.092
61   77   0.083
62   74   0.117
62   76   0.097
62   80   0.125
62   83   0.024
63   75   0.098
63   77   0.065
63   78   0.082
63   79   0.121
63   81   0.09
63   83   0.078
64   69   0.081
64   73   0.106
64   77   0.108
65   70   0.082
65   71   0.047
65   72   0.076
65   73   0.027
65   76   0.096
65   77   0.041
66   67   0.141
66   68   0.023
66   70   0.072
66   72   0.025
66   75   0.02
66   76   0.051
66   79   0.082
66   83   0.012
67   68   0.083
67   75   0.051
67   76   0.126
67   80   0.027
67   83   0.058
68   72   0.102
68   75   0.04
68   76   0.095
68   79   0.084
68   83   0.045
69   73   0.063
69   77   0.063
70   72   0.014
70   77   0.013
70   79   0.027
70   82   0.074
70   83   0.005
71   72   0.034
71   73   0.104
71   74   0.112
71   76   0.085
71   77   0.03
72   75   0.005
72   76   0.023
72   77   0.095
72   79   0.06
72   83   0.042
73   76   0.116
73   77   0.144
73   78   0.065
73   82   0.028
74   75   0.001
74   76   0.065
74   80   0.016
75   76   0.029
75   80   0.027
75   83   0.096
76   80   0.043
76   83   0.09
77   78   0.033
77   79   0.032
77   82   0.004
77   83   0.007
78   79   0.092
78   81   0.039
78   82   0.026
78   83   0.056
79   82   0.028
79   83   0.039
80   83   0.161
81   83   0.053
82   83   0.008
