1   7   0.14619755142766183
1   8   0.09514747755042437
1   14   0.02489887334080713
1   17   0.14041515637176058
1   23   0.01077287132002613
1   28   0.0950869799742442
1   29   0.16312074399129234
1   30   0.055196400408992714
2   9   0.06507687096193744
2   13   0.04205775793442328
2   17   0.02495995529272997
2   22   0.05418111458617198
2   24   0.027368567513270322
2   25   0.07577476214466922
2   26   0.04112566371372121
2   27   0.012820185892925566
2   31   0.11272111547294864
2   36   0.0007264931479795717
2   37   0.07624563232692283
2   38   0.06513747031015876
2   42   0.032094626537008536
2   51   0.07333921339256814
2   62   0.02092179933870653
2   75   0.07962256933656599
2   76   0.13769461714027265
2   80   0.052837555217575695
3   7   0.024968129751680744
3   8   0.1069200915852897
3   14   0.026195199297484244
3   17   0.061768618100040244
3   19   0.018524206966675467
3   21   0.17923621575463153
3   23   0.17336617431389617
3   26   0.020678946834685248
3   27   0.1245636466591
3   28   0.22814909745737028
3   30   0.0817207420962936
3   34   0.09784264140259474
3   36   0.082535911820967
3   37   0.017679393164247718
3   38   0.022733957090246462
3   39   0.035765164813558084
3   51   0.015516337230072036
3   52   0.013585773069041955
3   76   0.01442134908778086
4   9   0.058822878291344555
4   10   0.09668284279210211
4   12   0.024344977264890134
4   15   0.13618740717971717
4   20   0.12405190672793467
4   24   0.28011234022126225
4   28   0.0396455253126908
4   77   0.06357510826710962
5   6   0.14802830472662323
5   9   0.05369117386354261
5   12   0.05250389765964002
5   15   0.1672538996431138
5   24   0.05722275232954927
5   32   0.006457661670115968
5   34   0.024544040328604366
5   36   0.07011135086575974
5   40   0.06819474304574745
5   41   0.05856168973280104
6   7   0.03749109333923865
6   8   0.08852454836241293
6   9   0.03568389924475149
6   10   0.16755190480503218
6   12   0.03159577647734806
6   14   0.16277060512563757
6   15   0.07273258004602676
6   20   0.13747087411381556
6   28   0.029857947376917708
6   32   0.16727582620824075
6   36   0.004384375486671131
6   40   0.07988858742644518
6   41   0.04728545847887386
7   8   0.020001885682525176
7   9   0.03469942001960422
7   10   0.1965551027068369
7   14   0.10473021787015602
7   15   0.008230991893751897
7   17   0.0567387270365472
7   21   0.053830889681191374
7   23   0.04089418389382789
7   24   0.022793470957787
7   28   0.08067949861501479
7   29   0.05988324181079573
7   30   0.030182905800015012
7   33   0.032377548072023886
7   34   0.16579603844938287
7   36   0.00029069874302146384
7   38   0.09094304701206865
7   39   0.13473357862153224
7   40   0.04806769486690835
7   41   0.07660662852814966
8   10   0.007489256440591769
8   12   0.10663926839553428
8   14   0.12035449123713167
8   15   0.03682894148235579
8   17   0.20594056732792604
8   23   0.029350074645995185
8   26   0.0902218249492136
8   28   0.0024009395781739375
8   29   0.06747270544588964
8   30   0.018181457296237342
8   32   0.0077817321906534205
8   34   0.14681034121943973
8   36   0.021043295984531543
8   40   0.03659668946295107
8   41   0.16866660046781357
9   10   0.02200652833873292
9   12   0.31726075829784567
9   15   0.021680066426152046
9   20   0.18131571452785528
9   22   0.1780491943576708
9   24   0.03753601068730185
9   25   0.06152076394096269
9   27   0.14934638021821464
9   28   0.00469220597469856
9   29   0.0669115964053403
9   36   0.09359929112094971
9   38   0.003743955470952958
9   40   0.06367617519953102
9   42   0.055431013386899125
9   58   0.05803646643795278
9   73   0.0199362856559622
9   77   0.04241293163310175
10   12   0.1758159545706266
10   14   0.08813303451892014
10   15   0.005807076446859275
10   20   0.06976463330856097
10   24   0.00875491407929656
10   28   0.10695475250974225
10   29   0.029955051043671025
10   34   0.0888693733123647
10   36   0.07552635492027288
10   38   0.15877035407142226
10   40   0.0048071330096791575
10   41   0.0032226933790189616
11   13   0.0641115969442268
11   17   0.039674083454093304
11   18   0.07647210010019757
11   19   0.1735751334997436
11   25   0.025683353576408614
11   26   0.08414812459441723
11   27   0.03761150513510094
11   31   0.09144691969223348
11   34   0.13040243532402535
11   36   0.09952660969715312
11   37   0.11918258598196545
11   38   0.058412530947848026
11   42   0.03758129991899803
11   49   0.01749344144809184
11   62   0.11372194357106714
11   74   0.0051049419825725285
11   76   0.005812313318754941
11   80   0.06587887747227922
12   14   0.20339105317286119
12   15   0.05307498139643396
12   20   0.09345994554033005
12   24   0.1358066056731894
12   28   0.14092559332135193
12   29   0.11493328494320341
12   32   0.01230027776906427
12   34   0.06524563554982957
12   36   0.2512520847683371
12   40   0.15338492397720907
12   41   0.07473411684863075
13   22   0.061465851784497934
13   25   0.08057741700688704
13   26   0.06478690049358267
13   27   0.1922923942943191
13   31   0.02144745873878516
13   32   0.009203595394014896
13   34   0.03993175145088345
13   36   0.21614732121878244
13   37   0.0015385033834714073
13   38   0.07610603598194396
13   41   0.12705556861699518
13   42   0.051350146560102804
13   44   0.10482293454942761
13   49   0.023915205335262542
13   60   0.004964272089876631
13   62   0.0788973983822598
13   74   0.053977434179075266
13   75   0.18970921437324054
13   76   0.023282918554508356
13   80   0.09894903715029417
14   17   0.1288517360835164
14   23   0.11389258802029395
14   26   0.07297360004079541
14   28   0.048399914020989414
14   29   0.06691620746493127
14   30   0.10089601578383035
14   32   0.003554203960792755
14   34   0.10644644859631346
14   36   0.02239685127750307
14   40   0.13050091964302035
14   41   0.193862585096387
15   20   0.13384700947423972
15   22   0.05820004192726336
15   24   0.04549403409188167
15   27   0.1291629773849593
15   28   0.003163813808791992
15   32   0.030317093844303047
15   36   0.02221268563459615
15   40   0.1634248100087543
15   41   0.01927045206035899
16   21   0.04105672625476863
16   22   0.06321752414769387
16   23   0.0732925521682167
16   24   0.10490351020313055
16   27   0.04905036073324569
16   28   0.05093980192053651
16   36   0.057274543243629815
16   37   0.11202864700121852
16   38   0.038533581016370035
16   39   0.024092402044777365
16   65   0.15521613206973392
16   70   0.15732062952469542
16   71   0.06357193925045869
16   72   0.12840264334408144
16   73   0.06932362218823193
16   76   0.12730985964829805
17   18   0.07849720714527679
17   19   0.026702800258933557
17   21   0.0005142738301625011
17   23   0.032924396110142314
17   26   0.08679838484596493
17   27   0.034078080170467845
17   29   0.11608078461560459
17   30   0.07841615272646558
17   33   0.11251480015538118
17   34   0.07550247031955636
17   36   0.015894960063887832
17   37   0.06213940369532964
17   38   0.15004666386589915
17   39   0.06881314590134352
17   76   0.07720309070665919
18   19   0.04633436853589639
18   26   0.05328374292380793
18   27   0.052470277574210855
18   31   0.11102929591193549
18   34   0.18577789018083132
18   36   0.02438871479585998
18   37   0.006314676612503357
18   38   0.09478122144520194
18   75   0.054349279871922083
18   76   0.06371345368891974
18   80   0.10001017546260753
19   23   0.02555462613081451
19   26   0.02651696084518593
19   27   0.05388602186842675
19   34   0.023169946407844384
19   36   0.0683133446821332
19   37   0.14546428308667295
19   38   0.13093765455564071
19   39   0.17300775713968117
19   75   0.05779254452966506
19   76   0.11641080737297808
20   24   0.05176736888294013
20   28   0.09319380914246408
20   36   0.22659656201629072
20   40   0.0828893735125824
20   77   0.15920246660838683
21   22   0.25451587525439034
21   23   0.08374582690205677
21   27   0.1282254940357961
21   28   0.03982963012515268
21   29   0.06399518517874384
21   30   0.11417415831360112
21   33   0.08922360572306555
21   34   0.11635719788152105
21   36   0.07812021375812532
21   37   0.008692358564602608
21   38   0.12234383551236118
21   39   0.15360632239453245
21   40   0.0017132005112306256
21   65   0.07909621042693754
21   71   0.129720573510111
22   23   0.21571852107579756
22   24   0.03548150305594399
22   25   0.19150967826362225
22   27   0.23130013401449753
22   28   0.11434948958394138
22   36   0.12613584197761224
22   38   0.13756442148208506
22   42   0.10989673163277153
22   65   0.12320398504606965
22   71   0.13806047484900583
22   72   0.0822702487534041
22   73   0.07288713793549755
22   76   0.04185252821682179
23   24   0.04653144473109712
23   26   0.02933260289901399
23   27   0.18303073810140583
23   28   0.037387314213481654
23   29   0.045066077286972844
23   30   0.031121247813338224
23   33   0.04277391099348851
23   34   0.10834360794636039
23   36   0.09658209576314393
23   37   0.04645256414148768
23   38   0.07242030296209885
23   39   0.10990813456853178
23   40   0.06708283000133403
23   46   0.029952966936454915
23   65   0.01594622912146797
23   71   0.11373418715720697
23   72   0.04328789075623227
23   76   0.09270317138575916
24   25   0.09599288799409361
24   27   0.043179906388181505
24   28   0.04599537745476499
24   29   0.042088989692821946
24   30   0.11892674044627788
24   33   0.04241592734646045
24   34   0.23420063182069661
24   36   0.06013593956554407
24   38   0.024250644103037112
24   39   0.061454128499913385
24   40   0.04477388920115613
24   43   0.06665437559407886
24   45   0.20545359604445282
24   47   0.015515404135237838
24   58   0.12836717983162832
24   65   0.1136153241003831
24   71   0.11471163258307468
24   73   0.0161928898554942
24   77   0.011589880775934107
24   78   0.018982912826752657
25   26   0.04375043736685549
25   27   0.009302104220675938
25   31   0.05982800190816585
25   37   0.010202948724851434
25   38   0.049234017797646024
25   42   0.1446781160137943
25   44   0.07416430325783836
25   49   0.010143847289037403
25   62   0.09933608208653268
25   74   0.09444664707137668
25   75   0.1917420758350857
25   76   0.004207862541936106
25   80   0.08572647312441638
26   27   0.02400430508783064
26   31   0.025374848752597552
26   34   0.142377120195921
26   36   0.07878579120721123
26   37   0.07608243349590615
26   38   0.06843357650392459
26   39   0.028122267679211194
26   42   0.06830306549692976
26   44   0.06310528536530689
26   45   0.10625976563501954
26   51   0.22281070336907657
26   62   0.027337473840544746
26   66   0.02909297717226649
26   67   0.046163897983308055
26   68   0.06314942873670475
26   74   0.09749651298735118
26   75   0.13473951405143844
26   76   0.03246361204905819
26   80   0.017546748975532274
27   28   0.12984726954715825
27   31   0.16283061896487183
27   34   0.10894376292478337
27   36   0.07113657681116083
27   37   0.06639575957976764
27   38   0.14493960637946018
27   39   0.06144779026098271
27   40   0.08650974222821918
27   42   0.1317509917712456
27   43   0.029259220193761606
27   44   0.029494839149839504
27   45   0.04163787774991267
27   46   0.07718320231859194
27   51   0.0076008491750390456
27   52   0.09048581027305613
27   62   0.05164079557763686
27   65   0.07849094451589253
27   66   0.011652835428268149
27   67   0.007446776735381889
27   68   0.011376478986921313
27   71   0.08551925594964262
27   72   0.022968457158986075
27   74   0.008198021937507688
27   75   0.045778572962504004
27   76   0.20341453301653264
27   80   0.057107793701925307
28   29   0.05468699217541618
28   30   0.07764965501254836
28   33   0.06133775426757553
28   34   0.1659282992278862
28   36   0.007656527948017115
28   38   0.05672324691711741
28   39   0.027098141402219635
28   40   0.02572713572143841
28   41   0.16392079414924812
28   43   0.11841966621875756
28   47   0.06095994299800118
28   58   0.14385390320176972
28   71   0.04372800720939925
28   73   0.05926988476666409
28   77   0.025566912593553703
29   30   0.11041079440266655
29   32   0.18660901126011864
29   33   0.04455862908701516
29   34   0.05740095267380806
29   36   0.01395325375614033
29   38   0.19434709627152802
29   40   0.06970797082227098
29   41   0.12562860477940718
30   33   0.1177728368951974
30   34   0.040507880270780755
30   36   0.12883260430360685
30   38   0.19574850974154934
30   39   0.1270883157047346
31   34   0.0944571967368772
31   37   0.004715415385222905
31   38   0.11849828319441673
31   42   0.017066476571113907
31   44   0.1294141720419043
31   51   0.14493323520986265
31   60   0.04738444909395267
31   62   0.0015111020405228338
31   67   0.05837479496399951
31   74   0.034128034164543374
31   75   0.08995124457433014
31   76   0.014258063728696443
31   80   0.10860308494922367
32   34   0.13148952752829
32   36   0.109189020928449
32   40   0.005601542103355269
32   41   0.2083623373027066
33   34   0.06831702443531848
33   38   0.18895055376128983
34   36   0.24330622049209696
34   37   0.08610759099496604
34   38   0.04348000130439646
34   40   0.017984500436086178
34   41   0.03218843305954985
34   42   0.02791168858997804
35   36   0.11137924488942516
35   37   0.08418080581106889
35   39   0.151395570590387
35   41   0.0926043507547999
35   43   0.12971822331726543
35   46   0.09635573081915033
35   84   0.16574916361070308
36   37   0.1017953278355964
36   38   0.11693394722810926
36   39   0.11705836667215942
36   40   0.012927011327469701
36   41   0.08919615242208687
36   42   0.05535700114768991
36   43   0.18757320666433525
36   73   0.1955313139126998
36   76   0.0063016861072859795
36   77   0.1819752529576022
36   84   0.1103730025612042
37   38   0.055671220603280426
37   39   0.046504701692859994
37   40   0.02459246856420376
37   42   0.10881427022064008
37   49   0.07359441288693669
37   62   0.18161281176203067
37   75   0.06433887641599438
37   76   0.11052912380881352
37   80   0.05157091519064111
38   39   0.011402371648618731
38   40   0.10201126041081963
38   41   0.08221265173162967
38   42   0.05236315214253069
38   76   0.09242278023548946
39   40   0.0042005298859384204
39   41   0.15338738906474886
39   72   0.08893814044940457
39   76   0.00021189850871476793
39   84   0.11654747516364178
40   41   0.1666495262366221
40   73   0.05565889544579611
40   77   0.13544294175890045
42   44   0.003918557226663119
42   45   0.05726186984431433
42   49   0.1094151478392043
42   60   0.006932016452412494
42   62   0.1015430957193426
42   74   0.07576838589916698
43   44   0.04629051269834473
43   45   0.00900565499647187
43   46   0.034739235599972454
43   47   0.1345988833178517
43   48   0.05492412458474571
43   49   0.03715727032561804
43   51   0.16344975679730253
43   52   0.04209398299468846
43   54   0.11450894885213223
43   55   0.01971687296193553
43   56   0.0068884722215006725
43   57   0.07279400426878867
43   58   0.09719408245533026
43   59   0.14381221600126884
43   61   0.22118810015590637
43   63   0.07999465053086087
43   64   0.10718317089166261
43   65   0.08385189599436535
43   66   0.00646168830294856
43   67   0.0523160370960111
43   68   0.08996954358720863
43   70   0.06421748279629126
43   71   0.02813036742161865
43   72   0.055330867298826136
43   73   0.01449272806122622
43   75   0.018521882454990184
43   76   0.014901982582665183
43   77   0.1785492656184377
43   78   0.11651477202866765
43   79   0.0758171498502718
43   80   0.029813847574136132
43   81   0.04301498528607442
43   83   0.058347016763415846
43   84   0.06991710544818469
44   45   0.008794128965203644
44   46   0.019721975224408272
44   47   0.020765604953539445
44   49   0.032327854367589
44   51   0.002034025896290049
44   52   0.12476845711231328
44   60   0.07111594179979605
44   62   0.1133963321942698
44   65   0.0030448723130859744
44   66   0.12236926178260994
44   67   0.0812687068387547
44   68   0.039098230823626165
44   70   0.034661126514913515
44   72   0.02223166183490453
44   74   0.05552412108019367
44   75   0.02121083232682972
44   76   0.054743579671711784
44   80   0.06345546917343198
44   84   0.05894990043367615
45   46   0.012935177927361334
45   47   0.033655266220681844
45   48   0.06396795505535836
45   49   0.04786822503946821
45   51   0.08592267013945132
45   52   0.016236533740109402
45   56   0.06885789014825575
45   57   0.03597942888683625
45   59   0.0890106063909493
45   60   0.0985367370759285
45   62   0.021886616606316963
45   63   0.01145487941308916
45   65   0.007337076816494632
45   66   0.007585554754331742
45   67   0.023005957094283325
45   68   0.021456745181120635
45   70   0.05896514141890098
45   71   0.06460791173678877
45   72   0.006604526527632729
45   73   0.09519624675796443
45   74   0.08734608605481523
45   75   0.0031819392950883647
45   76   0.19369348590344143
45   77   0.05233578653866667
45   78   0.015767062754650712
45   79   0.04038606030318921
45   80   0.17497105004244246
45   81   0.09873394418390646
45   82   0.02107546969519513
45   83   0.10690684274715656
46   47   0.11838954928037439
46   48   0.12095356009768149
46   52   0.07959627085465326
46   56   0.140887080843922
46   65   0.028317133768413716
46   66   0.03266750098301117
46   67   0.07688567873474961
46   68   0.15257917516921357
46   70   0.053307383151736686
46   72   0.01276888714990608
46   73   0.12691526675997325
46   75   0.1431433583636521
46   76   0.17548140636246856
46   77   0.05513877112644792
46   79   0.14203957325821556
46   83   0.07024534336661344
46   84   0.034121819676137824
47   48   0.04021036133448418
47   54   0.05681147322990779
47   55   0.07204446420643439
47   56   0.0861706991020637
47   57   0.020635728437107648
47   58   0.03569235028964269
47   59   0.06766107991706685
47   61   0.16897239139117984
47   63   0.06507946238319877
47   64   0.16794869721018435
47   69   0.1278644685897696
47   70   0.018275952633118108
47   72   0.05488194587164996
47   73   0.1882122531090491
47   76   0.046097460019089265
47   77   0.14264636613719806
47   78   0.04066022805547127
47   81   0.026296203473932182
47   83   0.09451499731243843
48   54   0.07795994727555734
48   55   0.05830914988655451
48   56   0.16094877161548146
48   57   0.04241116914624635
48   59   0.02213767431280417
48   60   0.09917880507109876
48   61   0.06386594070119661
48   63   0.029127631414874403
48   64   0.058592099963177206
48   77   0.0325723624405518
48   78   0.15193943697930878
48   81   0.1004742533357438
48   83   0.11996018386139289
48   84   0.013461097423466762
49   51   0.3016588470867332
49   58   0.09720518720607535
49   60   0.008139350401181947
49   62   0.06849191702825233
49   71   0.12018436890078388
49   74   0.09604141864764047
49   75   0.20602389470637691
49   76   0.057091790832303334
49   80   0.1059968489672424
49   83   0.11448304140149967
50   56   0.050690083567122596
50   57   0.06928542123135749
50   63   0.023233220520542015
50   75   0.164390715514972
50   77   0.016405204025553222
50   78   0.09760538121608557
50   79   0.024898793223194153
50   83   0.07834637906193143
51   58   0.11644684540101494
51   62   0.08819329322036093
51   66   0.12253553268609553
51   71   0.08711053407769793
51   73   0.002879390993094305
51   74   0.12887211054794517
51   75   0.2717310596518437
51   76   0.032455148216960356
52   56   0.19149718568882926
52   57   0.06740673851866598
52   63   0.07147963899836061
52   66   0.008204991697282013
52   68   0.04962356041506577
52   70   0.03287893363689464
52   72   0.1262773121544389
52   75   0.009666197910113746
52   76   0.13485628003088426
52   77   0.030003590423378936
52   79   0.04100756687429697
52   83   0.03528125715712847
53   58   0.032357752247557006
53   59   0.10888631445095154
53   61   0.06075175582455848
53   64   0.007830949669963323
53   69   0.07847027939100512
53   73   0.06461071102252985
53   77   0.09884135807050745
54   55   0.09430515361340445
54   58   0.11398819623245275
54   61   0.053985238948842336
54   64   0.1780823152968825
54   73   0.1761810805358848
54   77   0.2296321077054921
54   81   0.0730690541831026
54   83   0.1267848563259177
55   56   0.08715039068335013
55   57   0.016084755767317015
55   58   0.05246677791031166
55   59   0.14768662630558987
55   61   0.1271934181245371
55   63   0.03978809002514095
55   64   0.006577814697925407
55   69   0.0583920719973622
55   77   0.055874872924779634
55   81   0.11354413955512366
55   83   0.020873009782002842
56   57   0.015323189225400553
56   58   0.06211728617952502
56   59   0.051278577987628096
56   63   0.001673124909286363
56   64   0.05425263613682888
56   66   0.1926153025186341
56   68   0.09357401992914177
56   70   0.06469430190473045
56   72   0.08538494267234588
56   73   0.01671467713423987
56   75   0.023870424336900658
56   77   0.0359451907990946
56   78   0.011080871878166393
56   79   0.11542526528869648
56   82   0.05906112602556972
56   83   0.03207982158050222
57   59   0.03990348172774873
57   61   0.06206285866078566
57   63   0.1219770001819598
57   64   0.13054709948433352
57   66   0.13292760988635943
57   72   0.05198895120255355
57   75   0.04616637036465686
57   77   0.029250741217643365
57   78   0.12499132900372521
57   79   0.005482263199278205
57   81   0.08354104230112544
57   83   0.048312252319520015
58   59   0.02943610635211434
58   61   0.020439770322352196
58   64   0.01597095144623268
58   69   0.042796490637908545
58   71   0.03625307560006799
58   73   0.026830195975620343
58   74   0.06790223581932155
58   76   0.20374192665105495
58   77   0.005066630694828215
58   78   0.20699449962648567
59   61   0.06637957329337668
59   63   0.04420603595523224
59   64   0.006312957466259895
59   69   0.016755354878648265
59   73   0.06663277510186826
59   77   0.18603574763128064
59   78   0.12432255555297284
59   83   0.17973436892090763
60   62   0.10551233834234242
60   66   0.16460610954948418
60   67   0.13853092648817464
60   68   0.04763413677607284
60   74   0.06910806798145075
60   75   0.06589273759386868
60   76   0.21463857539921774
60   78   0.0828801619909941
60   80   0.1825444133277083
60   81   0.004094881485956927
60   83   0.10426663855691563
61   63   0.14336431150228648
61   64   0.04058772196683417
61   69   0.11327262942834875
61   73   0.05096400962377984
61   77   0.17848928990432963
61   78   0.07828583684505017
61   83   0.11188193068330073
62   74   0.1319368088138189
62   75   0.11798031091547857
62   76   0.04899187276773536
62   80   0.04884889124819179
62   83   0.105049351024918
63   66   0.1831884033276436
63   68   0.03482463500632334
63   72   0.08199297409847678
63   75   0.015417552522691842
63   77   0.08670987171583926
63   78   0.14179528695578852
63   79   0.015028067601031262
63   81   0.003770116689635173
63   83   0.010937231053456276
64   69   0.0007021050679830643
64   71   0.13680334714365394
64   73   0.12603042964597394
64   76   0.2732672087043749
64   77   0.0362938509820301
64   84   0.05748076914333173
65   70   0.1571724524933169
65   71   0.14638938149341188
65   72   0.09001696309811935
65   73   0.05856515187057952
65   76   0.07917156599301468
65   77   0.17817967584784902
66   67   0.06258797181444649
66   68   0.03971530033170248
66   70   0.03413228232487479
66   72   0.032353636673070715
66   75   0.049844848247967144
66   76   0.02531559260865802
66   77   0.08465371142126138
66   79   0.05004048644713718
66   83   0.07885476426448763
67   68   0.0003379644421240078
67   72   0.167542892687043
67   75   0.07272679887621875
67   76   0.10741940254008173
67   79   0.033088961036863575
67   80   0.0976430163778847
67   83   0.054352339302296646
68   72   0.17865708832523505
68   75   0.18636818077156597
68   76   0.007309602283521371
68   79   0.0002907608445793774
68   83   0.14192054835461587
69   73   0.07060573706479834
69   77   0.13242247339335866
70   71   0.1919314856896039
70   72   0.02537677697993042
70   76   0.12844169360321472
70   77   0.028655431445145086
70   78   0.039977347581560185
70   79   0.22538086774287025
70   82   0.04550958674781071
70   83   0.02001274357531508
71   72   0.15109790310245771
71   73   0.08596126408263634
71   74   0.02141306692602721
71   76   0.17417599201342507
71   77   0.08641685250172138
72   75   0.11492573082830565
72   76   0.023093202629373574
72   77   0.0479092703738241
72   79   0.01532237935547176
72   83   0.10097971713171715
73   74   0.1058569393257073
73   76   0.03805782007525674
73   77   0.1308100577774239
73   78   0.030749359696969406
73   79   0.07531582799795856
73   82   0.015867404882750062
73   83   0.07910861065815936
74   75   0.152818931312412
74   76   0.02629518124048146
74   80   0.12486911601483072
75   76   0.08270330471258333
75   79   0.08701138639092947
75   80   0.04668089964799301
75   83   0.04881298705303913
76   77   0.07174184998860202
76   80   0.10490034759501665
76   83   0.020821909551169835
77   78   0.15782103640213446
77   79   0.026675407848029742
77   82   0.0655077927874248
77   83   0.058816355980402295
78   79   0.11885939896522359
78   81   0.08165183925421747
78   82   0.027327994847685458
78   83   0.12131154472948961
79   82   0.18190120062578488
79   83   0.08296650127444584
80   83   0.05452745316728948
81   83   0.11402421465274282
82   83   0.02651338047857013
