1   3   0.097
1   6   0.025
1   7   0.09
1   8   0.095
1   10   0.192
1   14   0.042
1   17   0.025
1   19   0.198
1   21   0.128
1   23   0.026
1   24   0.057
1   26   0.083
1   27   0.09
1   28   0.119
1   29   0.086
1   30   0.09
1   33   0.051
1   34   0.045
1   36   0.018
1   38   0.207
1   73   0.058
1   77   0.049
2   3   0.047
2   9   0.024
2   11   0.071
2   13   0.09
2   15   0.001
2   16   0.101
2   17   0.074
2   18   0.019
2   19   0.046
2   22   0.068
2   23   0.055
2   24   0.05
2   25   0.117
2   26   0.025
2   27   0.16
2   28   0.066
2   31   0.073
2   34   0.058
2   36   0.079
2   37   0.201
2   38   0.118
2   39   0.163
2   42   0.051
2   43   0.095
2   44   0.039
2   45   0.051
2   49   0.007
2   51   0.151
2   52   0.08
2   62   0.048
2   66   0.037
2   68   0.035
2   71   0.108
2   72   0.006
2   74   0.148
2   75   0.016
2   76   0.055
2   80   0.165
3   6   0.064
3   7   0.051
3   8   0.012
3   10   0.127
3   14   0.056
3   17   0.038
3   18   0.042
3   19   0.074
3   21   0.001
3   22   0.201
3   23   0.009
3   24   0.093
3   26   0.004
3   27   0.004
3   28   0.15
3   29   0.041
3   30   0.04
3   33   0.101
3   34   0.035
3   36   0.058
3   37   0.062
3   38   0.011
3   39   0.039
3   40   0.041
3   43   0.139
3   45   0.104
3   46   0.066
3   51   0.151
3   52   0.024
3   65   0.131
3   66   0.025
3   68   0.093
3   71   0.099
3   72   0.131
3   75   0.09
3   76   0.01
4   5   0.006
4   6   0.079
4   7   0.044
4   8   0.014
4   9   0.034
4   10   0.188
4   12   0.175
4   14   0.088
4   15   0.115
4   20   0.076
4   24   0.155
4   28   0.01
4   29   0.101
4   34   0.049
4   36   0.043
4   38   0.042
4   40   0.122
4   41   0.145
4   47   0.021
4   53   0.016
4   58   0.045
4   59   0.09
4   61   0.018
4   69   0.021
4   73   0.097
4   77   0.125
5   6   0.133
5   7   0.12
5   8   0.129
5   9   0.133
5   10   0.019
5   12   0.083
5   15   0.054
5   20   0.119
5   24   0.03
5   27   0.139
5   28   0.149
5   29   0.006
5   32   0.079
5   34   0.007
5   35   0.091
5   36   0.031
5   40   0.044
5   41   0.092
5   47   0.044
5   84   0.049
6   7   0.007
6   8   0.035
6   9   0.151
6   10   0.125
6   12   0.061
6   13   0.037
6   14   0.122
6   15   0.062
6   17   0.053
6   20   0.237
6   23   0.068
6   24   0.081
6   26   0.076
6   28   0.07
6   29   0.039
6   30   0.137
6   32   0.068
6   34   0.08
6   36   0.027
6   38   0.018
6   39   0.014
6   40   0.054
6   41   0.031
6   42   0.057
6   47   0.042
6   58   0.008
6   59   0.002
6   73   0.076
6   77   0.066
7   8   0.006
7   9   0.093
7   10   0.06
7   12   0.027
7   14   0.06
7   15   0.008
7   17   0.094
7   19   0.158
7   20   0.104
7   21   0.01
7   23   0.081
7   24   0.081
7   26   0.045
7   27   0.021
7   28   0.027
7   29   0.111
7   30   0.1
7   32   0.146
7   33   0.171
7   34   0.03
7   36   0.088
7   37   0.042
7   38   0.155
7   39   0.005
7   40   0.02
7   41   0.056
7   43   0.024
7   47   0.007
7   58   0.031
7   73   0.057
7   77   0.092
8   9   0.058
8   10   0.044
8   12   0.019
8   13   0.026
8   14   0.009
8   15   0.027
8   17   0.052
8   19   0.009
8   20   0.091
8   21   0.055
8   23   0.008
8   24   0.156
8   26   0.032
8   27   0.138
8   28   0.013
8   29   0.021
8   30   0.067
8   32   0.033
8   33   0.051
8   34   0.138
8   36   0.052
8   38   0.181
8   39   0.06
8   40   0.035
8   41   0.113
8   42   0.121
8   43   0.013
8   56   0.059
8   58   0.026
8   73   0.019
8   77   0.08
9   10   0.105
9   12   0.073
9   13   0.056
9   14   0.084
9   15   0.099
9   16   0.022
9   17   0.062
9   20   0.076
9   21   0.006
9   22   0.041
9   23   0.142
9   24   0.074
9   25   0.102
9   26   0.111
9   27   0.034
9   28   0.124
9   29   0.037
9   30   0.085
9   31   0.071
9   33   0.055
9   34   0.023
9   36   0.065
9   37   0.014
9   38   0.05
9   39   0.068
9   40   0.154
9   41   0.121
9   42   0.027
9   43   0.009
9   45   0.019
9   47   0.053
9   49   0.017
9   51   0.197
9   53   0.046
9   56   0.007
9   58   0.004
9   59   0.037
9   61   0.184
9   62   0.164
9   63   0.147
9   64   0.107
9   65   0.026
9   69   0.003
9   70   0.112
9   71   0.106
9   72   0.11
9   73   0.148
9   75   0.021
9   76   0.044
9   77   0.084
9   78   0.029
9   79   0.161
9   80   0.024
9   83   0.015
10   12   0.161
10   13   0.01
10   14   0.108
10   15   0.211
10   20   0.13
10   24   0.037
10   28   0.119
10   29   0.074
10   30   0.034
10   32   0.053
10   33   0.068
10   34   0.014
10   36   0.072
10   38   0.1
10   39   0.086
10   40   0.042
10   41   0.173
10   43   0.048
10   47   0.14
10   53   0.063
10   55   0.09
10   57   0.02
10   58   0.026
10   59   0.089
10   61   0.162
10   64   0.099
10   69   0.016
10   73   0.145
10   77   0.13
11   13   0.195
11   14   0.032
11   17   0.033
11   18   0.098
11   19   0.132
11   23   0.087
11   25   0.188
11   26   0.022
11   27   0.086
11   29   0.064
11   31   0.132
11   32   0.128
11   34   0.036
11   36   0.005
11   37   0.062
11   38   0.022
11   39   0.009
11   41   0.113
11   42   0.051
11   44   0.025
11   49   0.018
11   51   0.062
11   60   0.051
11   62   0.103
11   67   0.136
11   74   0.145
11   75   0.156
11   76   0.005
11   80   0.249
12   13   0.027
12   14   0.014
12   15   0.102
12   20   0.206
12   24   0.047
12   28   0.08
12   29   0.011
12   32   0.008
12   34   0.014
12   36   0.071
12   38   0.033
12   40   0.147
12   41   0.058
12   47   0.226
12   53   0.192
12   54   0.127
12   58   0.033
12   59   0.127
12   61   0.171
12   64   0.04
12   69   0.015
12   73   0.151
12   77   0.148
13   14   0.127
13   18   0.11
13   22   0.049
13   24   0.067
13   25   0.056
13   26   0.028
13   27   0.133
13   29   0.134
13   31   0.085
13   32   0.028
13   34   0.042
13   36   0.014
13   37   0.063
13   38   0.025
13   39   0.115
13   40   0.057
13   41   0.05
13   42   0.092
13   43   0.137
13   44   0.101
13   45   0.013
13   46   0.015
13   48   0.013
13   49   0.075
13   51   0.04
13   60   0.087
13   62   0.232
13   67   0.267
13   71   0.053
13   73   0.083
13   74   0.123
13   75   0.071
13   76   0.047
13   80   0.211
13   83   0.059
14   15   0.07
14   17   0.04
14   18   0.011
14   19   0.025
14   20   0.016
14   21   0.106
14   23   0.029
14   24   0.042
14   26   0.013
14   27   0.022
14   28   0.035
14   29   0.059
14   30   0.04
14   32   0.215
14   33   0.171
14   34   0.229
14   36   0.065
14   38   0.082
14   39   0.097
14   40   0.032
14   41   0.018
14   42   0.055
14   73   0.06
14   77   0.021
15   20   0.306
15   21   0.098
15   22   0.002
15   23   0.045
15   24   0.156
15   27   0.14
15   28   0.161
15   29   0.128
15   30   0.082
15   32   0.112
15   34   0.064
15   35   0.066
15   36   0.156
15   37   0.036
15   38   0.101
15   40   0.107
15   41   0.037
15   43   0.087
15   47   0.123
15   53   0.075
15   58   0.058
15   59   0.115
15   61   0.139
15   69   0.069
15   73   0.022
15   77   0.111
15   84   0.229
16   17   0.01
16   21   0.024
16   22   0.062
16   23   0.093
16   24   0.058
16   27   0.023
16   28   0.027
16   30   0.051
16   34   0.046
16   36   0.056
16   37   0.073
16   38   0.069
16   39   0.025
16   40   0.011
16   43   0.125
16   45   0.098
16   46   0.137
16   52   0.022
16   65   0.039
16   70   0.059
16   71   0.064
16   72   0.008
16   73   0.009
16   76   0.019
16   77   0.004
16   79   0.044
17   18   0.051
17   19   0.086
17   21   0.067
17   22   0.063
17   23   0.103
17   24   0.059
17   26   0.046
17   27   0.017
17   28   0.032
17   29   0.035
17   30   0.059
17   33   0.108
17   34   0.064
17   36   0.024
17   37   0.043
17   38   0.122
17   39   0.062
17   43   0.057
17   44   0.005
17   51   0.159
17   52   0.049
17   66   0.074
17   72   0.008
17   75   0.003
17   76   0.042
18   19   0.098
18   21   0.029
18   23   0.091
18   25   0.112
18   26   0.082
18   27   0.188
18   29   0.115
18   30   0.147
18   31   0.03
18   34   0.069
18   36   0.012
18   37   0.168
18   38   0.034
18   39   0.004
18   42   0.027
18   44   0.097
18   62   0.064
18   67   0.1
18   74   0.019
18   75   0.051
18   76   0.019
18   80   0.087
19   21   0.185
19   23   0.078
19   25   0.019
19   26   0.068
19   27   0.054
19   29   0.108
19   30   0.089
19   31   0.103
19   33   0.105
19   34   0.074
19   36   0.049
19   37   0.097
19   38   0.011
19   39   0.132
19   44   0.01
19   51   0.075
19   68   0.05
19   74   0.065
19   75   0.012
19   76   0.028
19   80   0.013
20   24   0.251
20   28   0.129
20   29   0.081
20   32   0.067
20   34   0.119
20   36   0.032
20   38   0.026
20   40   0.226
20   41   0.05
20   47   0.135
20   53   0.11
20   58   0.071
20   59   0.012
20   61   0.136
20   64   0.203
20   69   0.005
20   73   0.147
20   77   0.085
21   22   0.048
21   23   0.049
21   24   0.075
21   26   0.031
21   27   0.055
21   28   0.073
21   29   0.157
21   30   0.073
21   33   0.007
21   34   0.078
21   35   0.069
21   36   0.037
21   37   0.148
21   38   0.066
21   39   0.055
21   40   0.005
21   41   0.07
21   43   0.077
21   65   0.026
21   70   0.045
21   71   0.12
21   72   0.099
21   73   0.117
21   76   0.123
21   77   0.04
21   78   0.191
21   79   0.038
21   82   0.043
22   23   0.03
22   24   0.013
22   25   0.049
22   26   0.028
22   27   0.027
22   28   0.038
22   29   0.043
22   30   0.042
22   31   0.039
22   34   0.174
22   36   0.044
22   37   0.027
22   38   0.095
22   39   0.084
22   40   0.041
22   42   0.072
22   43   0.061
22   44   0.04
22   45   0.074
22   46   0.21
22   51   0.102
22   52   0.079
22   58   0.114
22   62   0.014
22   65   0.019
22   70   0.04
22   71   0.086
22   72   0.091
22   73   0.059
22   75   0.035
22   76   0.011
22   77   0.005
22   79   0.04
22   80   0.009
23   24   0.036
23   26   0.013
23   27   0.019
23   28   0.028
23   29   0.06
23   30   0.1
23   33   0.061
23   34   0.139
23   35   0.121
23   36   0.128
23   37   0.007
23   38   0.021
23   39   0.085
23   40   0.176
23   41   0.065
23   43   0.101
23   44   0.087
23   45   0.12
23   46   0.151
23   51   0.094
23   52   0.069
23   65   0.073
23   66   0.027
23   70   0.008
23   72   0.028
23   73   0.119
23   76   0.032
23   77   0.046
23   79   0.078
23   84   0.064
24   25   0.039
24   26   0.01
24   27   0.044
24   28   0.001
24   29   0.029
24   30   0.1
24   31   0.032
24   32   0.024
24   33   0.049
24   34   0.097
24   36   0.099
24   37   0.137
24   38   0.046
24   39   0.025
24   40   0.096
24   41   0.031
24   42   0.128
24   43   0.081
24   45   0.149
24   46   0.049
24   47   0.028
24   48   0.125
24   50   0.015
24   51   0.043
24   52   0.065
24   53   0.056
24   55   0.024
24   56   0.033
24   57   0.1
24   58   0.078
24   59   0.146
24   61   0.166
24   62   0.111
24   63   0.157
24   64   0.022
24   65   0.099
24   69   0.056
24   70   0.105
24   71   0.025
24   72   0.155
24   73   0.168
24   76   0.032
24   77   0.16
24   78   0.153
24   79   0.05
24   80   0.054
24   82   0.059
24   83   0.048
25   26   0.103
25   27   0.038
25   31   0.136
25   34   0.15
25   36   0.061
25   37   0.043
25   38   0.077
25   42   0.107
25   43   0.007
25   44   0.033
25   45   0.05
25   49   0.042
25   51   0.059
25   60   0.067
25   62   0.051
25   67   0.043
25   74   0.096
25   75   0.076
25   76   0.056
25   80   0.117
26   27   0.037
26   28   0.075
26   29   0.061
26   30   0.018
26   31   0.047
26   33   0.047
26   34   0.006
26   36   0.017
26   37   0.058
26   38   0.022
26   39   0.053
26   42   0.047
26   43   0.152
26   44   0.052
26   45   0.12
26   46   0.07
26   49   0.151
26   51   0.07
26   52   0.001
26   60   0.09
26   62   0.109
26   66   0.002
26   67   0.089
26   68   0.024
26   71   0.098
26   74   0.142
26   75   0.047
26   76   0.007
26   80   0.041
26   83   0.016
27   28   0.088
27   29   0.01
27   30   0.184
27   31   0.081
27   33   0.039
27   34   0.071
27   35   0.055
27   36   0.006
27   37   0.047
27   38   0.013
27   39   0.019
27   40   0.216
27   41   0.071
27   42   0.008
27   43   0.121
27   44   0.022
27   45   0.188
27   46   0.025
27   47   0.064
27   49   0.127
27   51   0.001
27   52   0.017
27   58   0.089
27   60   0.023
27   62   0.055
27   65   0.033
27   66   0.113
27   67   0.006
27   68   0.065
27   70   0.044
27   71   0.039
27   72   0.09
27   73   0.075
27   74   0.016
27   75   0.047
27   76   0.051
27   77   0.037
27   80   0.053
27   83   0.149
27   84   0.052
28   29   0.045
28   30   0.067
28   32   0.042
28   33   0.105
28   34   0.003
28   35   0.044
28   36   0.009
28   37   0.172
28   38   0.043
28   39   0.058
28   40   0.144
28   41   0.161
28   43   0.098
28   45   0.191
28   46   0.03
28   47   0.071
28   48   0.144
28   53   0.072
28   55   0.207
28   56   0.078
28   57   0.124
28   58   0.126
28   59   0.159
28   61   0.073
28   63   0.104
28   64   0.127
28   65   0.075
28   69   0.008
28   70   0.083
28   71   0.015
28   72   0.1
28   73   0.148
28   76   0.099
28   77   0.082
28   78   0.03
28   79   0.004
28   82   0.019
28   83   0.128
29   32   0.067
29   33   0.044
29   34   0.011
29   36   0.051
29   38   0.016
29   39   0.026
29   40   0.114
29   41   0.159
29   43   0.041
29   58   0.054
29   73   0.005
29   77   0.022
30   32   0.061
30   33   0.133
30   34   0.094
30   36   0.09
30   37   0.179
30   38   0.072
30   39   0.037
30   40   0.028
30   41   0.063
30   43   0.079
30   45   0.139
30   58   0.023
30   65   0.038
30   70   0.036
30   71   0.007
30   73   0.122
30   77   0.038
30   78   0.157
30   79   0.003
30   82   0.006
31   34   0.029
31   36   0.184
31   37   0.053
31   38   0.068
31   42   0.007
31   43   0.174
31   44   0.331
31   45   0.02
31   49   0.064
31   51   0.046
31   60   0.13
31   62   0.127
31   67   0.097
31   68   0.088
31   71   0.024
31   74   0.048
31   75   0.113
31   76   0.015
31   80   0.049
32   34   0.098
32   36   0.044
32   38   0.058
32   39   0.182
32   40   0.016
32   41   0.05
32   42   0.06
33   34   0.181
33   36   0.103
33   38   0.005
33   43   0.04
33   73   0.097
33   77   0.092
34   36   0.209
34   37   0.025
34   38   0.069
34   39   0.118
34   40   0.057
34   41   0.105
34   42   0.034
34   43   0.083
34   49   0.025
34   51   0.08
34   58   0.083
34   62   0.059
34   73   0.013
34   75   0.029
34   76   0.026
34   77   0.101
34   80   0.04
35   36   0.009
35   37   0.068
35   38   0.021
35   39   0.058
35   40   0.029
35   41   0.139
35   42   0.015
35   43   0.104
35   44   0.132
35   45   0.076
35   46   0.031
35   47   0.129
35   48   0.057
35   54   0.026
35   64   0.047
35   72   0.039
35   84   0.234
36   37   0.045
36   38   0.138
36   39   0.125
36   40   0.198
36   41   0.014
36   42   0.123
36   43   0.04
36   44   0.1
36   45   0.058
36   46   0.087
36   47   0.04
36   48   0.062
36   51   0.171
36   52   0.036
36   56   0.03
36   58   0.209
36   64   0.05
36   65   0.131
36   66   0.168
36   68   0.06
36   70   0.193
36   71   0.07
36   72   0.084
36   73   0.079
36   74   0.036
36   75   0.021
36   76   0.047
36   77   0.107
36   78   0.05
36   79   0.123
36   80   0.07
36   82   0.113
36   83   0.073
36   84   0.06
37   38   0.096
37   39   0.106
37   40   0.064
37   41   0.035
37   42   0.12
37   43   0.082
37   44   0.026
37   45   0.015
37   46   0.138
37   49   0.035
37   51   0.161
37   52   0.102
37   60   0.113
37   62   0.157
37   65   0.021
37   67   0.028
37   68   0.143
37   71   0.025
37   72   0.004
37   74   0.011
37   75   0.065
37   76   0.078
37   80   0.002
37   84   0.014
38   39   0.028
38   40   0.01
38   41   0.357
38   42   0.163
38   43   0.133
38   44   0.093
38   45   0.08
38   46   0.009
38   48   0.021
38   49   0.156
38   51   0.02
38   52   0.029
38   56   0.018
38   58   0.113
38   62   0.119
38   65   0.182
38   66   0.128
38   68   0.072
38   71   0.073
38   72   0.143
38   73   0.214
38   74   0.011
38   75   0.032
38   76   0.004
38   77   0.108
38   80   0.118
38   84   0.111
39   40   0.079
39   41   0.21
39   42   0.033
39   43   0.078
39   44   0.178
39   45   0.046
39   46   0.05
39   48   0.132
39   51   0.139
39   52   0.032
39   65   0.099
39   71   0.11
39   72   0.074
39   73   0.07
39   75   0.119
39   76   0.037
39   77   0.15
39   84   0.016
40   41   0.305
40   42   0.004
40   43   0.093
40   45   0.007
40   47   0.066
40   48   0.1
40   53   0.121
40   54   0.131
40   56   0.032
40   58   0.136
40   59   0.081
40   61   0.119
40   64   0.079
40   69   0.026
40   73   0.009
40   76   0.028
40   77   0.077
40   78   0.124
40   84   0.102
41   42   0.058
41   43   0.015
41   45   0.013
41   46   0.078
41   47   0.005
41   48   0.027
41   49   0.008
41   73   0.094
41   77   0.017
41   83   0.075
41   84   0.071
42   44   0.005
42   45   0.013
42   46   0.183
42   48   0.064
42   49   0.032
42   51   0.034
42   60   0.006
42   62   0.106
42   74   0.001
42   75   0.076
42   76   0.013
42   80   0.024
42   83   0.047
43   44   0.04
43   45   0.117
43   46   0.093
43   47   0.032
43   48   0.008
43   49   0.047
43   50   0.122
43   51   0.087
43   52   0.024
43   53   0.112
43   54   0.098
43   55   0.137
43   56   0.019
43   57   0.072
43   58   0.016
43   59   0.05
43   60   0.035
43   61   0.041
43   62   0.026
43   63   0.025
43   64   0.023
43   65   0.157
43   66   0.016
43   67   0.039
43   68   0.051
43   69   0.024
43   70   0.026
43   71   0.129
43   72   0.068
43   73   0.111
43   74   0.154
43   75   0.096
43   76   0.093
43   77   0.02
43   78   0.052
43   79   0.105
43   80   0.265
43   81   0.082
43   82   0.106
43   83   0.033
43   84   0.033
44   45   0.02
44   46   0.127
44   47   0.151
44   48   0.1
44   49   0.089
44   51   0.065
44   52   0.114
44   56   0.078
44   60   0.151
44   62   0.012
44   63   0.086
44   65   0.098
44   66   0.01
44   67   0.118
44   68   0.164
44   70   0.005
44   71   0.066
44   72   0.059
44   73   0.028
44   74   0.025
44   75   0.146
44   76   0.043
44   77   0.101
44   79   0.093
44   80   0.203
44   83   0.109
44   84   0.009
45   46   0.044
45   47   0.065
45   48   0.018
45   49   0.055
45   50   0.087
45   51   0.061
45   52   0.078
45   53   0.106
45   55   0.118
45   56   0.076
45   57   0.067
45   58   0.177
45   59   0.099
45   60   0.065
45   61   0.065
45   62   0.045
45   63   0.077
45   64   0.106
45   65   0.069
45   66   0.013
45   67   0.083
45   68   0.076
45   69   0.056
45   70   0.066
45   71   0.054
45   72   0.049
45   73   0.064
45   74   0.011
45   75   0.055
45   76   0.051
45   77   0.144
45   78   0.01
45   79   0.143
45   80   0.059
45   81   0.135
45   82   0.208
45   83   0.113
45   84   0.031
46   47   0.018
46   48   0.197
46   49   0.055
46   51   0.027
46   52   0.021
46   55   0.123
46   56   0.003
46   57   0.066
46   58   0.054
46   59   0.022
46   60   0.006
46   63   0.059
46   64   0.03
46   65   0.15
46   66   0.137
46   67   0.089
46   68   0.105
46   70   0.086
46   71   0.051
46   72   0.148
46   73   0.116
46   75   0.008
46   76   0.045
46   77   0.11
46   78   0.007
46   79   0.048
46   80   0.06
46   81   0.054
46   83   0.096
46   84   0.037
47   48   0.233
47   49   0.204
47   51   0.107
47   52   0.081
47   53   0.017
47   54   0.141
47   55   0.215
47   56   0.037
47   57   0.098
47   58   0.053
47   59   0.047
47   61   0.07
47   63   0.046
47   64   0.18
47   65   0.04
47   69   0.053
47   70   0.009
47   71   0.137
47   72   0.153
47   73   0.072
47   75   0.15
47   76   0.172
47   77   0.046
47   78   0.017
47   79   0.027
47   81   0.135
47   83   0.081
47   84   0.074
48   49   0.109
48   53   0.118
48   54   0.174
48   55   0.096
48   57   0.114
48   58   0.055
48   59   0.062
48   60   0.086
48   61   0.018
48   62   0.177
48   63   0.058
48   64   0.096
48   69   0.001
48   70   0.11
48   72   0.055
48   73   0.05
48   75   0.148
48   76   0.055
48   77   0.035
48   78   0.084
48   79   0.065
48   81   0.117
48   83   0.103
48   84   0.085
49   51   0.196
49   57   0.017
49   58   0.159
49   60   0.148
49   62   0.2
49   63   0.059
49   67   0.169
49   71   0.024
49   73   0.02
49   74   0.13
49   75   0.073
49   76   0.158
49   80   0.216
49   83   0.092
50   52   0.152
50   56   0.038
50   57   0.007
50   58   0.1
50   59   0.044
50   63   0.147
50   66   0.103
50   68   0.065
50   70   0.169
50   72   0.038
50   73   0.11
50   75   0.058
50   76   0.032
50   77   0.059
50   78   0.034
50   79   0.125
50   82   0.059
50   83   0.113
51   52   0.045
51   58   0.045
51   60   0.097
51   62   0.087
51   64   0.16
51   65   0.001
51   66   0.173
51   68   0.175
51   71   0.022
51   72   0.117
51   73   0.044
51   74   0.102
51   75   0.133
51   76   0.083
51   77   0.07
51   80   0.048
51   83   0.015
52   55   0.103
52   56   0.023
52   57   0.02
52   59   0.022
52   63   0.063
52   66   0.086
52   67   0.101
52   68   0.025
52   70   0.005
52   71   0.162
52   72   0.078
52   73   0.084
52   75   0.051
52   76   0.07
52   77   0.062
52   78   0.008
52   79   0.011
52   83   0.023
53   54   0.078
53   55   0.231
53   56   0.034
53   57   0.239
53   58   0.071
53   59   0.098
53   61   0.107
53   63   0.099
53   64   0.08
53   69   0.187
53   73   0.034
53   77   0.064
53   78   0.156
53   83   0.076
54   55   0.012
54   56   0.207
54   57   0.184
54   58   0.176
54   59   0.064
54   61   0.092
54   64   0.235
54   69   0.088
54   71   0.039
54   73   0.018
54   76   0.032
54   77   0.115
54   78   0.246
54   81   0.006
54   83   0.029
54   84   0.023
55   56   0.097
55   57   0.064
55   58   0.035
55   59   0.082
55   61   0.134
55   63   0.19
55   64   0.207
55   69   0.084
55   72   0.165
55   73   0.167
55   77   0.086
55   78   0.154
55   81   0.1
55   83   0.171
56   57   0.046
56   58   0.014
56   59   0.003
56   60   0.052
56   61   0.051
56   63   0.037
56   64   0.003
56   66   0.049
56   67   0.079
56   68   0.022
56   69   0.018
56   70   0.033
56   71   0.085
56   72   0.035
56   73   0.025
56   75   0.108
56   76   0.083
56   77   0.096
56   78   0.073
56   79   0.07
56   81   0.079
56   82   0.058
56   83   0.116
57   58   0.063
57   59   0.019
57   60   0.143
57   61   0.103
57   63   0.022
57   64   0.028
57   66   0.102
57   67   0.101
57   68   0.07
57   69   0.178
57   70   0.114
57   72   0.086
57   73   0.041
57   75   0.045
57   76   0.003
57   77   0.141
57   78   0.094
57   79   0.021
57   81   0.02
57   82   0.151
57   83   0.06
58   59   0.118
58   61   0.17
58   62   0.064
58   63   0.166
58   64   0.016
58   69   0.063
58   71   0.061
58   73   0.112
58   74   0.018
58   75   0.051
58   76   0.191
58   77   0.074
58   78   0.127
58   79   0.065
58   80   0.013
58   82   0.144
58   83   0.216
59   60   0.006
59   61   0.178
59   63   0.103
59   64   0.129
59   69   0.206
59   73   0.259
59   77   0.045
59   78   0.077
59   81   0.13
59   82   0.08
59   83   0.011
60   61   0.032
60   62   0.14
60   63   0.095
60   66   0.109
60   67   0.068
60   68   0.005
60   70   0.019
60   72   0.059
60   74   0.06
60   75   0.155
60   76   0.248
60   78   0.095
60   79   0.214
60   80   0.227
60   81   0.018
60   83   0.023
61   63   0.085
61   64   0.007
61   69   0.138
61   73   0.09
61   77   0.072
61   78   0.02
61   81   0.064
61   83   0.077
62   67   0.115
62   71   0.187
62   73   0.024
62   74   0.097
62   75   0.009
62   76   0.02
62   78   0.122
62   80   0.131
62   81   0.031
62   83   0.107
63   64   0.042
63   66   0.041
63   67   0.004
63   68   0.055
63   69   0.1
63   70   0.061
63   72   0.048
63   73   0.013
63   75   0.112
63   76   0.01
63   77   0.124
63   78   0.051
63   79   0.004
63   80   0.004
63   81   0.117
63   82   0.066
63   83   0.097
64   69   0.003
64   70   0.053
64   71   0.168
64   72   0.15
64   73   0.106
64   76   0.053
64   77   0.148
64   78   0.058
64   79   0.094
64   81   0.128
64   83   0.034
64   84   0.124
65   70   0.126
65   71   0.02
65   72   0.044
65   73   0.042
65   76   0.074
65   77   0.046
65   79   0.109
65   82   0.041
65   83   0.06
65   84   0.003
66   67   0.074
66   68   0.037
66   70   0.01
66   71   0.053
66   72   0.038
66   73   0.15
66   75   0.018
66   76   0.063
66   77   0.012
66   78   0.109
66   79   0.075
66   82   0.124
66   83   0.146
67   68   0.134
67   70   0.071
67   72   0.042
67   74   0.145
67   75   0.013
67   76   0.018
67   77   0.035
67   78   0.06
67   79   0.124
67   80   0.023
67   83   0.068
68   70   0.113
68   72   0.079
68   74   0.128
68   75   0.042
68   76   0.009
68   77   0.136
68   78   0.069
68   79   0.013
68   80   0.094
68   82   0.154
68   83   0.132
69   73   0.142
69   77   0.071
69   78   0.056
69   83   0.027
70   71   0.023
70   72   0.04
70   73   0.013
70   75   0.026
70   76   0.024
70   77   0.097
70   78   0.019
70   79   0.048
70   82   0.09
70   83   0.049
70   84   0.062
71   72   0.034
71   73   0.072
71   74   0.095
71   75   0.074
71   76   0.058
71   77   0.01
71   78   0.02
71   79   0.112
71   80   0.185
71   83   0.055
72   73   0.056
72   75   0.197
72   76   0.041
72   77   0.078
72   78   0.042
72   79   0.008
72   82   0.054
72   83   0.013
72   84   0.025
73   74   0.056
73   75   0.021
73   76   0.003
73   77   0.075
73   78   0.001
73   79   0.004
73   80   0.114
73   82   0.075
73   83   0.041
74   75   0.061
74   76   0.055
74   80   0.054
74   83   0.014
75   76   0.012
75   77   0.055
75   78   0.11
75   79   0.13
75   80   0.114
75   82   0.034
75   83   0.015
76   77   0.045
76   78   0.111
76   79   0.064
76   80   0.046
76   82   0.024
76   83   0.073
76   84   0.072
77   78   0.055
77   79   0.171
77   81   0.084
77   82   0.091
77   83   0.081
77   84   0.095
78   79   0.062
78   80   0.153
78   81   0.016
78   82   0.108
78   83   0.143
79   82   0.115
79   83   0.039
80   83   0.225
81   83   0.014
82   83   0.05
