1   3   0.009125284237951132
1   6   0.02768127301120962
1   7   0.14619755142766183
1   8   0.09514747755042437
1   10   0.12849043461571205
1   14   0.02489887334080713
1   17   0.14041515637176058
1   19   0.053564055059972644
1   21   0.08326349992280153
1   23   0.01077287132002613
1   24   0.04648144118551033
1   26   0.10189939478739161
1   27   0.018358693880606264
1   28   0.0950869799742442
1   29   0.16312074399129234
1   30   0.055196400408992714
1   33   0.07852295214929166
1   34   0.08365290044101742
1   36   0.04916091452566334
1   38   0.13904998846193015
1   73   0.020572910994043857
1   77   0.0871300222747129
2   3   0.049265025567905636
2   9   0.06507687096193744
2   11   0.0354536733577102
2   13   0.04205775793442328
2   15   0.04375747686145722
2   16   0.02016365284760455
2   17   0.02495995529272997
2   18   0.05301908969434748
2   19   0.09552829737318137
2   22   0.05418111458617198
2   23   0.03166170645505417
2   24   0.027368567513270322
2   25   0.07577476214466922
2   26   0.04112566371372121
2   27   0.012820185892925566
2   28   0.11627673286433542
2   31   0.11272111547294864
2   34   0.006272604258439983
2   36   0.0007264931479795717
2   37   0.07624563232692283
2   38   0.06513747031015876
2   39   0.02693795833046726
2   42   0.032094626537008536
2   43   0.10136811142261495
2   44   0.010554032685065612
2   45   0.0287976726101943
2   49   0.017333293583110743
2   51   0.07333921339256814
2   52   0.053781122391936935
2   62   0.02092179933870653
2   66   0.05902648201246649
2   68   0.025755312032817446
2   71   0.05669742875999091
2   72   0.047093924356025565
2   74   0.031473900645337546
2   75   0.07962256933656599
2   76   0.13769461714027265
2   80   0.052837555217575695
3   6   0.018946144336488835
3   7   0.024968129751680744
3   8   0.1069200915852897
3   10   0.1456420206353796
3   14   0.026195199297484244
3   17   0.061768618100040244
3   18   0.050372221077312894
3   19   0.018524206966675467
3   21   0.17923621575463153
3   22   0.10796023130346825
3   23   0.17336617431389617
3   24   0.13337249585155206
3   26   0.020678946834685248
3   27   0.1245636466591
3   28   0.22814909745737028
3   29   0.008205293653310233
3   30   0.0817207420962936
3   33   0.06573725548662251
3   34   0.09784264140259474
3   36   0.082535911820967
3   37   0.017679393164247718
3   38   0.022733957090246462
3   39   0.035765164813558084
3   40   0.08864992381479783
3   43   0.1307693785093744
3   44   0.05231110204772684
3   45   0.08696851347679889
3   46   0.08908138606611231
3   51   0.015516337230072036
3   52   0.013585773069041955
3   65   0.0709102364581883
3   66   0.03283850628581831
3   68   0.06793006230866602
3   71   0.10560096381746334
3   72   0.07086251789339136
3   75   0.028815032986917472
3   76   0.01442134908778086
4   5   0.07414206231062867
4   6   0.07614180882709813
4   7   0.09586036120117712
4   8   0.01162162741638243
4   9   0.058822878291344555
4   10   0.09668284279210211
4   12   0.024344977264890134
4   14   0.08424625513231798
4   15   0.13618740717971717
4   20   0.12405190672793467
4   24   0.28011234022126225
4   28   0.0396455253126908
4   29   0.12935291561565576
4   34   0.07930476464685099
4   36   0.12949126360414806
4   38   0.17803777600362455
4   40   0.0074654311616642105
4   41   0.03526157062052281
4   47   0.070244371543294
4   53   0.01841948701607927
4   58   0.04374107763843792
4   59   0.04720670944210699
4   61   0.15257292969494798
4   69   0.036714785082004646
4   73   0.02057860678877475
4   77   0.06357510826710962
5   6   0.14802830472662323
5   7   0.004727754123110323
5   8   0.06586720489662651
5   9   0.05369117386354261
5   10   0.04229259913149076
5   12   0.05250389765964002
5   15   0.1672538996431138
5   20   0.04683057538615734
5   24   0.05722275232954927
5   27   0.06130226950488321
5   28   0.11256468601029058
5   29   0.08501468189373282
5   32   0.006457661670115968
5   34   0.024544040328604366
5   35   0.1304663006051874
5   36   0.07011135086575974
5   40   0.06819474304574745
5   41   0.05856168973280104
5   47   0.08129013805764394
5   84   0.1151508882891046
6   7   0.03749109333923865
6   8   0.08852454836241293
6   9   0.03568389924475149
6   10   0.16755190480503218
6   12   0.03159577647734806
6   13   0.05559487010810052
6   14   0.16277060512563757
6   15   0.07273258004602676
6   17   0.006573458696286634
6   20   0.13747087411381556
6   23   0.11554623645674719
6   24   0.0063130830131379575
6   26   0.056367088223313294
6   28   0.029857947376917708
6   29   0.010873351749469738
6   30   0.15559583446514152
6   32   0.16727582620824075
6   34   0.09849211572041078
6   36   0.004384375486671131
6   38   0.04067850059658299
6   39   0.10155481962289614
6   40   0.07988858742644518
6   41   0.04728545847887386
6   42   0.20929768951165298
6   47   0.1337713600441208
6   58   0.08433774134597657
6   59   0.13930186911045858
6   73   0.10921710584991606
6   77   0.13705924568633335
7   8   0.020001885682525176
7   9   0.03469942001960422
7   10   0.1965551027068369
7   12   0.03126851075764381
7   14   0.10473021787015602
7   15   0.008230991893751897
7   17   0.0567387270365472
7   19   0.07049525560746715
7   20   0.04016847723975378
7   21   0.053830889681191374
7   23   0.04089418389382789
7   24   0.022793470957787
7   26   0.03779194697072407
7   27   0.09308887126804422
7   28   0.08067949861501479
7   29   0.05988324181079573
7   30   0.030182905800015012
7   32   0.07491681835789879
7   33   0.032377548072023886
7   34   0.16579603844938287
7   36   0.00029069874302146384
7   37   0.05715036056633659
7   38   0.09094304701206865
7   39   0.13473357862153224
7   40   0.04806769486690835
7   41   0.07660662852814966
7   43   0.11932655752006155
7   45   0.15919515722691505
7   47   0.1322889831573172
7   58   0.15659231548775093
7   73   0.03162966481228453
7   77   0.056699273146684624
8   9   0.05775620420877962
8   10   0.007489256440591769
8   12   0.10663926839553428
8   13   0.007922692351941533
8   14   0.12035449123713167
8   15   0.03682894148235579
8   17   0.20594056732792604
8   18   0.11968371120541575
8   19   0.1566479364982643
8   20   0.07116741669682113
8   21   0.1809467747178711
8   23   0.029350074645995185
8   24   0.010627746796045319
8   26   0.0902218249492136
8   27   0.03286169108583943
8   28   0.0024009395781739375
8   29   0.06747270544588964
8   30   0.018181457296237342
8   32   0.0077817321906534205
8   33   0.061203299966967585
8   34   0.14681034121943973
8   36   0.021043295984531543
8   38   0.07278004290058192
8   39   0.13686920825924964
8   40   0.03659668946295107
8   41   0.16866660046781357
8   42   0.1077813469690032
8   43   0.01878496081278099
8   56   0.11552961857558253
8   58   0.06923994155791158
8   73   0.015954334423682867
8   77   0.05128662760879483
9   10   0.02200652833873292
9   12   0.31726075829784567
9   13   0.05830212716099208
9   14   0.07292002408542266
9   15   0.021680066426152046
9   16   0.03218922233065514
9   17   0.05326213981084208
9   20   0.18131571452785528
9   21   0.1396214623819496
9   22   0.1780491943576708
9   23   0.06064847001441876
9   24   0.03753601068730185
9   25   0.06152076394096269
9   26   0.002853608991906188
9   27   0.14934638021821464
9   28   0.00469220597469856
9   29   0.0669115964053403
9   30   0.2356793344802386
9   31   0.09939324571542567
9   33   0.16057883895232825
9   34   0.04870941241996993
9   36   0.09359929112094971
9   37   0.01879315267630269
9   38   0.003743955470952958
9   39   0.10220068005322121
9   40   0.06367617519953102
9   41   0.013644724249331221
9   42   0.055431013386899125
9   43   0.0073761316844909355
9   45   0.010248784732941774
9   47   0.01867772649680486
9   49   0.03235468963222943
9   53   0.11046844582192
9   56   0.09604518791782314
9   58   0.05803646643795278
9   59   0.020072576644820088
9   61   0.1427994004864796
9   62   0.05654221601940028
9   63   0.017503912302685783
9   64   0.12994783273306648
9   65   0.026752893480568155
9   69   0.15304890613457517
9   70   0.03984214936333416
9   71   0.013910720894403593
9   72   0.03355148386709459
9   73   0.0199362856559622
9   75   0.0066037771089909976
9   76   0.042072832916106806
9   77   0.04241293163310175
9   78   0.05115536466392983
9   79   0.032770248574935414
9   80   0.031020527773206068
9   83   0.03034748935512295
10   12   0.1758159545706266
10   13   0.04292439704337432
10   14   0.08813303451892014
10   15   0.005807076446859275
10   20   0.06976463330856097
10   24   0.00875491407929656
10   28   0.10695475250974225
10   29   0.029955051043671025
10   30   0.028030350025956708
10   32   0.04599841269146196
10   33   0.15709621836164106
10   34   0.0888693733123647
10   36   0.07552635492027288
10   38   0.15877035407142226
10   39   0.07543231999610743
10   40   0.0048071330096791575
10   41   0.0032226933790189616
10   43   0.008525805482871738
10   47   0.127995089209762
10   53   0.11483019896275022
10   55   0.16020423105084383
10   57   0.06142042476687027
10   58   0.09927996398776202
10   59   0.08203778669578596
10   61   0.0018896585448890937
10   64   0.14861313522316819
10   69   0.030175890541449688
10   73   0.11256828761174555
10   77   0.0473525055437526
11   13   0.0641115969442268
11   14   0.017097682709233005
11   17   0.039674083454093304
11   18   0.07647210010019757
11   19   0.1735751334997436
11   23   0.0015329739602434752
11   25   0.025683353576408614
11   26   0.08414812459441723
11   27   0.03761150513510094
11   29   0.09499627280578983
11   31   0.09144691969223348
11   32   0.020233668004824207
11   34   0.13040243532402535
11   36   0.09952660969715312
11   37   0.11918258598196545
11   38   0.058412530947848026
11   39   0.009158439214973372
11   41   0.0916918993276857
11   42   0.03758129991899803
11   44   0.0032880744607293928
11   49   0.01749344144809184
11   51   0.031801697124958124
11   60   0.0328834975111781
11   62   0.11372194357106714
11   67   0.06965508831011812
11   74   0.0051049419825725285
11   75   0.22813638811572345
11   76   0.005812313318754941
11   80   0.06587887747227922
12   13   0.0226809351155424
12   14   0.20339105317286119
12   15   0.05307498139643396
12   20   0.09345994554033005
12   24   0.1358066056731894
12   28   0.14092559332135193
12   29   0.11493328494320341
12   32   0.01230027776906427
12   34   0.06524563554982957
12   35   0.11270468824510528
12   36   0.2512520847683371
12   38   0.25449224725994296
12   40   0.15338492397720907
12   41   0.07473411684863075
12   42   0.16871016875599143
12   47   0.008680668196337948
12   53   0.09601728314911907
12   54   0.05660650803318512
12   58   0.2007761814316275
12   59   0.030484732827843114
12   61   0.1214847065366338
12   64   0.10860419354794237
12   69   0.15215174626204192
12   73   0.13311965821263377
12   77   0.1909305790302668
13   14   0.06798263403745267
13   18   0.08413293445859996
13   22   0.061465851784497934
13   24   0.018450470024131978
13   25   0.08057741700688704
13   26   0.06478690049358267
13   27   0.1922923942943191
13   29   0.037483398395390014
13   31   0.02144745873878516
13   32   0.009203595394014896
13   34   0.03993175145088345
13   36   0.21614732121878244
13   37   0.0015385033834714073
13   38   0.07610603598194396
13   39   0.12969757900778447
13   40   0.03300589611559937
13   41   0.12705556861699518
13   42   0.051350146560102804
13   43   0.01926125723692489
13   44   0.10482293454942761
13   45   0.03678176739732565
13   46   0.002678275219503827
13   48   0.18557458040790403
13   49   0.023915205335262542
13   51   0.025140798356425485
13   60   0.004964272089876631
13   62   0.0788973983822598
13   67   0.04603719454286557
13   71   0.08734576486748612
13   74   0.053977434179075266
13   75   0.18970921437324054
13   76   0.023282918554508356
13   80   0.09894903715029417
13   83   0.07198107959714699
14   15   0.02421378586150425
14   17   0.1288517360835164
14   18   0.08851157596525912
14   19   0.10350908508453634
14   20   0.14994403086307487
14   21   0.24086304049674864
14   23   0.11389258802029395
14   24   0.0853603393359582
14   26   0.07297360004079541
14   27   0.034018784061682066
14   28   0.048399914020989414
14   29   0.06691620746493127
14   30   0.10089601578383035
14   32   0.003554203960792755
14   33   0.03252890800547117
14   34   0.10644644859631346
14   36   0.02239685127750307
14   38   0.03987824548303504
14   39   0.09549137674835836
14   40   0.13050091964302035
14   41   0.193862585096387
14   42   0.12768997162411383
14   73   0.11871659976951392
14   77   0.06379219797878746
15   20   0.13384700947423972
15   21   0.041250309232730445
15   22   0.05820004192726336
15   23   0.1032558076814536
15   24   0.04549403409188167
15   27   0.1291629773849593
15   28   0.003163813808791992
15   29   0.03761775816574122
15   30   0.10682699435928457
15   32   0.030317093844303047
15   34   0.10179432710592001
15   35   0.01707457518819685
15   36   0.02221268563459615
15   37   0.06700778120993184
15   38   0.03561005258026267
15   39   0.010229376407579352
15   40   0.1634248100087543
15   41   0.01927045206035899
15   43   0.05013684613373302
15   47   0.12391836136362677
15   53   0.027823295802043686
15   58   0.1874752093356058
15   59   0.16372540856627443
15   61   0.032759701150030136
15   69   0.056374579324164814
15   73   0.08341628359924216
15   77   0.08859836193598652
15   84   0.09255379635011031
16   17   0.01166144226331995
16   21   0.04105672625476863
16   22   0.06321752414769387
16   23   0.0732925521682167
16   24   0.10490351020313055
16   27   0.04905036073324569
16   28   0.05093980192053651
16   30   0.07547434003264818
16   34   0.08902405176330366
16   36   0.057274543243629815
16   37   0.11202864700121852
16   38   0.038533581016370035
16   39   0.024092402044777365
16   40   0.08986554876044152
16   43   0.014272888674727396
16   45   0.00697593708627572
16   46   0.0710440058348426
16   52   0.05239383744979526
16   65   0.15521613206973392
16   70   0.15732062952469542
16   71   0.06357193925045869
16   72   0.12840264334408144
16   73   0.06932362218823193
16   76   0.12730985964829805
16   77   0.1539183418384175
16   79   0.1167803783657775
17   18   0.07849720714527679
17   19   0.026702800258933557
17   21   0.0005142738301625011
17   22   0.04742430361777547
17   23   0.032924396110142314
17   24   0.0315353808638575
17   26   0.08679838484596493
17   27   0.034078080170467845
17   28   0.01244774549602198
17   29   0.11608078461560459
17   30   0.07841615272646558
17   33   0.11251480015538118
17   34   0.07550247031955636
17   36   0.015894960063887832
17   37   0.06213940369532964
17   38   0.15004666386589915
17   39   0.06881314590134352
17   43   0.04240805143262685
17   44   0.0738205023094682
17   51   0.011682953622981869
17   52   0.03327008784923947
17   66   0.015884025337641133
17   72   0.09140628383392861
17   75   0.04101832406782109
17   76   0.07720309070665919
18   19   0.04633436853589639
18   21   0.09852794956768238
18   23   0.07094270976971187
18   25   0.08856538965335643
18   26   0.05328374292380793
18   27   0.052470277574210855
18   29   0.004771793842115192
18   30   0.02605831101268487
18   31   0.11102929591193549
18   34   0.18577789018083132
18   36   0.02438871479585998
18   37   0.006314676612503357
18   38   0.09478122144520194
18   39   0.012201873360387734
18   42   0.04487733779334166
18   44   0.062339756299201216
18   62   0.1234246941061813
18   67   0.021044379411949463
18   74   0.035477401911209044
18   75   0.054349279871922083
18   76   0.06371345368891974
18   80   0.10001017546260753
19   21   0.15314388245780805
19   23   0.02555462613081451
19   25   0.1618905293381044
19   26   0.02651696084518593
19   27   0.05388602186842675
19   29   0.034266321557737026
19   30   0.05603494806410114
19   31   0.10852176912205752
19   33   0.14052080024108043
19   34   0.023169946407844384
19   36   0.0683133446821332
19   37   0.14546428308667295
19   38   0.13093765455564071
19   39   0.17300775713968117
19   44   0.03407921380291619
19   51   0.12327935377963185
19   52   0.036322545908139534
19   68   0.004896434800126871
19   74   0.0649021468865865
19   75   0.05779254452966506
19   76   0.11641080737297808
19   80   0.13964536655257975
20   24   0.05176736888294013
20   28   0.09319380914246408
20   29   0.12053356890543163
20   32   0.06944580702853595
20   34   0.06649417163732295
20   36   0.22659656201629072
20   38   0.17197507424082373
20   40   0.0828893735125824
20   41   0.030931934757131914
20   47   0.02081469697829183
20   53   0.08175594197464152
20   58   0.15057984984538345
20   59   0.09138881493838344
20   61   0.13479176257677605
20   64   0.07506921800381618
20   69   0.10180478340389701
20   73   0.08760889995654471
20   77   0.15920246660838683
21   22   0.25451587525439034
21   23   0.08374582690205677
21   24   0.04689233432708715
21   26   0.16146396833199006
21   27   0.1282254940357961
21   28   0.03982963012515268
21   29   0.06399518517874384
21   30   0.11417415831360112
21   33   0.08922360572306555
21   34   0.11635719788152105
21   35   0.06411265555127867
21   36   0.07812021375812532
21   37   0.008692358564602608
21   38   0.12234383551236118
21   39   0.15360632239453245
21   40   0.0017132005112306256
21   41   0.12219433620881667
21   43   0.09365700477929184
21   65   0.07909621042693754
21   70   0.07809549107835469
21   71   0.129720573510111
21   72   0.04488936810309981
21   73   0.06642601328260457
21   76   0.03426205483773457
21   77   0.0936111384875502
21   78   0.01425604828691816
21   79   0.08052709364814414
21   82   0.011745319498586213
22   23   0.21571852107579756
22   24   0.03548150305594399
22   25   0.19150967826362225
22   26   0.13754817229863525
22   27   0.23130013401449753
22   28   0.11434948958394138
22   29   0.048237445062503354
22   30   0.057580749684366446
22   31   0.020652144946733356
22   34   0.10510006668988982
22   36   0.12613584197761224
22   37   0.1571031732152012
22   38   0.13756442148208506
22   39   0.08751848585142578
22   40   0.05040371332930733
22   42   0.10989673163277153
22   43   0.06689547420189466
22   44   0.037715052109830866
22   45   0.005048574607175786
22   46   0.04739352164055917
22   51   0.16159751640769954
22   52   0.06072122444132478
22   58   0.04223474216946773
22   62   0.1042635662949963
22   65   0.12320398504606965
22   70   0.012122783964732377
22   71   0.13806047484900583
22   72   0.0822702487534041
22   73   0.07288713793549755
22   75   0.05891167773138067
22   76   0.04185252821682179
22   77   0.16234529981571202
22   79   0.055442242260095635
22   80   0.0011147137424393527
23   24   0.04653144473109712
23   26   0.02933260289901399
23   27   0.18303073810140583
23   28   0.037387314213481654
23   29   0.045066077286972844
23   30   0.031121247813338224
23   33   0.04277391099348851
23   34   0.10834360794636039
23   35   0.10553388470293881
23   36   0.09658209576314393
23   37   0.04645256414148768
23   38   0.07242030296209885
23   39   0.10990813456853178
23   40   0.06708283000133403
23   41   0.0067652795266936435
23   43   0.10658869412806432
23   44   0.09155516156662498
23   45   0.02364623399972198
23   46   0.029952966936454915
23   51   0.003535004611188857
23   52   0.03735065650445857
23   65   0.01594622912146797
23   66   0.037946685081935216
23   70   0.04396450320404382
23   71   0.11373418715720697
23   72   0.04328789075623227
23   73   0.060402172202826745
23   76   0.09270317138575916
23   77   0.004414657356406897
23   79   0.06164611909547981
23   84   0.13588191868164545
24   25   0.09599288799409361
24   26   0.14177836633198515
24   27   0.043179906388181505
24   28   0.04599537745476499
24   29   0.042088989692821946
24   30   0.11892674044627788
24   31   0.0700128604064038
24   32   0.09024887889787721
24   33   0.04241592734646045
24   34   0.23420063182069661
24   36   0.06013593956554407
24   37   0.064055098245789
24   38   0.024250644103037112
24   39   0.061454128499913385
24   40   0.04477388920115613
24   41   0.047169362148130355
24   42   0.06342721311579418
24   43   0.06665437559407886
24   45   0.20545359604445282
24   46   0.08284272188749651
24   47   0.015515404135237838
24   48   0.16431348645027566
24   50   0.011388066848411487
24   51   0.05564819567633358
24   52   0.11819424631775101
24   53   0.008827677683597738
24   55   0.13001875235604946
24   56   0.022631178523406216
24   57   0.06922179824485736
24   58   0.12836717983162832
24   59   0.08094322738530421
24   61   0.0772335439696694
24   62   0.021831371551488305
24   63   0.06313024342809044
24   64   0.022744532697131316
24   65   0.1136153241003831
24   69   0.019357245029059653
24   70   0.05034994042928389
24   71   0.11471163258307468
24   72   0.009223825376455025
24   73   0.0161928898554942
24   76   0.11325712101877915
24   77   0.011589880775934107
24   78   0.018982912826752657
24   79   0.12425400253230313
24   80   0.11779905900165444
24   82   0.06305555339168199
24   83   0.0308012203872181
25   26   0.04375043736685549
25   27   0.009302104220675938
25   31   0.05982800190816585
25   34   0.0037618936578984507
25   36   0.18825223196817165
25   37   0.010202948724851434
25   38   0.049234017797646024
25   42   0.1446781160137943
25   43   0.0811285671917003
25   44   0.07416430325783836
25   45   0.024691867807386525
25   49   0.010143847289037403
25   51   0.014831549044670564
25   60   0.050975628902174414
25   62   0.09933608208653268
25   67   0.08659968090312449
25   74   0.09444664707137668
25   75   0.1917420758350857
25   76   0.004207862541936106
25   80   0.08572647312441638
26   27   0.02400430508783064
26   28   0.16831395560434576
26   29   0.12580121717769122
26   30   0.07387844405280346
26   31   0.025374848752597552
26   33   0.07259227896048896
26   34   0.142377120195921
26   36   0.07878579120721123
26   37   0.07608243349590615
26   38   0.06843357650392459
26   39   0.028122267679211194
26   42   0.06830306549692976
26   43   0.10920446681426613
26   44   0.06310528536530689
26   45   0.10625976563501954
26   46   0.00401539419411739
26   49   0.09091592950536233
26   51   0.22281070336907657
26   52   0.16734049370399387
26   60   0.02596693303277743
26   62   0.027337473840544746
26   66   0.02909297717226649
26   67   0.046163897983308055
26   68   0.06314942873670475
26   71   0.0816995109305007
26   74   0.09749651298735118
26   75   0.13473951405143844
26   76   0.03246361204905819
26   80   0.017546748975532274
26   83   0.14555348615736324
27   28   0.12984726954715825
27   29   0.04302877732719634
27   30   0.07973503771432201
27   31   0.16283061896487183
27   33   0.06801154704605503
27   34   0.10894376292478337
27   35   0.08571751965818972
27   36   0.07113657681116083
27   37   0.06639575957976764
27   38   0.14493960637946018
27   39   0.06144779026098271
27   40   0.08650974222821918
27   41   0.1281373896875202
27   42   0.1317509917712456
27   43   0.029259220193761606
27   44   0.029494839149839504
27   45   0.04163787774991267
27   46   0.07718320231859194
27   47   0.136760285553758
27   49   0.05145004252195525
27   51   0.0076008491750390456
27   52   0.09048581027305613
27   58   0.16678969575990185
27   60   0.034018061474670645
27   62   0.05164079557763686
27   65   0.07849094451589253
27   66   0.011652835428268149
27   67   0.007446776735381889
27   68   0.011376478986921313
27   70   0.013446778394984399
27   71   0.08551925594964262
27   72   0.022968457158986075
27   73   0.027045155199455835
27   74   0.008198021937507688
27   75   0.045778572962504004
27   76   0.20341453301653264
27   77   0.044532004373854205
27   80   0.057107793701925307
27   83   0.06164206129786387
27   84   0.1346770268804039
28   29   0.05468699217541618
28   30   0.07764965501254836
28   32   0.13971393560831907
28   33   0.06133775426757553
28   34   0.1659282992278862
28   35   0.047101998601023695
28   36   0.007656527948017115
28   37   0.05391766591887063
28   38   0.05672324691711741
28   39   0.027098141402219635
28   40   0.02572713572143841
28   41   0.16392079414924812
28   43   0.11841966621875756
28   45   0.194035087654207
28   46   0.10804101331474043
28   47   0.06095994299800118
28   48   0.1848902720359766
28   50   0.1386065831685872
28   53   0.0156317605820208
28   55   0.11529031649408014
28   56   0.13213744291245097
28   57   0.13987967470608784
28   58   0.14385390320176972
28   59   0.062139366490820906
28   61   0.06887419659002247
28   63   0.10829960472850848
28   64   0.003036496033508964
28   65   0.029250053656751734
28   69   0.05461564307334854
28   70   0.037836720138343376
28   71   0.04372800720939925
28   72   0.09575846171106304
28   73   0.05926988476666409
28   76   0.047701804313776505
28   77   0.025566912593553703
28   78   0.036230278179158526
28   79   0.047486023701013645
28   82   0.03687174040595023
28   83   0.07165698231150981
29   30   0.11041079440266655
29   32   0.18660901126011864
29   33   0.04455862908701516
29   34   0.05740095267380806
29   36   0.01395325375614033
29   38   0.19434709627152802
29   39   0.03276666672517098
29   40   0.06970797082227098
29   41   0.12562860477940718
29   42   0.18822082904692689
29   43   0.14938142627889034
29   58   0.14125511028659915
29   73   0.09717914574106237
29   77   0.00576917915892135
30   33   0.1177728368951974
30   34   0.040507880270780755
30   36   0.12883260430360685
30   37   0.10132562897276555
30   38   0.19574850974154934
30   39   0.1270883157047346
30   40   0.09868872314907803
30   41   0.07839295023862339
30   43   0.02578648484842643
30   45   0.10254050115715833
30   58   0.18954244868089373
30   65   0.06642046199411689
30   70   0.01992170366336074
30   71   0.0005411912292423544
30   73   0.006557053857244438
30   77   0.007077828580724517
30   78   0.1438779378318905
30   79   0.11306845809312482
31   34   0.0944571967368772
31   36   0.05174871137041394
31   37   0.004715415385222905
31   38   0.11849828319441673
31   42   0.017066476571113907
31   43   0.09671594384954503
31   44   0.1294141720419043
31   45   0.004803998851085809
31   49   0.03980705809064696
31   51   0.14493323520986265
31   60   0.04738444909395267
31   62   0.0015111020405228338
31   67   0.05837479496399951
31   68   0.08335686193115957
31   71   0.10400678275910386
31   74   0.034128034164543374
31   75   0.08995124457433014
31   76   0.014258063728696443
31   80   0.10860308494922367
32   34   0.13148952752829
32   36   0.109189020928449
32   38   0.15294555160280696
32   39   0.09114090263149377
32   40   0.005601542103355269
32   41   0.2083623373027066
32   42   0.049736492287745626
33   34   0.06831702443531848
33   36   0.10998265487012288
33   38   0.18895055376128983
33   43   0.07371032179023959
33   73   0.0004992631197875247
33   77   0.020166011281949853
34   36   0.24330622049209696
34   37   0.08610759099496604
34   38   0.04348000130439646
34   39   0.19074530300438786
34   40   0.017984500436086178
34   41   0.03218843305954985
34   42   0.02791168858997804
34   43   0.2203621258767039
34   49   0.04421911934850042
34   51   0.0791057197670683
34   58   0.21715265359930308
34   62   0.03382673130950469
34   73   0.23862732608365508
34   75   0.17182258159573396
34   76   0.1263469113672617
34   77   0.2110642465532846
34   80   0.04137360748927972
35   36   0.11137924488942516
35   37   0.08418080581106889
35   38   0.08202956994194596
35   39   0.151395570590387
35   40   0.04764537077719162
35   41   0.0926043507547999
35   42   0.10483507453925746
35   43   0.12971822331726543
35   44   0.05095670950621334
35   45   0.052295374695642584
35   46   0.09635573081915033
35   47   0.06226499008225024
35   48   0.1319988968660521
35   54   0.009217119169196987
35   64   0.003662414633337212
35   72   0.1021539270574965
35   84   0.16574916361070308
36   37   0.1017953278355964
36   38   0.11693394722810926
36   39   0.11705836667215942
36   40   0.012927011327469701
36   41   0.08919615242208687
36   42   0.05535700114768991
36   43   0.18757320666433525
36   44   0.10228389561565726
36   45   0.208538050936442
36   46   0.12160041855739707
36   47   0.006874224747732219
36   48   0.26760578519634803
36   51   0.023677551409967072
36   52   0.13887056947892756
36   56   0.07335732863782048
36   58   0.22461720881746383
36   64   0.10605673076131299
36   65   0.17436956068298748
36   66   0.11474276865676966
36   68   0.11055901307318938
36   70   0.2414437849199282
36   71   0.16856606252488954
36   72   0.191328421052316
36   73   0.1955313139126998
36   74   0.04656138076032705
36   75   0.08438712386907303
36   76   0.0063016861072859795
36   77   0.1819752529576022
36   78   0.18461900223841174
36   79   0.1820372398450038
36   80   0.12832099390238208
36   82   0.2812154268360618
36   83   0.24538318815676047
36   84   0.1103730025612042
37   38   0.055671220603280426
37   39   0.046504701692859994
37   40   0.02459246856420376
37   41   0.11813352488171211
37   42   0.10881427022064008
37   43   0.10626974092358626
37   44   0.08593413421173493
37   45   0.09990271854098355
37   46   0.06662565378286647
37   49   0.07359441288693669
37   51   0.04701031664166568
37   52   0.06416182154032178
37   60   0.06795169266411366
37   62   0.18161281176203067
37   65   0.038192089371259126
37   67   0.1124097186317545
37   68   0.0405572354437143
37   71   0.09672374472119497
37   72   0.08377610592601378
37   74   0.04453422181275245
37   75   0.06433887641599438
37   76   0.11052912380881352
37   80   0.05157091519064111
37   84   0.10515116546707481
38   39   0.011402371648618731
38   40   0.10201126041081963
38   41   0.08221265173162967
38   42   0.05236315214253069
38   43   0.1902707951948395
38   44   0.03596975587298937
38   45   0.04698524452433626
38   46   0.08087218610696245
38   48   0.0795234578439104
38   49   0.07397501236334234
38   51   0.017394243797566506
38   52   0.050382404462773304
38   56   0.10887878574985545
38   58   0.0596038505642404
38   62   0.050783250259980706
38   65   0.16448413386539182
38   66   0.0065759644649792896
38   67   0.020435415929394157
38   68   0.014465208073778775
38   71   0.13399513653355816
38   72   0.12705582497109688
38   73   0.20465133383158088
38   74   0.015812763753225108
38   75   0.07055568786581642
38   76   0.09242278023548946
38   77   0.09923335430452065
38   80   0.07690604382524445
38   84   0.16482023797726453
39   40   0.0042005298859384204
39   41   0.15338738906474886
39   42   0.059376672881811594
39   43   0.2509470862076765
39   44   0.1313322667287847
39   45   0.03902161984592656
39   46   0.03645137600112675
39   48   0.11873242428619313
39   51   0.07578536687064044
39   52   0.15596470346729147
39   65   0.13037403213858523
39   71   0.1885463980794949
39   72   0.08893814044940457
39   73   0.2468519574531184
39   75   0.007182610019755352
39   76   0.00021189850871476793
39   77   0.19447808413208345
39   84   0.11654747516364178
40   41   0.1666495262366221
40   42   0.18317519556260953
40   43   0.053245259892862724
40   45   0.07207631029622266
40   47   0.072546779504212
40   48   0.04060745804430862
40   53   0.049347462414509206
40   54   0.02382929706432104
40   56   0.040608475332433135
40   58   0.10424832397969734
40   59   0.05525453235498698
40   61   0.025413971398524676
40   64   0.049058170565595645
40   69   0.10410474471052684
40   73   0.05565889544579611
40   76   0.04469581010266071
40   77   0.13544294175890045
40   78   0.08602805229408142
40   84   0.16017847393548268
41   42   0.05810704301282683
41   43   0.17977654472381524
41   45   0.24959383308865327
41   46   0.10566889580811906
41   47   0.0018702442749161294
41   48   0.0061725546619175896
41   49   0.1451346036802611
41   57   0.12909944487358072
41   73   0.050025729906395734
41   77   0.0681131841365653
41   83   0.133235598669894
41   84   0.16968316378683793
42   44   0.003918557226663119
42   45   0.05726186984431433
42   46   0.016340842841534788
42   48   0.027501711075636853
42   49   0.1094151478392043
42   51   0.12302258896998218
42   60   0.006932016452412494
42   62   0.1015430957193426
42   74   0.07576838589916698
42   75   0.17878464008170378
42   76   0.019853932808208213
42   80   0.03975359337861362
42   83   0.016763337397584264
43   44   0.04629051269834473
43   45   0.00900565499647187
43   46   0.034739235599972454
43   47   0.1345988833178517
43   48   0.05492412458474571
43   49   0.03715727032561804
43   50   0.02210778618957872
43   51   0.16344975679730253
43   52   0.04209398299468846
43   53   0.06656565707982151
43   54   0.11450894885213223
43   55   0.01971687296193553
43   56   0.0068884722215006725
43   57   0.07279400426878867
43   58   0.09719408245533026
43   59   0.14381221600126884
43   60   0.060081900823049206
43   61   0.22118810015590637
43   62   0.08183547237129776
43   63   0.07999465053086087
43   64   0.10718317089166261
43   65   0.08385189599436535
43   66   0.00646168830294856
43   67   0.0523160370960111
43   68   0.08996954358720863
43   69   0.04878218236205276
43   70   0.06421748279629126
43   71   0.02813036742161865
43   72   0.055330867298826136
43   73   0.01449272806122622
43   74   0.08955796307764663
43   75   0.018521882454990184
43   76   0.014901982582665183
43   77   0.1785492656184377
43   78   0.11651477202866765
43   79   0.0758171498502718
43   80   0.029813847574136132
43   81   0.04301498528607442
43   82   0.024378257228315943
43   83   0.058347016763415846
43   84   0.06991710544818469
44   45   0.008794128965203644
44   46   0.019721975224408272
44   47   0.020765604953539445
44   48   0.06956122351826811
44   49   0.032327854367589
44   51   0.002034025896290049
44   52   0.12476845711231328
44   56   0.0571447421143
44   60   0.07111594179979605
44   62   0.1133963321942698
44   63   0.13829853386832866
44   65   0.0030448723130859744
44   66   0.12236926178260994
44   67   0.0812687068387547
44   68   0.039098230823626165
44   70   0.034661126514913515
44   71   0.09007865584288134
44   72   0.02223166183490453
44   73   0.0837391550045624
44   74   0.05552412108019367
44   75   0.02121083232682972
44   76   0.054743579671711784
44   77   0.00780922010702189
44   79   0.03927974347486808
44   80   0.06345546917343198
44   83   0.04195670520275192
44   84   0.05894990043367615
45   46   0.012935177927361334
45   47   0.033655266220681844
45   48   0.06396795505535836
45   49   0.04786822503946821
45   50   0.15108403129487766
45   51   0.08592267013945132
45   52   0.016236533740109402
45   53   0.029841404951273742
45   55   0.09254341444314575
45   56   0.06885789014825575
45   57   0.03597942888683625
45   58   0.12067551827180593
45   59   0.0890106063909493
45   60   0.0985367370759285
45   61   0.09794192581729125
45   62   0.021886616606316963
45   63   0.01145487941308916
45   64   0.10953545370676968
45   65   0.007337076816494632
45   66   0.007585554754331742
45   67   0.023005957094283325
45   68   0.021456745181120635
45   69   0.03719517364865403
45   70   0.05896514141890098
45   71   0.06460791173678877
45   72   0.006604526527632729
45   73   0.09519624675796443
45   74   0.08734608605481523
45   75   0.0031819392950883647
45   76   0.19369348590344143
45   77   0.05233578653866667
45   78   0.015767062754650712
45   79   0.04038606030318921
45   80   0.17497105004244246
45   81   0.09873394418390646
45   82   0.02107546969519513
45   83   0.10690684274715656
45   84   0.018703027507723475
46   47   0.11838954928037439
46   48   0.12095356009768149
46   49   0.13308938305015133
46   51   0.0454338767927954
46   52   0.07959627085465326
46   55   0.023945262712630894
46   56   0.140887080843922
46   57   0.0734644263485594
46   58   0.08535405884340354
46   59   0.20604570817720685
46   60   0.12332514442123482
46   63   0.03890048180952806
46   64   0.026121081799246514
46   65   0.028317133768413716
46   66   0.03266750098301117
46   67   0.07688567873474961
46   68   0.15257917516921357
46   70   0.053307383151736686
46   71   0.057562111040518955
46   72   0.01276888714990608
46   73   0.12691526675997325
46   75   0.1431433583636521
46   76   0.17548140636246856
46   77   0.05513877112644792
46   78   0.11091709657743151
46   79   0.14203957325821556
46   80   0.16156845799207487
46   81   0.06772326399295467
46   83   0.07024534336661344
46   84   0.034121819676137824
47   48   0.04021036133448418
47   49   0.07719707167516618
47   51   0.1803854376562909
47   52   0.06941653023520666
47   53   0.13890617726237175
47   54   0.05681147322990779
47   55   0.07204446420643439
47   56   0.0861706991020637
47   57   0.020635728437107648
47   58   0.03569235028964269
47   59   0.06766107991706685
47   61   0.16897239139117984
47   63   0.06507946238319877
47   64   0.16794869721018435
47   65   0.026949985319482936
47   69   0.1278644685897696
47   70   0.018275952633118108
47   71   0.20012771389403922
47   72   0.05488194587164996
47   73   0.1882122531090491
47   75   0.10050684031317224
47   76   0.046097460019089265
47   77   0.14264636613719806
47   78   0.04066022805547127
47   79   0.0610835041611215
47   81   0.026296203473932182
47   83   0.09451499731243843
47   84   0.08887337422705616
48   49   0.08506070971177383
48   53   0.06900574615481017
48   54   0.07795994727555734
48   55   0.05830914988655451
48   56   0.16094877161548146
48   57   0.04241116914624635
48   58   0.11954151348862124
48   59   0.02213767431280417
48   60   0.09917880507109876
48   61   0.06386594070119661
48   62   0.1344329153801973
48   63   0.029127631414874403
48   64   0.058592099963177206
48   69   0.02098636208396579
48   70   0.14345559812238867
48   72   0.22068913111337587
48   73   0.00989466294158487
48   75   0.055987180161260926
48   76   0.059586016634068976
48   77   0.0325723624405518
48   78   0.15193943697930878
48   79   0.034974100726565996
48   81   0.1004742533357438
48   83   0.11996018386139289
48   84   0.013461097423466762
49   51   0.3016588470867332
49   57   0.011889354844360892
49   58   0.09720518720607535
49   60   0.008139350401181947
49   62   0.06849191702825233
49   63   0.0784806372611578
49   67   0.19054355227149675
49   71   0.12018436890078388
49   73   0.026260473612256162
49   74   0.09604141864764047
49   75   0.20602389470637691
49   76   0.057091790832303334
49   80   0.1059968489672424
49   83   0.11448304140149967
49   84   0.18623060965280208
50   52   0.0022046923404169362
50   56   0.050690083567122596
50   57   0.06928542123135749
50   58   0.2038103591883305
50   59   0.043139340537338824
50   63   0.023233220520542015
50   66   0.0610470493617933
50   68   0.01797315143777978
50   70   0.05457137591700581
50   72   0.13734907440710128
50   73   0.048817166486826824
50   75   0.164390715514972
50   76   0.10067804051364915
50   77   0.016405204025553222
50   78   0.09760538121608557
50   79   0.024898793223194153
50   82   0.015542161806892382
50   83   0.07834637906193143
51   52   0.04679734577206088
51   54   0.20051090563982535
51   58   0.11644684540101494
51   60   0.11802617566575305
51   62   0.08819329322036093
51   64   0.17523805475117954
51   65   0.05215722928830865
51   66   0.12253553268609553
51   68   0.18217250148189773
51   71   0.08711053407769793
51   72   0.03868869120235164
51   73   0.002879390993094305
51   74   0.12887211054794517
51   75   0.2717310596518437
51   76   0.032455148216960356
51   77   0.0880848600229618
51   80   0.11017101735176327
51   83   0.12117952735913314
52   55   0.03186551153641138
52   56   0.19149718568882926
52   57   0.06740673851866598
52   59   0.0006086140688544688
52   63   0.07147963899836061
52   66   0.008204991697282013
52   67   0.005935040604794142
52   68   0.04962356041506577
52   70   0.03287893363689464
52   71   0.11296435695628401
52   72   0.1262773121544389
52   73   0.025742002305335056
52   75   0.009666197910113746
52   76   0.13485628003088426
52   77   0.030003590423378936
52   78   0.04736246014142054
52   79   0.04100756687429697
52   83   0.03528125715712847
53   54   0.15230517180867204
53   55   0.16812362598516187
53   56   0.11468084520616655
53   57   0.15127641813973736
53   58   0.032357752247557006
53   59   0.10888631445095154
53   61   0.06075175582455848
53   63   0.03913293943527853
53   64   0.007830949669963323
53   69   0.07847027939100512
53   73   0.06461071102252985
53   77   0.09884135807050745
53   78   0.034260135960824306
53   83   0.010096324404796533
54   55   0.09430515361340445
54   56   0.05557185936304515
54   57   0.04819555042004715
54   58   0.11398819623245275
54   59   0.03755029843805129
54   61   0.053985238948842336
54   64   0.1780823152968825
54   69   0.018024055277451986
54   71   0.10016809773087987
54   73   0.1761810805358848
54   76   0.24855967420650532
54   77   0.2296321077054921
54   78   0.02746069881758487
54   81   0.0730690541831026
54   83   0.1267848563259177
54   84   0.022127534366325672
55   56   0.08715039068335013
55   57   0.016084755767317015
55   58   0.05246677791031166
55   59   0.14768662630558987
55   61   0.1271934181245371
55   63   0.03978809002514095
55   64   0.006577814697925407
55   69   0.0583920719973622
55   72   0.09299849401735115
55   73   0.012674810194602093
55   77   0.055874872924779634
55   78   0.039807949270547247
55   81   0.11354413955512366
55   83   0.020873009782002842
56   57   0.015323189225400553
56   58   0.06211728617952502
56   59   0.051278577987628096
56   60   0.060605045727270546
56   61   0.006543754702273489
56   63   0.001673124909286363
56   64   0.05425263613682888
56   66   0.1926153025186341
56   67   0.01225299667928232
56   68   0.09357401992914177
56   69   0.0016954436437676876
56   70   0.06469430190473045
56   72   0.08538494267234588
56   73   0.01671467713423987
56   75   0.023870424336900658
56   76   0.052150150401918956
56   77   0.0359451907990946
56   78   0.011080871878166393
56   79   0.11542526528869648
56   81   0.053039258742615496
56   82   0.05906112602556972
56   83   0.03207982158050222
57   58   0.024615528970996385
57   59   0.03990348172774873
57   60   0.06807794229536306
57   61   0.06206285866078566
57   63   0.1219770001819598
57   64   0.13054709948433352
57   66   0.13292760988635943
57   67   0.11243776114117371
57   68   0.0615025135794238
57   69   0.09556771599863231
57   70   0.08198168790101619
57   72   0.05198895120255355
57   73   0.018215385479600676
57   75   0.04616637036465686
57   76   0.0024260952782785214
57   77   0.029250741217643365
57   78   0.12499132900372521
57   79   0.005482263199278205
57   81   0.08354104230112544
57   83   0.048312252319520015
58   59   0.02943610635211434
58   61   0.020439770322352196
58   62   0.11217540325159128
58   63   0.07546014413159376
58   64   0.01597095144623268
58   69   0.042796490637908545
58   71   0.03625307560006799
58   73   0.026830195975620343
58   74   0.06790223581932155
58   75   0.0972711947484041
58   76   0.20374192665105495
58   77   0.005066630694828215
58   78   0.20699449962648567
58   79   0.10030322237820401
58   80   0.014298278947679398
58   82   0.18769304983492213
58   83   0.08640852944555258
59   60   0.010381119608687346
59   61   0.06637957329337668
59   63   0.04420603595523224
59   64   0.006312957466259895
59   69   0.016755354878648265
59   73   0.06663277510186826
59   77   0.18603574763128064
59   78   0.12432255555297284
59   81   0.015084247432711414
59   82   0.13582720877700685
59   83   0.17973436892090763
60   61   0.08582228857426284
60   62   0.10551233834234242
60   63   0.020905023383196792
60   66   0.16460610954948418
60   67   0.13853092648817464
60   68   0.04763413677607284
60   70   0.09625855291091917
60   72   0.05590596713350819
60   74   0.06910806798145075
60   75   0.06589273759386868
60   76   0.21463857539921774
60   78   0.0828801619909941
60   79   0.0803646172444275
60   80   0.1825444133277083
60   81   0.004094881485956927
60   83   0.10426663855691563
61   63   0.14336431150228648
61   64   0.04058772196683417
61   69   0.11327262942834875
61   73   0.05096400962377984
61   77   0.17848928990432963
61   78   0.07828583684505017
61   81   0.0300322644752803
61   83   0.11188193068330073
62   67   0.05938198556586755
62   71   0.08349375229597937
62   73   0.05123096231221486
62   74   0.1319368088138189
62   75   0.11798031091547857
62   76   0.04899187276773536
62   78   0.17959580696157826
62   80   0.04884889124819179
62   81   0.015673706175490805
62   83   0.105049351024918
63   64   0.12317566951457597
63   66   0.1831884033276436
63   67   0.10583827338686476
63   68   0.03482463500632334
63   69   0.02915887423974066
63   70   0.09733482994654949
63   72   0.08199297409847678
63   73   0.026464566603246413
63   75   0.015417552522691842
63   76   0.07684161322895916
63   77   0.08670987171583926
63   78   0.14179528695578852
63   79   0.015028067601031262
63   80   0.03837785767628909
63   81   0.003770116689635173
63   82   0.10338366888465207
63   83   0.010937231053456276
64   69   0.0007021050679830643
64   70   0.11220499634810506
64   71   0.13680334714365394
64   72   0.027146366099870565
64   73   0.12603042964597394
64   74   0.06520655374243896
64   76   0.2732672087043749
64   77   0.0362938509820301
64   78   0.04593116521303735
64   79   0.22480070331022542
64   81   0.10135246761383332
64   83   0.016865487563639273
64   84   0.05748076914333173
65   70   0.1571724524933169
65   71   0.14638938149341188
65   72   0.09001696309811935
65   73   0.05856515187057952
65   76   0.07917156599301468
65   77   0.17817967584784902
65   79   0.23728255705895313
65   82   0.04954111761288039
65   83   0.13879432785755028
65   84   0.04076324954365404
66   67   0.06258797181444649
66   68   0.03971530033170248
66   70   0.03413228232487479
66   71   0.16046076328436074
66   72   0.032353636673070715
66   73   0.06651226953484449
66   75   0.049844848247967144
66   76   0.02531559260865802
66   77   0.08465371142126138
66   78   0.13676047359063784
66   79   0.05004048644713718
66   82   0.100818999478127
66   83   0.07885476426448763
67   68   0.0003379644421240078
67   70   0.10228491724680788
67   72   0.167542892687043
67   74   0.08802918152054945
67   75   0.07272679887621875
67   76   0.10741940254008173
67   77   0.03079523765711666
67   78   0.03238174609606594
67   79   0.033088961036863575
67   80   0.0976430163778847
67   83   0.054352339302296646
68   70   0.06992338164900772
68   72   0.17865708832523505
68   74   0.01970634370431346
68   75   0.18636818077156597
68   76   0.007309602283521371
68   77   0.005716638030963901
68   78   0.01401983188057493
68   79   0.0002907608445793774
68   80   0.06890148559391256
68   82   0.10687863683421994
68   83   0.14192054835461587
69   73   0.07060573706479834
69   77   0.13242247339335866
69   78   0.0818555686583955
69   83   0.11272759790763189
70   71   0.1919314856896039
70   72   0.02537677697993042
70   73   0.17421869958934458
70   75   0.12099032569898817
70   76   0.12844169360321472
70   77   0.028655431445145086
70   78   0.039977347581560185
70   79   0.22538086774287025
70   82   0.04550958674781071
70   83   0.02001274357531508
70   84   0.02650069334988495
71   72   0.15109790310245771
71   73   0.08596126408263634
71   74   0.02141306692602721
71   75   0.0905425030508088
71   76   0.17417599201342507
71   77   0.08641685250172138
71   78   0.09071552813208593
71   79   0.01575469810011424
71   80   0.1115050186008703
71   83   0.024410513735741476
72   73   0.033781995311685506
72   75   0.11492573082830565
72   76   0.023093202629373574
72   77   0.0479092703738241
72   78   0.09158776957527762
72   79   0.01532237935547176
72   82   0.044181803682649595
72   83   0.10097971713171715
72   84   0.10347154775336115
73   74   0.1058569393257073
73   75   0.17459902598013627
73   76   0.03805782007525674
73   77   0.1308100577774239
73   78   0.030749359696969406
73   79   0.07531582799795856
73   80   0.15628968679926983
73   81   0.1358565855281885
73   82   0.015867404882750062
73   83   0.07910861065815936
74   75   0.152818931312412
74   76   0.02629518124048146
74   80   0.12486911601483072
74   83   0.12661131810959114
75   76   0.08270330471258333
75   77   0.1267255631476008
75   78   0.09593368571348072
75   79   0.08701138639092947
75   80   0.04668089964799301
75   82   0.08467373799973126
75   83   0.04881298705303913
76   77   0.07174184998860202
76   78   0.07153870601976238
76   79   0.11750331858475456
76   80   0.10490034759501665
76   82   0.013811056425680092
76   83   0.020821909551169835
76   84   0.026470007002774208
77   78   0.15782103640213446
77   79   0.026675407848029742
77   81   0.05006930753416772
77   82   0.0655077927874248
77   83   0.058816355980402295
77   84   0.04685667506618413
78   79   0.11885939896522359
78   80   0.17839857356137115
78   81   0.08165183925421747
78   82   0.027327994847685458
78   83   0.12131154472948961
79   82   0.18190120062578488
79   83   0.08296650127444584
80   83   0.05452745316728948
81   83   0.11402421465274282
82   83   0.02651338047857013
