1   3   0.03859087769219822
1   6   0.004032070641374155
1   7   0.0626558231647411
1   8   0.20204867494575907
1   10   0.10223877867329079
1   14   0.15145764906969347
1   17   0.1568067698001005
1   19   0.09025979292043251
1   21   0.18681210664938253
1   23   0.15898107233915515
1   24   0.10714975401523348
1   26   0.027434427356614968
1   27   0.17667350111589405
1   28   0.11567482980746664
1   29   0.08653266411811811
1   30   0.08505647025975066
1   33   0.04813001766637808
1   34   0.21715689074682684
1   36   0.12789461846786554
1   38   0.09380118397802172
1   73   0.007101790024174161
1   77   0.03422105618046626
2   3   0.014477132705425983
2   9   0.11406575022025135
2   11   0.054824263298893144
2   13   0.07291941192291669
2   15   0.03198395218979405
2   16   0.14690520480064673
2   17   0.1086742854561028
2   18   0.10294945853417484
2   19   0.0699396292433966
2   22   0.1073645220944284
2   23   0.06067733760959176
2   24   0.1432624164911581
2   25   0.023011481943239917
2   26   0.10792251058372536
2   27   0.021797481869350436
2   28   0.011085386747268229
2   31   0.04328759746190476
2   34   0.024988597193314976
2   36   0.06786368884709526
2   37   0.09675135915963223
2   38   0.034173135390253226
2   39   0.1256293906161922
2   42   0.0788269117621425
2   43   0.01996926376139547
2   44   0.03427817718232756
2   45   0.15652626762877236
2   49   0.01370074665337129
2   51   0.13762054739591087
2   52   0.11377175992654928
2   62   0.11659711839653342
2   66   0.023175135207140072
2   68   0.08686781999202386
2   71   0.1071284364743568
2   72   0.02117620971134051
2   74   0.15281735405892818
2   75   0.10610058215638277
2   76   0.11295234980728615
2   80   0.14339674046194445
3   6   0.0825860958508696
3   7   0.09599329146493665
3   8   0.10502525899475794
3   10   0.09059993836877357
3   14   0.10047459609880018
3   17   0.10926793678901944
3   18   0.05131003632980818
3   19   0.20228155688959648
3   21   0.11371118026936282
3   22   0.20523297630307702
3   23   0.14731862203575574
3   24   0.12553945353542392
3   26   0.10570727245213565
3   27   0.11082008701164657
3   28   0.12474491093378537
3   29   0.11569242811078163
3   30   0.15531541532030058
3   33   0.1081210525779272
3   34   0.1371268860800443
3   36   0.12479214138804905
3   37   0.21405126873645838
3   38   0.0937617219588441
3   39   0.1710976172936571
3   40   0.12207652339558521
3   43   0.12872437290091215
3   44   0.22873956947112664
3   45   0.16458164048292087
3   46   0.06297419845148461
3   51   0.163138905812007
3   52   0.15008298922520139
3   65   0.10989002203515907
3   66   0.12347573199433672
3   68   0.04076976595286149
3   71   0.04752457764494586
3   72   0.17703129160437053
3   75   0.13961110255415102
3   76   0.14085890126411238
4   5   0.08467857693643611
4   6   0.033741907553183
4   7   0.05408102437743328
4   8   0.12094059590220539
4   9   0.0868036891511686
4   10   0.0019284856530322613
4   12   0.012180045775451483
4   14   0.10671241273560444
4   15   0.019340275916767142
4   20   0.019383861158889005
4   24   0.14136910501970285
4   28   0.04886454472964696
4   29   0.14377762027089835
4   34   0.023940654363250265
4   36   0.08097267158409796
4   38   0.14018526845861226
4   40   0.09638735436047036
4   41   0.14422108485461194
4   47   0.03772184335355435
4   53   0.04848963701092091
4   58   0.09844062417406615
4   59   0.03051947516461837
4   61   0.22987026659498871
4   69   0.04870154259370948
4   73   0.15096000113016877
4   77   0.12308552732125887
5   6   0.13428196487783123
5   7   0.044966475122324996
5   8   0.032600124995680685
5   9   0.10547790394129249
5   10   0.057665748729226224
5   12   0.06837579969758943
5   15   0.08113371931006604
5   20   0.10579096247687116
5   24   0.12415467170905575
5   27   0.10123373353372854
5   28   0.04402587800849741
5   29   0.005367802076427429
5   32   0.08897992849784034
5   34   0.09353689350395174
5   35   0.04204059405960098
5   36   0.07011026520216727
5   40   0.17410715840857488
5   41   0.1209164409867347
5   47   0.058807926364294376
5   84   0.03015604303542592
6   7   0.039713178038917975
6   8   0.08440467822596348
6   9   0.1604957337211564
6   10   0.07047077248256158
6   12   0.004346428310761738
6   13   0.06819695482796338
6   14   0.08374344965514566
6   15   0.02301661613724978
6   17   0.05828157543688971
6   20   0.0310960125926195
6   23   0.08120780602695936
6   24   0.05250726344891184
6   26   0.06724435585633674
6   28   0.03689404594652245
6   29   0.10383559501777583
6   30   0.14191791773246903
6   32   0.005613412944344309
6   34   0.04116470609355728
6   36   0.039264646272237726
6   38   0.11949119375065317
6   39   0.14332612679997472
6   40   0.10524302541765078
6   41   0.026140715004123426
6   42   0.18250039506505944
6   47   0.05448064362154293
6   58   0.020599118063534105
6   59   0.018032173510977658
6   73   0.12917833519763738
6   77   0.12489308701731369
7   8   0.11619804907351844
7   9   0.16431903539733334
7   10   0.07808371231100661
7   12   0.06313826214155958
7   14   0.12397923790949607
7   15   0.06901847698437709
7   17   0.09087885350362407
7   19   0.1765250999467286
7   20   0.01685675260834842
7   21   0.12376319975990281
7   23   0.1082935303370303
7   24   0.11397778570068824
7   26   0.10365071904086033
7   27   0.04873982271299461
7   28   0.044419841638535996
7   29   0.15162029794484894
7   30   0.16006444476633586
7   32   0.12245775088661325
7   33   0.09551152120919891
7   34   0.1328363999584003
7   36   0.12065759859603253
7   37   0.11123046079935803
7   38   0.1697898277414092
7   39   0.14239521495901075
7   40   0.143552920415203
7   41   0.07371566137655056
7   43   0.04399295690784834
7   45   0.14569363031471574
7   47   0.03434161813536488
7   58   0.05145190229822421
7   73   0.18177807466996157
7   77   0.2002367614931784
8   9   0.00864801862622757
8   10   0.0479600612877035
8   12   0.1695339175472784
8   13   0.03252315580287202
8   14   0.16642493685554166
8   15   0.08914701638158154
8   17   0.07761516932804897
8   18   0.12251087219344195
8   19   0.11866033758249148
8   20   0.13849629555600462
8   21   0.1173890250004733
8   23   0.13492110060663234
8   24   0.165543214434899
8   26   0.1345802179686536
8   27   0.08042389321789571
8   28   0.11143665594262171
8   29   0.09418588313875358
8   30   0.12294053474857944
8   32   0.0014342326536089986
8   33   0.04916916368414545
8   34   0.01926897475563809
8   36   0.054609549714856084
8   38   0.0864251447114527
8   39   0.10181905727218372
8   40   0.16936407573564202
8   41   0.00016283976708143628
8   42   0.0769530226704902
8   43   0.02372508710838839
8   56   0.007637990029985485
8   58   0.008198777145072392
8   73   0.06775329865585748
8   77   0.18524652216396198
9   10   0.1590847909325308
9   12   0.07029162059518407
9   13   0.10089137764664004
9   14   0.1153550888170491
9   15   0.012040478800528451
9   16   0.02597398744556662
9   17   0.02363957053555109
9   20   0.046430928195606826
9   21   0.035968867065369864
9   22   0.022041820572097713
9   23   0.06789659661509152
9   24   0.12053712349682348
9   25   0.0773311592688362
9   26   0.15133735878089105
9   27   0.0528438933721972
9   28   0.13088163354138957
9   29   0.19091829313703115
9   30   0.14541605810149147
9   31   0.12383771296621279
9   33   0.07055813355261385
9   34   0.19622247023202194
9   36   0.08848808721472874
9   37   0.06129255846883642
9   38   0.18464376496550106
9   39   0.12977231432794525
9   40   0.07928200397969626
9   41   0.007574450922005392
9   42   0.06767866682316666
9   43   0.08789087640401487
9   45   0.07049526346608408
9   47   0.012667722287234012
9   49   0.04244171716433877
9   53   0.08915339678992473
9   56   0.09025709610097743
9   58   0.10349863905550857
9   59   0.06312540090093573
9   61   0.030384792707697346
9   62   0.07112414156362327
9   63   0.09720263298009195
9   64   0.021278985856018603
9   65   0.060285946000641986
9   69   0.023301217926944853
9   70   0.22234087377994852
9   71   0.020139833153989643
9   72   0.02982004925910907
9   73   0.0764772767739406
9   75   0.0021691057516568957
9   76   0.13165130267695296
9   77   0.09894916003788337
9   78   0.08995331736149392
9   79   0.04531616974582742
9   80   0.018063918647185047
9   83   0.06522275128198557
10   12   0.03254746172613056
10   13   0.026684037408410743
10   14   0.014613636823545337
10   15   0.004666471221828028
10   20   0.011945315756775654
10   24   0.1219411862761296
10   28   0.014227661624561076
10   29   0.08776085934654257
10   30   0.07495900185894967
10   32   0.15756913287506713
10   33   0.032348006018203486
10   34   0.11521993749335954
10   36   0.07069738578366208
10   38   0.1066466929414068
10   39   0.19983426210789082
10   40   0.12040402772220629
10   41   0.12173456502809588
10   43   0.0033283771537784535
10   47   0.03881110659728663
10   53   0.1559385286050389
10   55   0.024315840572463696
10   57   0.10792886248712644
10   58   0.12289191827402156
10   59   0.04564534310246835
10   61   0.040090559100193206
10   64   0.042042536175411864
10   69   0.06311697714347952
10   73   0.18438462226412877
10   77   0.13041295979309284
11   13   0.038860401593692015
11   14   0.10665347045364092
11   17   0.12571513362118214
11   18   0.15881954894018968
11   19   0.10250129555201053
11   23   0.05003603706963487
11   25   0.15663941782118407
11   26   0.19306693921434018
11   27   0.16158640999346102
11   29   0.20079463104248016
11   31   0.07905721337976471
11   32   0.1934470041691749
11   34   0.16803781288630842
11   36   0.03568161948497914
11   37   0.10346212672669367
11   38   0.10618916080101022
11   39   0.04802618741306071
11   41   0.046876601824634934
11   42   0.0665796714238704
11   44   0.0019840744906721567
11   49   0.063586023351469
11   51   0.016630198648887665
11   60   0.03243555955689235
11   62   0.22393526598694813
11   67   0.1538425402046797
11   74   0.07418604295734244
11   75   0.1884976905703754
11   76   0.21060858915753644
11   80   0.008494400344097602
12   13   0.04710009854013673
12   14   0.12158027233383908
12   15   0.0631312363038066
12   20   0.020931695954627415
12   24   0.03708014874782714
12   28   0.0462677067348543
12   29   0.09571295436204223
12   32   0.05764933987579577
12   34   0.1561075587240929
12   35   0.14735141291128986
12   36   0.06806141932800107
12   38   0.09747176061995713
12   40   0.05922610827800571
12   41   0.1887521378614726
12   42   0.1060903205588464
12   47   0.13268061437483514
12   53   0.012877481680774416
12   54   0.06491373261245001
12   58   0.11475104467136142
12   59   0.026399198513146413
12   61   0.015081049646417675
12   64   0.10917762121160761
12   69   0.020313604184764158
12   73   0.07592924301806533
12   77   0.1212657164150898
13   14   0.06853358403224266
13   18   0.03678030368297192
13   22   0.016718374871163177
13   24   0.15578954816271628
13   25   0.03437127853989369
13   26   0.024577541202701583
13   27   0.05467585670185913
13   29   0.07161618261165706
13   31   0.03700184172189526
13   32   0.01350966161230546
13   34   0.07171211996635064
13   36   0.037167156884169064
13   37   0.06814501257434087
13   38   0.05441692627903335
13   39   0.1993917018449159
13   40   0.003715063426043941
13   41   0.012764005345645537
13   42   0.027670525924991085
13   43   0.02417573695714688
13   44   0.011012647546581112
13   45   0.06901000657398691
13   46   0.07291356535852823
13   48   0.035168012970417
13   49   0.08018758522055561
13   51   0.032428953905213886
13   60   0.05111156609916698
13   62   0.15414159843891878
13   67   0.13507173975996828
13   71   0.0008924436066443995
13   74   0.05740815727203562
13   75   0.13205362173962215
13   76   0.14495933884836334
13   80   0.011653500576108798
13   83   0.09086224765530869
14   15   0.018068370939887866
14   17   0.09978872079654692
14   18   0.020343473912331673
14   19   0.10735638356075249
14   20   0.13122871076209996
14   21   0.1388194562392499
14   23   0.1438279841752707
14   24   0.16041855113864362
14   26   0.08916045304036233
14   27   0.09631717743561273
14   28   0.13601159182295666
14   29   0.05843240777531087
14   30   0.14412317456961243
14   32   0.21827946389311306
14   33   0.042890458305868885
14   34   0.05260887506406811
14   36   0.06528455210642518
14   38   0.10303745553582189
14   39   0.04974184557032594
14   40   0.11904791007708965
14   41   0.06681402378459729
14   42   0.12381108851966474
14   73   0.17454278664845904
14   77   0.1836267017265203
15   20   0.08835020898613628
15   21   0.048729073001945886
15   22   0.09617029296414292
15   23   0.14009041199112462
15   24   0.013127908454841573
15   27   0.05988294027686366
15   28   0.09381635044554439
15   29   0.1488029751656628
15   30   0.09444891861479125
15   32   0.09195608481359786
15   34   0.00018580259949149474
15   35   0.03468782815231117
15   36   0.02717559869071403
15   37   0.1082350148416021
15   38   0.13725645115481067
15   39   0.11834329454934979
15   40   0.09116722834520391
15   41   0.041452264712676254
15   43   0.023711570129845275
15   47   0.1602495994827463
15   53   0.1325453131927769
15   58   0.03843753943137672
15   59   0.04302569689386496
15   61   0.12100153956387423
15   69   0.0007894700549179356
15   73   0.11021278134709814
15   77   0.08205543512118392
15   84   0.19113383018828126
16   17   0.10113587550492908
16   21   0.003203518168232953
16   22   0.046304652316683334
16   23   0.10473037024421117
16   24   0.0061904212396605264
16   27   0.055401966432064784
16   28   0.10404706341372501
16   30   0.070619460891556
16   34   0.15775255396587604
16   36   0.03286740450196728
16   37   0.030309783298869714
16   38   0.09980348511962407
16   39   0.03181636013380438
16   40   0.07108070553656462
16   43   0.043180437480690594
16   45   0.0800721823578889
16   46   0.08288799762306916
16   52   0.1332657501856396
16   65   0.08769117483318628
16   70   0.06260045076625469
16   71   0.09276855889992659
16   72   0.09510813276721909
16   73   0.12327248785894467
16   76   0.09701624134610588
16   77   0.11870327018726495
16   79   0.046383514538015355
17   18   0.1165072581168567
17   19   0.019031182025215344
17   21   0.10794255254883492
17   22   0.07347008004081466
17   23   0.06873236725765568
17   24   0.07820772800756452
17   26   0.1390876277851347
17   27   0.0738431047001193
17   28   0.09911834652393203
17   29   0.10380520625845964
17   30   0.13901804189530437
17   33   0.07751098617564585
17   34   0.09598131539440366
17   36   0.14650091041492921
17   37   0.14445814519260355
17   38   0.12619171042246963
17   39   0.19666136142561225
17   43   0.014406740329301726
17   44   0.013128641286540118
17   51   0.1020878563190032
17   52   0.13529463073720543
17   66   0.02880232008867148
17   72   0.1409704918502073
17   75   0.16363356414926583
17   76   0.11663239858460116
18   19   0.035802627530992275
18   21   0.031527570037955074
18   23   0.014082472086344729
18   25   0.11720418688581742
18   26   0.08164288433556265
18   27   0.17100383494974844
18   29   0.11994710067703036
18   30   0.10014492615342012
18   31   0.06678387594843903
18   34   0.1464170209696117
18   36   0.17743016871392206
18   37   0.15156599422342268
18   38   0.18866467016198799
18   39   0.13792941376079076
18   42   0.040547511617239934
18   44   0.10070392479997417
18   62   0.17993014551699646
18   67   0.033100425622185875
18   74   0.14492270747747613
18   75   0.13549381540325545
18   76   0.19754371917209687
18   80   0.02385488153158237
19   21   0.13215400302359553
19   23   0.1317338410167265
19   25   0.12149815512439932
19   26   0.15482840801055472
19   27   0.13916748655474415
19   29   0.09348471004791878
19   30   0.10274538026116938
19   31   0.023257691817637805
19   33   0.09862253762252798
19   34   0.06017911578512247
19   36   0.15495578676334834
19   37   0.19355988443383804
19   38   0.11990366541113749
19   39   0.14214623483853542
19   44   0.015796203694132257
19   51   0.23973597371220037
19   52   0.12666207808060262
19   68   0.10394086889639433
19   74   0.008890117982961913
19   75   0.18796034303173934
19   76   0.18923742668307025
19   80   0.04801316566867903
20   24   0.04782932935595638
20   28   0.02760885204531624
20   29   0.1002779578409416
20   32   0.06351499443461187
20   34   0.11713515558134145
20   36   0.07896986843957567
20   38   0.07517341778241249
20   40   0.011306231627665775
20   41   0.0628397647949293
20   47   0.06577035003373075
20   53   0.07189545202329486
20   58   0.07407949224930149
20   59   0.10081841626073959
20   61   0.045125695829814204
20   64   0.08596017987532839
20   69   0.013226662278563532
20   73   0.08761901744752781
20   77   0.044511062629353254
21   22   0.06533180149467771
21   23   0.13061640130064403
21   24   0.018008665414266847
21   26   0.126536012202355
21   27   0.06733536923232368
21   28   0.004740443572061523
21   29   0.1599389629645294
21   30   0.0558008544126704
21   33   0.07787741381107578
21   34   0.11017866020997837
21   35   0.11164262941860667
21   36   0.06380664156293434
21   37   0.18166883696726865
21   38   0.11270433569419903
21   39   0.13868228238197364
21   40   0.10387222142538037
21   41   0.06288907940811211
21   43   0.07868016317137608
21   65   0.06982757427646419
21   70   0.04411543993477671
21   71   0.0727027706565284
21   72   0.08010116092944528
21   73   0.11477312614226647
21   76   0.06603801982457362
21   77   0.08868888650754722
21   78   0.042394948010318574
21   79   0.15183778636583498
21   82   0.00040233078420636896
22   23   0.06443440587232022
22   24   0.12353301380403556
22   25   0.08644669743340681
22   26   0.08117652089760188
22   27   0.02554764321412279
22   28   0.03700076200124353
22   29   0.16114383958830417
22   30   0.1317770024226415
22   31   0.012500292257926877
22   34   0.090847412046873
22   36   0.14122513443302298
22   37   0.06667931006226636
22   38   0.09830899409030318
22   39   0.12601572726081206
22   40   0.1492891648115027
22   42   0.03778693279918207
22   43   0.0970732478420582
22   44   0.07845154876657429
22   45   0.11260430258706561
22   46   0.13020995433922908
22   51   0.01855548918294244
22   52   0.12456837129771699
22   58   0.1200567863621083
22   62   0.03534214951512474
22   65   0.1182471771198051
22   70   0.05184550897191939
22   71   0.08090622691799042
22   72   0.03398000300525143
22   73   0.15343241136508504
22   75   0.12668645636176398
22   76   0.043385233262470284
22   77   0.09555250220466933
22   79   0.0502716733294982
22   80   0.07891308736341794
23   24   0.060619726659307434
23   26   0.18738200153668463
23   27   0.048338843073415516
23   28   0.13243169389526363
23   29   0.19766201837378114
23   30   0.21113813966665426
23   33   0.11116723263718163
23   34   0.18724898518139377
23   35   0.13419140061818072
23   36   0.0725778169044054
23   37   0.15710960188805917
23   38   0.14646696307826404
23   39   0.16198257132760474
23   40   0.12649102319739533
23   41   0.033434769558244086
23   43   0.09273422882103233
23   44   0.11308580018543175
23   45   0.11888842035799581
23   46   0.07716593083454279
23   51   0.016411852987282594
23   52   0.15497118641374047
23   65   0.09045622227078869
23   66   0.10959967333611703
23   70   0.08940767318841034
23   71   0.04746189304217385
23   72   0.11798241872431095
23   73   0.11817111581222545
23   76   0.10951683972194624
23   77   0.11057462777251723
23   79   0.126682374721213
23   84   0.14999754940704688
24   25   0.10708865183513833
24   26   0.10240185169401939
24   27   0.07337553388706278
24   28   0.02455551985350235
24   29   0.15229992096888978
24   30   0.12050217974552949
24   31   0.0387285139705937
24   32   0.00665023882906554
24   33   0.11768972138150434
24   34   0.10874650032871148
24   36   0.11208452662066849
24   37   0.06403686610580572
24   38   0.16805825774787017
24   39   0.16814868075126196
24   40   0.1626041511118036
24   41   0.08942722813439709
24   42   0.17479453171000256
24   43   0.12180476682334955
24   45   0.14218014023358938
24   46   0.15822234624062806
24   47   0.10853468033384892
24   48   0.14827931385077892
24   50   0.008705066009182543
24   51   0.10320309607761853
24   52   0.08750705481420372
24   53   0.08892074526712922
24   55   0.11055856504010252
24   56   0.20023299163930655
24   57   0.1753988077445959
24   58   0.05542936988820388
24   59   0.13908562968970073
24   61   0.04352695099933758
24   62   0.012139777679897676
24   63   0.1816390888780911
24   64   0.1315101573399672
24   65   0.08581807927031408
24   69   0.07707634298503567
24   70   0.09296048434238234
24   71   0.07031564522592645
24   72   0.12465818804129186
24   73   0.14929633215561677
24   76   0.09338557039834858
24   77   0.1544666180673112
24   78   0.09429949544705143
24   79   0.09648619782582568
24   80   0.0999193144229025
24   82   0.20742025878904455
24   83   0.13172246439058022
25   26   0.10995694729842936
25   27   0.02262483086879388
25   31   0.045513857841131176
25   34   0.07072935335400245
25   36   0.08128270721260315
25   37   0.020886591529598816
25   38   0.22014602023363825
25   42   0.017027310682218653
25   43   0.035376985323082616
25   44   0.08268513881811869
25   45   0.14048955955444634
25   49   0.0029257399648854703
25   51   0.14457184743700244
25   60   0.05710122032454173
25   62   0.1184640233594309
25   67   0.10590814305491518
25   74   0.09277096896442506
25   75   0.1163540323432338
25   76   0.11534873404831059
25   80   0.03651704629924729
26   27   0.11373547120768612
26   28   0.14304571260144747
26   29   0.11208069752131058
26   30   0.13040296862919684
26   31   0.008646303365231612
26   33   0.07433148907228128
26   34   0.14658666895970704
26   36   0.1800041962310917
26   37   0.15635631916224316
26   38   0.14606356568108672
26   39   0.15465497928936214
26   42   0.07232424842386766
26   43   0.1949412261182871
26   44   0.17614588104807732
26   45   0.16203150685483284
26   46   0.028509561422488717
26   49   0.03430028555922002
26   51   0.17239801421038428
26   52   0.1604335799169124
26   60   0.1768536129145825
26   62   0.16464960853434255
26   66   0.13667455934504352
26   67   0.18236724936823562
26   68   0.18406412002244418
26   71   0.12166680535630876
26   74   0.14914292508946
26   75   0.1598379763536036
26   76   0.17367478333850067
26   80   0.1633513125095437
26   83   0.16777191243179562
27   28   0.09648359734671644
27   29   0.05668275636982341
27   30   0.11656950956968425
27   31   0.007800268319153065
27   33   0.06067254105589421
27   34   0.0899620575776707
27   35   0.13835135743894098
27   36   0.020242052283536927
27   37   0.09088195896005466
27   38   0.0369886111945342
27   39   0.1381775350387155
27   40   0.13906758574899813
27   41   0.06583265335925723
27   42   0.10916121817557894
27   43   0.13438404504821852
27   44   0.1594178744539644
27   45   0.10732338709711903
27   46   0.12874640238028545
27   47   0.12276135175711772
27   49   0.08188508939857149
27   51   0.10221356218806259
27   52   0.09781298680009856
27   58   0.136586103934419
27   60   0.07147899249253746
27   62   0.12554136553975914
27   65   0.10907354242136282
27   66   0.11934043187177441
27   67   0.110109680267587
27   68   0.1285185130112678
27   70   0.07492013354549751
27   71   0.0537554343087476
27   72   0.08075613783347649
27   73   0.1246172432694226
27   74   0.1030565095120877
27   75   0.11760248275019873
27   76   0.10995398639254221
27   77   0.08354401984014867
27   80   0.11152515809523912
27   83   0.07923892064541187
27   84   0.1517583875195787
28   29   0.1074488755807427
28   30   0.11538106517714986
28   32   0.13633728629777522
28   33   0.11353881321729216
28   34   0.1587597184941954
28   35   0.2035408892239377
28   36   0.11800816133117309
28   37   0.11978812152667781
28   38   0.16113624376944222
28   39   0.16403633043936997
28   40   0.1818712898916113
28   41   0.21940150661223223
28   43   0.09165970346844164
28   45   0.16390984479247458
28   46   0.10325396656101204
28   47   0.11250126800663186
28   48   0.15199488355204663
28   50   0.03280375783069834
28   53   0.11259670704157093
28   55   0.21418714394308588
28   56   0.1570752461152432
28   57   0.1657330850732274
28   58   0.11063866906708296
28   59   0.10418678966694615
28   61   0.1249716698322776
28   63   0.11919611719197412
28   64   0.0063421076660426
28   65   0.11635984782200764
28   69   0.062214132340020475
28   70   0.09161983473806905
28   71   0.08445469246646777
28   72   0.14943640559263394
28   73   0.15866587713985358
28   76   0.15630079515957748
28   77   0.1525486318586606
28   78   0.12092328853319219
28   79   0.1194814967139281
28   82   0.1419307310981265
28   83   0.15295054950817355
29   30   0.1280418905900095
29   32   0.07848713202172779
29   33   0.027654317436040812
29   34   0.16050927295099465
29   36   0.05991443343871815
29   38   0.1705302135238289
29   39   0.11890760689024192
29   40   0.1179959692029925
29   41   0.15935953526384977
29   42   0.06273634676791724
29   43   0.14285315337713403
29   58   0.16731644059730177
29   73   0.13369484665101203
29   77   0.18321440137319545
30   33   0.03218881474478238
30   34   0.15464218036202115
30   36   0.1655374875336011
30   37   0.05665063957459484
30   38   0.129485471292189
30   39   0.1653737318601991
30   40   0.14081613837443954
30   41   0.01230481674129548
30   43   0.025821275712792753
30   45   0.09936181024367857
30   58   0.08737344056556937
30   65   0.00767867004944031
30   70   0.028566244982797237
30   71   0.02399378101230348
30   73   0.021722050838316177
30   77   0.012785606460485571
30   78   0.09670733310118379
30   79   0.1317943982569676
31   34   0.10483154896546305
31   36   0.010283927080922036
31   37   0.12178684580393587
31   38   0.11371276633614334
31   42   0.012916338466122685
31   43   0.19191775464935942
31   44   0.0939115228393996
31   45   0.029813284648745476
31   49   0.043314613880267985
31   51   0.004721335344074593
31   60   0.06606875853797076
31   62   0.16059672946116904
31   67   0.10121827691873365
31   68   0.11018303398664717
31   71   0.1643973599352363
31   74   0.007112324115007426
31   75   0.10788452971313192
31   76   0.1375240058814603
31   80   0.13033921110262314
32   34   0.10844794976353281
32   36   0.13387972721053373
32   38   0.02144852085868672
32   39   0.204869291832468
32   40   0.14307082422376122
32   41   0.05304789063132372
32   42   0.02656905056315772
33   34   0.05479949550393553
33   36   0.050834960150837
33   38   0.06386907501264642
33   43   0.020778960336846772
33   73   0.023795630373867362
33   77   0.0829326569416143
34   36   0.023125640994195163
34   37   0.11515982168380443
34   38   0.17080720935562865
34   39   0.004953328637246722
34   40   0.12875028961355495
34   41   0.03114024910173382
34   42   0.12359599262328001
34   43   0.0626001801552721
34   49   0.02934460952391929
34   51   0.016701590313530554
34   58   0.21474214471036884
34   62   0.0681773788256728
34   73   0.19626602030818127
34   75   0.21073824285002288
34   76   0.20268208696357312
34   77   0.16768871917990513
34   80   0.12396384562874395
35   36   0.07155100977163892
35   37   0.14280323560911945
35   38   0.17028652016476853
35   39   0.18785432062302557
35   40   0.053096406635791876
35   41   0.2141378677843131
35   42   0.028264670624859222
35   43   0.035538277713539325
35   44   0.08453347584282415
35   45   0.12093902716931272
35   46   0.003056785965887047
35   47   0.15998071810529257
35   48   0.04963760888970997
35   54   0.020952872472879646
35   64   0.10831399958121073
35   72   0.03400893009081477
35   84   0.15586371062179288
36   37   0.0056699952253757265
36   38   0.062054703208177034
36   39   0.11481521688596068
36   40   0.022269260775328037
36   41   0.19138726863665798
36   42   0.03088593539113432
36   43   0.16443375981086739
36   44   0.17345993543149585
36   45   0.21300962707923415
36   46   0.13831842615821968
36   47   0.07972663409976687
36   48   0.09669082525266437
36   51   0.13437334483502805
36   52   0.14638037504707824
36   56   0.18980806905145736
36   58   0.06486549995782322
36   64   0.04573583964340582
36   65   0.0037188305638421702
36   66   0.052933420477604055
36   68   0.1109537101515888
36   70   0.015392970488700206
36   71   0.13966136988401562
36   72   0.09426891340112664
36   73   0.13163234769830928
36   74   0.02611876572951458
36   75   0.1422032943003252
36   76   0.1089381553109607
36   77   0.10602174148405806
36   78   0.11072504808162531
36   79   0.014751689993345538
36   80   0.08461997465595703
36   82   0.23404926243064034
36   83   0.08394591671572094
36   84   0.08034087589589024
37   38   0.14596982868354585
37   39   0.17241405411003946
37   40   0.07942427385478876
37   41   0.1449378155620729
37   42   0.07962288173020647
37   43   0.15106412036776912
37   44   0.0683468756711281
37   45   0.1821813948073457
37   46   0.08620478050590662
37   49   0.042376017424595104
37   51   0.10597635199407142
37   52   0.13230374284873353
37   60   0.01568818322018349
37   62   0.11288867272767064
37   65   0.021785426009117984
37   67   0.1550357086416788
37   68   0.07022245159354572
37   71   0.0665116041414624
37   72   0.09863491361209342
37   74   0.11683155465178337
37   75   0.13161578763312876
37   76   0.16949872644772715
37   80   0.1044035115681884
37   84   0.16260033735219118
38   39   0.062413446951549274
38   40   0.1404081036960331
38   41   0.010070922149519278
38   42   0.024171012083986053
38   43   0.13531900487423734
38   44   0.27527490341450567
38   45   0.1260787567019157
38   46   0.05952851460427084
38   48   0.024266667349468262
38   49   0.1499458989315529
38   51   0.16758163721234834
38   52   0.15283213455049335
38   56   0.17438570656520433
38   58   0.019741544953924592
38   62   0.14238726827088766
38   65   0.15019601912055486
38   66   0.034718622945231155
38   67   0.19090865350925976
38   68   0.09109816275012154
38   71   0.08487027324474247
38   72   0.14488079102809087
38   73   0.18932394269659428
38   74   0.022467839747258824
38   75   0.1254836976016852
38   76   0.14115409554557232
38   77   0.1932619726007276
38   80   0.03389010964912105
38   84   0.14667179543035697
39   40   0.24873032963847025
39   41   0.07253488468908532
39   42   0.059614904105712546
39   43   0.0652938688726145
39   44   0.11190822277929534
39   45   0.13897224109158543
39   46   0.0025845556757393543
39   48   0.02394290483678448
39   51   0.08300878500330958
39   52   0.0669529292182351
39   65   0.13772787110431448
39   71   0.10229770633199307
39   72   0.2492191389076949
39   73   0.10709721250710828
39   75   0.20596500198755738
39   76   0.20059972164969775
39   77   0.11434120060446368
39   84   0.2626662891361737
40   41   0.13212797999569287
40   42   0.06846436785069973
40   43   0.01619753958045929
40   45   0.052787734542879036
40   47   0.10789999962599615
40   48   0.009933388001188863
40   53   0.02784318826574478
40   54   0.031434065655749625
40   56   0.026727673045021695
40   58   0.026942700702539003
40   59   0.04854776958673776
40   61   0.015511843134219275
40   64   0.019962430369076977
40   69   0.1219620707805688
40   73   0.10584130514797319
40   76   0.15661315488546987
40   77   0.11789804464667107
40   78   0.20095947405852624
40   84   0.19520488004751488
41   42   0.033757302824214616
41   43   0.0012885881906339223
41   45   0.17503841419146304
41   46   0.17876368131036321
41   47   0.0547792544270742
41   48   0.05831501254894175
41   49   0.1273786988895704
41   57   0.061933451642346135
41   73   0.015310452919050532
41   77   0.04135194062415831
41   83   0.0031326458444016526
41   84   0.04350864928989745
42   44   0.015626749001947722
42   45   0.15265467017889006
42   46   0.02509424551015207
42   48   0.15518633635420742
42   49   0.023296752332493665
42   51   0.024433201684931242
42   60   0.007029400277112524
42   62   0.07210348102372464
42   74   0.08581265867435828
42   75   0.1780608937804304
42   76   0.07709695760085981
42   80   0.04657132714972072
42   83   0.14414436464148808
43   44   0.11134106451225421
43   45   0.11366699981303985
43   46   0.08633349282413032
43   47   0.017483111433947394
43   48   0.09264826108979039
43   49   0.03821438485455751
43   50   0.035461434791538265
43   51   0.07754241635909426
43   52   0.11883553961589087
43   53   0.04525544280920873
43   54   0.06991207392210827
43   55   0.0385052118686134
43   56   0.11752750576372273
43   57   0.037116255105746745
43   58   0.12252134753488345
43   59   0.03170152743697936
43   60   0.04016381167568023
43   61   0.11252612437944025
43   62   0.048427359236096576
43   63   0.04431255953121748
43   64   0.05322734469042455
43   65   0.11433319147373226
43   66   0.1568116508678722
43   67   0.1787515740578153
43   68   0.18832199094131313
43   69   0.11902341203113018
43   70   0.13710781166646294
43   71   0.07704585126084319
43   72   0.14608414746629103
43   73   0.08550654513022131
43   74   0.17031122388084313
43   75   0.14772968627879424
43   76   0.07286954128187899
43   77   0.08537028750613046
43   78   0.016740725473706777
43   79   0.16539719535827133
43   80   0.11070634889048597
43   81   0.008568356705722764
43   82   0.020003264815641332
43   83   0.015247752680195775
43   84   0.10173376421471668
44   45   0.025681840500013653
44   46   0.005764880832255401
44   47   0.039965902872917305
44   48   0.07347736091714523
44   49   0.1508056510011391
44   51   0.01695849894905141
44   52   0.12542427976344162
44   56   0.13937864543580275
44   60   0.05119226494854823
44   62   0.00991351692273071
44   63   0.057174784995712866
44   65   0.14921437564499396
44   66   0.07242317721250857
44   67   0.17370313042351518
44   68   0.1618776617006389
44   70   0.17629709750196446
44   71   0.10999502365498265
44   72   0.14068738970064443
44   73   0.11604024141035708
44   74   0.08397104896362538
44   75   0.04920880910489909
44   76   0.05927161083111245
44   77   0.13468543488004855
44   79   0.1500617050570151
44   80   0.012240763861551833
44   83   0.04832804974616829
44   84   0.1186221720476933
45   46   0.11494663440368875
45   47   0.10016879375870671
45   48   0.033091765731341594
45   49   0.03397039514449474
45   50   0.12915574892258297
45   51   0.07967241267180578
45   52   0.0746945340699349
45   53   0.12719996255735969
45   55   0.12611739831457433
45   56   0.15030995616650503
45   57   0.08706253086080003
45   58   0.1950847052477591
45   59   0.08965981620341146
45   60   0.13399123793786902
45   61   0.14540369450538543
45   62   0.024170134852905555
45   63   0.11844664262174405
45   64   0.056941193420526
45   65   0.07244875134732884
45   66   0.07555381253873339
45   67   0.18439306898175598
45   68   0.1519382812513961
45   69   0.12769528392451263
45   70   0.040796013496513
45   71   0.04000163673095953
45   72   0.12387743325535869
45   73   0.10758105633434871
45   74   0.13618689663879407
45   75   0.1040646803730916
45   76   0.08752825094543261
45   77   0.06202998263538986
45   78   0.08424861270178596
45   79   0.06685050092329757
45   80   0.05481933400400122
45   81   0.04412943106356751
45   82   0.016310435620139882
45   83   0.01273014290053256
45   84   0.06967056779251334
46   47   0.032658201014422246
46   48   0.0009419243414235869
46   49   0.03851411955787497
46   51   0.043854967792332715
46   52   0.03437516377467356
46   55   0.016160502879759658
46   56   0.05072858623899295
46   57   0.09596093866912307
46   58   0.14727370533824008
46   59   0.06431690967017342
46   60   0.11043852878027365
46   63   0.11668794719818945
46   64   0.013052831556758713
46   65   0.015079141576206398
46   66   0.06195722176591608
46   67   0.0725023456512201
46   68   0.09655183088216421
46   70   0.02419932636887606
46   71   0.03911526815445526
46   72   0.01742961811095037
46   73   0.11628415903150048
46   75   0.03845577927675
46   76   0.020246411698568396
46   77   0.03990003833763872
46   78   0.014430064633036768
46   79   0.01576564289215108
46   80   0.05710030814312499
46   81   0.06858431547087293
46   83   0.0054767601766921555
46   84   0.04654596803606622
47   48   0.2164757367323872
47   49   0.03288625631825711
47   51   0.0031078732617182904
47   52   0.09986998950086112
47   53   0.11322127753900613
47   54   0.08204230173671724
47   55   0.05547003013569961
47   56   0.20262793755186037
47   57   0.039344231556256846
47   58   0.02500519196828054
47   59   0.09386109492455955
47   61   0.05563950579363239
47   63   0.07844851471782345
47   64   0.0404547305268526
47   65   0.11908015398495789
47   69   0.023312627553027727
47   70   0.09461541223424223
47   71   0.14831358310292123
47   72   0.07125057294622117
47   73   0.14577774682012518
47   75   0.025119413497806352
47   76   0.10169176143565183
47   77   0.16763369539705958
47   78   0.014340350988288598
47   79   0.14359534660416018
47   81   0.019569259685500398
47   83   0.09312698000349755
47   84   0.045612922929455145
48   49   0.041531670236236065
48   53   0.06754904171500117
48   54   0.0708367740428083
48   55   0.06003806048125632
48   56   0.01609901578855905
48   57   0.05560325353451595
48   58   0.05102818084808584
48   59   0.1343229744173155
48   60   0.02643103612707787
48   61   0.015162449899754446
48   62   0.07756328889604436
48   63   0.03430902294175593
48   64   0.1313793636424198
48   69   0.02054935688412108
48   70   0.19502165200580515
48   72   0.10197820436494874
48   73   0.12274843577413794
48   75   0.11359268993249641
48   76   0.1286256738282445
48   77   0.17800835411403623
48   78   0.11770966021684034
48   79   0.12629349557265657
48   81   0.039605533603557445
48   83   0.06127873646423847
48   84   0.06563573372636952
49   51   0.04581891675518991
49   57   0.03778424498177982
49   58   0.20816415588349546
49   60   0.07638922027994006
49   62   0.06558919318618779
49   63   0.10459055278918014
49   67   0.18075965496956242
49   71   0.01262885348180015
49   73   0.061056271475382846
49   74   0.11401052414984218
49   75   0.032819258009133184
49   76   0.1260483605703689
49   80   0.053006164442808465
49   83   0.06469803077821859
49   84   0.05355574754252225
50   52   0.12823972864240146
50   56   0.04139747842973059
50   57   0.11750033317391749
50   58   0.12460885952517668
50   59   0.07148141358854147
50   63   0.04722513526994562
50   66   0.0006713397354924564
50   68   0.04882738439078935
50   70   0.02740571600295732
50   72   0.14968203256489482
50   73   0.06177353774852495
50   75   0.12074829155268203
50   76   0.015364781722171395
50   77   0.12495943079546509
50   78   0.145785449091261
50   79   0.1657175612068244
50   82   0.06776643169787923
50   83   0.07399139762611098
51   52   0.056643295319063355
51   54   0.3109008707949396
51   58   0.15546865695299955
51   60   0.07043760873144365
51   62   0.08572803997989849
51   64   0.005319066246805447
51   65   0.1519439500901063
51   66   0.07796696016365257
51   68   0.01535919990196387
51   71   0.11646616969069033
51   72   0.16946522116819365
51   73   0.21062883678786098
51   74   0.04197537512640145
51   75   0.01835512892063315
51   76   0.058392229054172635
51   77   0.08660028721017292
51   80   0.165399499603603
51   83   0.04426877884979174
52   55   0.11336682098435118
52   56   0.028841601852491888
52   57   0.05546318236501801
52   59   0.0811431329644877
52   63   0.09964191321552558
52   66   0.09095992722390586
52   67   0.05165178785472193
52   68   0.1051761013673308
52   70   0.07020657514563727
52   71   0.05465504270872389
52   72   0.05544214728066521
52   73   0.05341430744355425
52   75   0.018509164252758697
52   76   0.03129981377402009
52   77   0.03758731986908265
52   78   0.11818409046874544
52   79   0.1069360235312483
52   83   0.025839565412914763
53   54   0.052489730625600625
53   55   0.08795677191625823
53   56   0.175622721062942
53   57   0.08678277285815496
53   58   0.15397067766638203
53   59   0.07486909829505546
53   61   0.08248818337565603
53   63   0.10791871313202618
53   64   0.1640300754445326
53   69   0.12159310191740258
53   73   0.20646536888674097
53   77   0.11620287332509045
53   78   0.03278491182350454
53   83   0.05570633968677623
54   55   0.04262197820915115
54   56   0.13914457541917574
54   57   0.08741994930128284
54   58   0.0466756257408724
54   59   0.08817828515403457
54   61   0.1819166548406957
54   64   0.1581099634012819
54   69   0.026042528388252946
54   71   0.06507808328706459
54   73   0.09665018424008227
54   76   0.002203892878686074
54   77   0.06517083391894855
54   78   0.11824110745695104
54   81   0.04390546170556024
54   83   0.07591842081632515
54   84   0.07691613095023381
55   56   0.07008413616518694
55   57   0.15949371026877518
55   58   0.07598418131968843
55   59   0.08942474229943821
55   61   0.07813762484705371
55   63   0.12403431567460264
55   64   0.12472822535870276
55   69   0.07992397693411742
55   72   0.0977918201129506
55   73   0.15725926983301275
55   77   0.08093852419334895
55   78   0.052240779760149576
55   81   0.05916942997046429
55   83   0.031081646682822074
56   57   0.15401210738238688
56   58   0.22431678501430105
56   59   0.07896509218104146
56   60   0.09609068760494115
56   61   0.09149162416527591
56   63   0.025307404385814893
56   64   0.13972988338349449
56   66   0.12078405333927061
56   67   0.030136205861337455
56   68   0.10949838663647848
56   69   0.03697809255529564
56   70   0.05565174485971987
56   72   0.10660074618536142
56   73   0.1566731923423721
56   75   0.06645786108526877
56   76   0.16316775319531873
56   77   0.0754715777998209
56   78   0.041610362580632144
56   79   0.04985895580604596
56   81   0.015491456417866515
56   82   0.13048023267269776
56   83   0.11577198129331578
57   58   0.23089144882624632
57   59   0.2067501714073196
57   60   0.07258788276995769
57   61   0.11040621690923509
57   63   0.08094889638970555
57   64   0.17877314932915678
57   66   0.18469826833603858
57   67   0.07720972735845254
57   68   0.006873810794318963
57   69   0.14575270773199858
57   70   0.0720357065474677
57   72   0.14649890320578673
57   73   0.18397776875268643
57   75   0.129596325049678
57   76   0.13637798265021484
57   77   0.14707604598452126
57   78   0.10771811310101409
57   79   0.1792385008397094
57   81   0.10187584690914418
57   83   0.057407526534763186
58   59   0.15179144326804458
58   61   0.060281467447033
58   62   0.011010690264372737
58   63   0.10797547845903717
58   64   0.061849088973343666
58   69   0.0041158555248677
58   71   0.03756360049255214
58   73   0.18613864912153547
58   74   0.06677546341088253
58   75   0.10414472293386855
58   76   0.11880257429214534
58   77   0.17874097984081433
58   78   0.09509012650329896
58   79   0.16706629444137394
58   80   0.036206082695727185
58   82   0.26708951103730816
58   83   0.12328648975281227
59   60   0.05052581761188355
59   61   0.030238114642619548
59   63   0.0492429949758542
59   64   0.16150261947543357
59   69   0.028500892722125647
59   73   0.1740322232918658
59   77   0.02421665383416854
59   78   0.036331063216302285
59   81   0.018265834369732347
59   82   0.05277589295396883
59   83   0.07762564706046429
60   61   0.07234254193040643
60   62   0.037349714582570005
60   63   0.0075275438365692985
60   66   0.06617338462831503
60   67   0.12217406603393054
60   68   0.008350420644875697
60   70   0.01296874721107778
60   72   0.00980392573450637
60   74   0.07619231944188502
60   75   0.015262969210381375
60   76   0.2568782411015359
60   78   0.03172877141329758
60   79   0.18310388809293535
60   80   0.12938348236149458
60   81   0.11252441501770603
60   83   0.03507028442703127
61   63   0.10967047649391687
61   64   0.168355756358538
61   69   0.02421871730471167
61   73   0.12097404534377809
61   77   0.10041695062034062
61   78   0.03451682479099453
61   81   0.04223942826496909
61   83   0.09249410637566205
62   67   0.06910876686853279
62   71   0.13999079064552572
62   73   0.039616496527083045
62   74   0.09826195186633137
62   75   0.06205561065577828
62   76   0.0952119641035994
62   78   0.16655265881663736
62   80   0.053131210595872155
62   81   0.013098873136276012
62   83   0.0006761211581588355
63   64   0.20988076050661966
63   66   0.17709692071569388
63   67   0.03430428548595768
63   68   0.09490050763151162
63   69   0.11356178911993713
63   70   0.09070958467607354
63   72   0.1504945197613941
63   73   0.14317463167302513
63   75   0.11973361498289367
63   76   0.13822743396966597
63   77   0.08809042879989042
63   78   0.013003684063837796
63   79   0.15416092689207073
63   80   0.09322061165185061
63   81   0.09983182392900682
63   82   0.012158766839500354
63   83   0.048992124130534914
64   69   0.13628197640379344
64   70   0.006464113973126811
64   71   0.05429433040019139
64   72   0.10692040394706609
64   73   0.09601255491184855
64   74   0.07449942380841265
64   76   0.10626892224467635
64   77   0.14875910940869613
64   78   0.14078696687823697
64   79   0.132567348156735
64   81   0.012291708108421473
64   83   0.081485962060902
64   84   0.05656475990055856
65   70   0.040261610508279505
65   71   0.11915998867815802
65   72   0.11899004763928316
65   73   0.07912694892165616
65   76   0.2042462024067878
65   77   0.03245580433033635
65   79   0.18197841393807737
65   82   0.06572339111814943
65   83   0.08458225848836
65   84   0.13005101028052463
66   67   0.15738995901963745
66   68   0.10666179428622767
66   70   0.023986015236721298
66   71   0.04646694131446138
66   72   0.04193441144329126
66   73   0.05992681915088155
66   75   0.0037140651297302295
66   76   0.06208083851768913
66   77   0.04238184285939175
66   78   0.06950283314156709
66   79   0.13717665329035578
66   82   0.11613761969930696
66   83   0.03367595565810881
67   68   0.0941302137798101
67   70   0.12915808331986936
67   72   0.03179996271740513
67   74   0.19289797112476978
67   75   0.0874757110089092
67   76   0.09760186361486302
67   77   0.0891839237867977
67   78   0.11222720119903892
67   79   0.08307902728919928
67   80   0.12852131577728176
67   83   0.031211069295784006
68   70   0.07526454612000336
68   72   0.08591674333016605
68   74   0.0468546385756883
68   75   0.05921130021448356
68   76   0.06573218844532563
68   77   0.03729391474644185
68   78   0.09210631015413909
68   79   0.11346879507009508
68   80   0.05401789493053195
68   82   0.06080437846775147
68   83   0.04617479933805131
69   73   0.028517489442439235
69   77   0.09267101308889446
69   78   0.05978631349803235
69   83   0.09006900425406197
70   71   0.11932704867194249
70   72   0.03586950826005823
70   73   0.03986849973284361
70   75   0.04395900136197327
70   76   0.0951375940747187
70   77   0.01887342504254886
70   78   0.0683513179939383
70   79   0.028317875596927417
70   82   0.068813988776328
70   83   0.016789173007616325
70   84   0.0787130855047944
71   72   0.041998231173855725
71   73   0.14829496626966246
71   74   0.09312074859413237
71   75   0.1089609441206655
71   76   0.07063936212490399
71   77   0.09228376529352951
71   78   0.03338427601064116
71   79   0.04929964099721627
71   80   0.036363673936578585
71   83   0.09445759383200786
72   73   0.050064259775797246
72   75   0.03432710192303003
72   76   0.010200651767163496
72   77   0.11094539927669281
72   78   0.11813204932700552
72   79   0.12095620032003086
72   82   0.0699370927876754
72   83   0.05280753419185592
72   84   0.1253713669837778
73   74   0.07871237073068227
73   75   0.07052355865045541
73   76   0.12599999514968016
73   77   0.13709243820540012
73   78   0.08199460270594319
73   79   0.17780780980588323
73   80   0.21514787522695225
73   81   0.03242625785273981
73   82   0.10378724353211706
73   83   0.07656580543211533
74   75   0.015783338778112402
74   76   0.06804045953647947
74   80   0.08018271151924564
74   83   0.06219156346008679
75   76   0.038321258519659236
75   77   0.06334089862766173
75   78   0.09060166261727487
75   79   0.09769651667136542
75   80   0.07279200235802846
75   82   0.08123114068962899
75   83   0.05732728563790526
76   77   0.07302954683007772
76   78   0.1125745737524124
76   79   0.10927400960233381
76   80   0.010689657907751617
76   82   0.11813226700429424
76   83   0.06325069876063462
76   84   0.12891507310927156
77   78   0.06999608523795352
77   79   0.0714020184597411
77   81   0.12322431896104792
77   82   0.024334628139825062
77   83   0.01474722289931051
77   84   0.11563319948775737
78   79   0.135401124942901
78   80   0.12700779599069087
78   81   0.04427153911567426
78   82   0.05216809978735051
78   83   0.018414637535168303
79   82   0.03584608084788748
79   83   0.07403078375837217
80   83   0.0991204017923035
81   83   0.0007564112892157343
82   83   0.0054524429961811255
