1   3   0.087
1   6   0.041
1   7   0.035
1   8   0.173
1   10   0.085
1   14   0.088
1   17   0.108
1   19   0.157
1   21   0.127
1   23   0.128
1   24   0.057
1   26   0.025
1   27   0.095
1   28   0.162
1   29   0.019
1   30   0.061
1   33   0.001
1   34   0.159
1   36   0.087
1   38   0.008
1   73   0.037
1   77   0.021
2   3   0.041
2   9   0.091
2   11   0.019
2   13   0.061
2   15   0.027
2   16   0.112
2   17   0.185
2   18   0.03
2   19   0.015
2   22   0.1
2   23   0.127
2   24   0.134
2   26   0.183
2   27   0.017
2   28   0.031
2   31   0.009
2   34   0.006
2   36   0.122
2   37   0.151
2   38   0.137
2   39   0.117
2   42   0.12
2   43   0.034
2   44   0.036
2   45   0.138
2   51   0.137
2   52   0.099
2   62   0.121
2   66   0.032
2   68   0.066
2   71   0.063
2   72   0.056
2   74   0.183
2   75   0.116
2   76   0.115
2   80   0.249
3   6   0.127
3   7   0.093
3   8   0.142
3   10   0.133
3   14   0.105
3   17   0.094
3   18   0.08
3   19   0.192
3   21   0.076
3   22   0.203
3   23   0.091
3   24   0.095
3   26   0.137
3   27   0.133
3   28   0.1
3   29   0.093
3   30   0.128
3   33   0.157
3   34   0.174
3   36   0.104
3   37   0.204
3   38   0.134
3   39   0.13
3   40   0.134
3   43   0.147
3   44   0.21
3   45   0.178
3   46   0.103
3   51   0.212
3   52   0.158
3   65   0.162
3   66   0.12
3   68   0.005
3   71   0.032
3   72   0.186
3   75   0.16
3   76   0.145
4   5   0.005
4   6   0.013
4   7   0.045
4   8   0.112
4   9   0.099
4   10   0.019
4   12   0.005
4   14   0.064
4   15   0.049
4   20   0.019
4   24   0.093
4   28   0.044
4   29   0.192
4   34   0.001
4   36   0.128
4   38   0.101
4   40   0.178
4   41   0.186
4   47   0.094
4   53   0.083
4   58   0.114
4   59   0.044
4   61   0.295
4   69   0.022
4   73   0.163
4   77   0.17
5   6   0.167
5   7   0.082
5   8   0.117
5   9   0.089
5   10   0.055
5   12   0.029
5   15   0.096
5   20   0.085
5   24   0.105
5   27   0.095
5   28   0.11
5   29   0.003
5   32   0.063
5   34   0.084
5   35   0.068
5   36   0.119
5   40   0.171
5   41   0.127
5   47   0.034
5   84   0.067
6   7   0.04
6   8   0.081
6   9   0.143
6   12   0.016
6   13   0.059
6   14   0.027
6   15   0.087
6   17   0.139
6   20   0.041
6   23   0.132
6   24   0.069
6   26   0.056
6   28   0.002
6   29   0.065
6   30   0.166
6   32   0.033
6   34   0.082
6   36   0.013
6   38   0.069
6   39   0.121
6   40   0.116
6   41   0.008
6   42   0.098
6   47   0.014
6   58   0.01
6   59   0.092
6   73   0.122
6   77   0.156
7   8   0.109
7   9   0.137
7   10   0.04
7   12   0.04
7   14   0.106
7   15   0.045
7   17   0.102
7   19   0.204
7   20   0.077
7   21   0.109
7   23   0.118
7   24   0.144
7   26   0.103
7   27   0.053
7   28   0.038
7   29   0.157
7   30   0.084
7   32   0.184
7   33   0.085
7   34   0.116
7   36   0.116
7   37   0.093
7   38   0.148
7   39   0.131
7   40   0.142
7   41   0.18
7   43   0.066
7   47   0.053
7   58   0.067
7   73   0.175
7   77   0.223
8   9   0.039
8   10   0.058
8   12   0.147
8   13   0.019
8   14   0.101
8   15   0.119
8   17   0.087
8   19   0.105
8   20   0.108
8   21   0.118
8   23   0.134
8   24   0.159
8   26   0.155
8   27   0.106
8   28   0.106
8   29   0.081
8   30   0.123
8   32   0.031
8   33   0.022
8   34   0.022
8   36   0.035
8   38   0.07
8   39   0.157
8   40   0.168
8   41   0.031
8   42   0.08
8   43   0.018
8   56   0.053
8   58   0.055
8   73   0.072
8   77   0.162
9   10   0.154
9   12   0.091
9   13   0.003
9   14   0.143
9   15   0.058
9   16   0.012
9   17   0.016
9   20   0.016
9   21   0.077
9   22   0.01
9   23   0.01
9   24   0.126
9   25   0.106
9   26   0.185
9   27   0.057
9   28   0.113
9   29   0.183
9   30   0.172
9   31   0.09
9   33   0.075
9   34   0.237
9   36   0.106
9   37   0.137
9   38   0.195
9   39   0.082
9   40   0.037
9   41   0.1
9   42   0.004
9   43   0.083
9   45   0.09
9   47   0.07
9   49   0.001
9   51   0.209
9   53   0.144
9   56   0.105
9   58   0.015
9   59   0.061
9   61   0.041
9   62   0.151
9   63   0.144
9   64   0.043
9   65   0.012
9   69   0.006
9   70   0.109
9   71   0.05
9   72   0.05
9   73   0.092
9   75   0.003
9   76   0.108
9   77   0.125
9   78   0.094
9   79   0.077
9   80   0.047
9   83   0.06
10   12   0.019
10   13   0.007
10   14   0.061
10   15   0.009
10   20   0.056
10   24   0.116
10   28   0.048
10   29   0.045
10   30   0.047
10   32   0.117
10   33   0.107
10   34   0.08
10   36   0.048
10   38   0.068
10   39   0.148
10   40   0.093
10   41   0.077
10   43   0.015
10   47   0.031
10   53   0.148
10   55   0.038
10   57   0.038
10   58   0.158
10   59   0.021
10   61   0.034
10   64   0.005
10   69   0.009
10   73   0.174
10   77   0.135
11   13   0.084
11   14   0.103
11   17   0.105
11   18   0.078
11   19   0.113
11   23   0.009
11   25   0.114
11   26   0.187
11   27   0.157
11   29   0.256
11   31   0.126
11   32   0.17
11   34   0.134
11   36   0.001
11   37   0.031
11   38   0.08
11   39   0.017
11   41   0.024
11   42   0.069
11   44   0.034
11   49   0.066
11   51   0.027
11   60   0.051
11   62   0.251
11   67   0.188
11   74   0.131
11   75   0.168
11   76   0.199
11   80   0.107
12   13   0.049
12   14   0.082
12   15   0.048
12   20   0.025
12   24   0.052
12   28   0.048
12   29   0.08
12   32   0.031
12   34   0.132
12   36   0.06
12   38   0.076
12   40   0.018
12   41   0.167
12   47   0.007
12   53   0.054
12   54   0.158
12   58   0.033
12   59   0.082
12   61   0.02
12   64   0.175
12   69   0.007
12   73   0.131
12   77   0.175
13   14   0.047
13   18   0.086
13   22   0.01
13   24   0.123
13   25   0.039
13   26   0.032
13   27   0.088
13   29   0.048
13   31   0.006
13   32   0.009
13   34   0.011
13   36   0.011
13   37   0.065
13   38   0.014
13   39   0.208
13   40   0.008
13   41   0.041
13   42   0.071
13   43   0.009
13   44   0.047
13   45   0.055
13   46   0.07
13   48   0.056
13   49   0.057
13   51   0.009
13   60   0.098
13   62   0.196
13   67   0.253
13   71   0.009
13   73   0.1
13   74   0.104
13   75   0.159
13   76   0.159
13   80   0.118
13   83   0.114
14   15   0.049
14   17   0.097
14   18   0.01
14   19   0.097
14   20   0.08
14   21   0.122
14   23   0.138
14   24   0.161
14   26   0.124
14   27   0.094
14   28   0.121
14   29   0.016
14   30   0.139
14   32   0.189
14   33   0.008
14   34   0.021
14   36   0.035
14   38   0.06
14   39   0.081
14   40   0.06
14   41   0.026
14   42   0.018
14   73   0.133
14   77   0.164
15   20   0.082
15   21   0.046
15   22   0.1
15   23   0.041
15   24   0.036
15   27   0.1
15   28   0.087
15   29   0.2
15   30   0.129
15   32   0.173
15   34   0.049
15   35   0.043
15   36   0.036
15   37   0.115
15   38   0.124
15   40   0.113
15   41   0.13
15   43   0.056
15   47   0.052
15   53   0.139
15   58   0.046
15   59   0.132
15   61   0.038
15   69   0.029
15   73   0.142
15   77   0.125
15   84   0.143
16   17   0.069
16   22   0.078
16   23   0.132
16   24   0.047
16   27   0.027
16   28   0.014
16   30   0.065
16   34   0.124
16   36   0.088
16   37   0.079
16   38   0.128
16   39   0.006
16   40   0.095
16   43   0.015
16   45   0.094
16   46   0.011
16   52   0.119
16   65   0.084
16   70   0.11
16   71   0.109
16   72   0.133
16   73   0.101
16   76   0.147
16   77   0.125
16   79   0.023
17   18   0.11
17   19   0.036
17   21   0.092
17   22   0.066
17   23   0.017
17   24   0.068
17   26   0.164
17   27   0.084
17   28   0.054
17   29   0.056
17   30   0.079
17   33   0.03
17   34   0.075
17   36   0.149
17   37   0.206
17   38   0.121
17   39   0.123
17   43   0.012
17   44   0.051
17   51   0.163
17   52   0.141
17   66   0.107
17   72   0.16
17   75   0.168
17   76   0.144
18   19   0.008
18   21   0.044
18   23   0.093
18   25   0.123
18   26   0.106
18   27   0.208
18   29   0.168
18   30   0.101
18   31   0.026
18   34   0.156
18   36   0.177
18   37   0.193
18   38   0.174
18   39   0.072
18   42   0.056
18   44   0.044
18   62   0.161
18   67   0.057
18   74   0.189
18   75   0.159
18   76   0.2
18   80   0.075
19   21   0.095
19   23   0.127
19   25   0.102
19   26   0.16
19   27   0.171
19   29   0.085
19   30   0.08
19   31   0.019
19   33   0.061
19   34   0.052
19   36   0.196
19   37   0.241
19   38   0.129
19   39   0.109
19   44   0.049
19   51   0.296
19   68   0.126
19   74   0.005
19   75   0.224
19   76   0.202
19   80   0.014
20   24   0.104
20   28   0.025
20   29   0.102
20   32   0.096
20   34   0.103
20   36   0.122
20   38   0.088
20   40   0.011
20   41   0.109
20   47   0.005
20   53   0.061
20   58   0.107
20   59   0.109
20   61   0.092
20   64   0.124
20   69   0.046
20   73   0.113
20   77   0.081
21   22   0.035
21   23   0.056
21   24   0.013
21   26   0.137
21   27   0.038
21   28   0.009
21   29   0.084
21   30   0.023
21   33   0.053
21   34   0.095
21   35   0.036
21   36   0.041
21   37   0.173
21   38   0.059
21   39   0.067
21   40   0.05
21   41   0.109
21   43   0.032
21   65   0.071
21   70   0.077
21   71   0.079
21   72   0.095
21   73   0.089
21   76   0.068
21   77   0.06
21   78   0.031
21   79   0.133
21   82   0.078
22   23   0.056
22   24   0.11
22   25   0.097
22   26   0.111
22   27   0.077
22   28   0.061
22   29   0.18
22   30   0.109
22   31   0.028
22   34   0.012
22   36   0.133
22   37   0.081
22   38   0.123
22   39   0.135
22   40   0.172
22   42   0.065
22   43   0.113
22   44   0.126
22   45   0.103
22   46   0.103
22   51   0.071
22   52   0.156
22   58   0.113
22   62   0.075
22   65   0.078
22   70   0.099
22   71   0.087
22   72   0.053
22   73   0.103
22   75   0.128
22   76   0.085
22   77   0.084
22   79   0.053
22   80   0.038
23   24   0.032
23   26   0.172
23   27   0.006
23   28   0.095
23   29   0.143
23   30   0.16
23   33   0.075
23   34   0.198
23   35   0.115
23   36   0.088
23   37   0.137
23   38   0.113
23   39   0.157
23   40   0.121
23   41   0.023
23   43   0.065
23   44   0.151
23   45   0.121
23   46   0.081
23   51   0.066
23   52   0.149
23   65   0.1
23   66   0.033
23   70   0.136
23   71   0.027
23   72   0.142
23   73   0.117
23   76   0.119
23   77   0.111
23   79   0.129
23   84   0.176
24   25   0.13
24   26   0.121
24   27   0.084
24   28   0.026
24   29   0.156
24   30   0.121
24   31   0.065
24   32   0.046
24   33   0.154
24   34   0.099
24   36   0.116
24   37   0.111
24   38   0.175
24   39   0.16
24   40   0.217
24   41   0.109
24   42   0.121
24   43   0.138
24   45   0.122
24   46   0.126
24   47   0.167
24   48   0.151
24   50   0.001
24   51   0.159
24   52   0.09
24   53   0.148
24   55   0.123
24   56   0.175
24   57   0.11
24   58   0.105
24   59   0.169
24   61   0.153
24   62   0.106
24   63   0.154
24   64   0.122
24   65   0.1
24   69   0.008
24   70   0.125
24   71   0.106
24   72   0.155
24   73   0.15
24   76   0.121
24   77   0.175
24   78   0.073
24   79   0.105
24   80   0.067
24   82   0.156
24   83   0.114
25   26   0.189
25   27   0.031
25   31   0.061
25   34   0.015
25   36   0.02
25   37   0.042
25   38   0.173
25   42   0.028
25   43   0.069
25   44   0.04
25   45   0.126
25   49   0.008
25   51   0.138
25   62   0.163
25   67   0.11
25   74   0.124
25   75   0.143
25   76   0.114
25   80   0.126
26   27   0.165
26   28   0.109
26   29   0.094
26   30   0.114
26   31   0.033
26   33   0.021
26   34   0.203
26   36   0.252
26   37   0.252
26   38   0.185
26   39   0.131
26   42   0.004
26   43   0.206
26   44   0.193
26   45   0.196
26   46   0.02
26   49   0.125
26   51   0.199
26   52   0.198
26   60   0.214
26   62   0.198
26   66   0.153
26   67   0.199
26   68   0.22
26   71   0.142
26   74   0.194
26   75   0.185
26   76   0.184
26   80   0.167
26   83   0.21
27   28   0.098
27   29   0.075
27   30   0.096
27   31   0.058
27   33   0.029
27   34   0.141
27   35   0.142
27   36   0.032
27   37   0.137
27   38   0.073
27   39   0.124
27   40   0.184
27   41   0.008
27   42   0.016
27   43   0.13
27   44   0.158
27   45   0.102
27   46   0.111
27   47   0.103
27   49   0.155
27   51   0.173
27   52   0.116
27   58   0.16
27   60   0.119
27   62   0.161
27   65   0.07
27   66   0.112
27   67   0.145
27   68   0.123
27   70   0.082
27   71   0.084
27   72   0.088
27   73   0.076
27   74   0.129
27   75   0.115
27   76   0.134
27   77   0.054
27   80   0.12
27   83   0.086
27   84   0.153
28   29   0.105
28   30   0.084
28   32   0.05
28   33   0.128
28   34   0.173
28   35   0.155
28   36   0.109
28   37   0.108
28   38   0.149
28   39   0.13
28   40   0.175
28   41   0.17
28   43   0.113
28   45   0.152
28   46   0.064
28   47   0.172
28   48   0.149
28   50   0.013
28   53   0.145
28   55   0.196
28   56   0.154
28   57   0.136
28   58   0.11
28   59   0.12
28   61   0.141
28   63   0.127
28   64   0.023
28   65   0.138
28   69   0.064
28   70   0.114
28   71   0.124
28   72   0.187
28   73   0.158
28   76   0.15
28   77   0.178
28   78   0.106
28   79   0.103
28   82   0.138
28   83   0.205
29   30   0.043
29   32   0.078
29   33   0.014
29   34   0.079
29   36   0.05
29   38   0.098
29   39   0.115
29   40   0.084
29   41   0.166
29   43   0.115
29   58   0.135
29   73   0.115
29   77   0.16
30   32   0.069
30   33   0.007
30   34   0.098
30   36   0.106
30   37   0.076
30   38   0.09
30   39   0.091
30   40   0.112
30   41   0.072
30   43   0.104
30   45   0.074
30   58   0.102
30   65   0.036
30   70   0.038
30   71   0.1
30   73   0.002
30   77   0.007
30   78   0.124
30   79   0.024
30   82   0.029
31   34   0.059
31   36   0.093
31   37   0.123
31   38   0.091
31   42   0.005
31   43   0.175
31   44   0.178
31   45   0.033
31   49   0.046
31   51   0.036
31   60   0.162
31   62   0.178
31   67   0.129
31   68   0.106
31   71   0.024
31   74   0.093
31   75   0.084
31   76   0.112
31   80   0.12
32   34   0.034
32   36   0.086
32   38   0.031
32   39   0.106
32   40   0.107
32   41   0.048
32   42   0.091
33   34   0.004
33   36   0.004
33   38   0.022
33   43   0.035
33   73   0.035
33   77   0.05
34   36   0.076
34   37   0.165
34   38   0.149
34   39   0.021
34   40   0.181
34   41   0.022
34   42   0.093
34   43   0.078
34   49   0.032
34   51   0.057
34   58   0.228
34   62   0.004
34   73   0.16
34   75   0.22
34   76   0.251
34   77   0.176
34   80   0.071
35   36   0.079
35   37   0.126
35   38   0.15
35   39   0.155
35   40   0.082
35   41   0.158
35   42   0.039
35   43   0.069
35   44   0.11
35   45   0.101
35   46   0.004
35   47   0.158
35   48   0.021
35   54   0.001
35   64   0.068
35   72   0.081
35   84   0.166
36   37   0.057
36   38   0.028
36   39   0.1
36   40   0.008
36   41   0.127
36   42   0.035
36   43   0.144
36   44   0.167
36   45   0.158
36   46   0.139
36   47   0.151
36   48   0.062
36   51   0.151
36   52   0.168
36   56   0.179
36   58   0.051
36   64   0.091
36   65   0.037
36   66   0.112
36   68   0.103
36   70   0.095
36   71   0.097
36   72   0.148
36   73   0.11
36   74   0.044
36   75   0.127
36   76   0.138
36   77   0.108
36   78   0.071
36   79   0.023
36   80   0.076
36   82   0.155
36   83   0.04
36   84   0.084
37   38   0.178
37   39   0.111
37   40   0.149
37   41   0.074
37   42   0.106
37   43   0.059
37   44   0.099
37   45   0.207
37   46   0.099
37   49   0.039
37   51   0.181
37   52   0.145
37   60   0.052
37   62   0.142
37   65   0.008
37   67   0.16
37   68   0.097
37   71   0.007
37   72   0.14
37   74   0.153
37   75   0.156
37   76   0.219
37   80   0.149
37   84   0.174
38   39   0.051
38   40   0.162
38   41   0.073
38   42   0.052
38   43   0.085
38   44   0.206
38   45   0.154
38   46   0.045
38   48   0.039
38   49   0.109
38   51   0.216
38   52   0.164
38   56   0.136
38   58   0.014
38   62   0.177
38   65   0.131
38   66   0.045
38   68   0.08
38   71   0.101
38   72   0.173
38   73   0.157
38   74   0.093
38   75   0.137
38   76   0.189
38   77   0.175
38   80   0.066
38   84   0.122
39   40   0.212
39   41   0.125
39   42   0.054
39   43   0.02
39   44   0.106
39   45   0.103
39   46   0.027
39   48   0.043
39   51   0.002
39   52   0.081
39   65   0.183
39   71   0.075
39   72   0.211
39   73   0.127
39   75   0.176
39   76   0.159
39   77   0.063
39   84   0.188
40   41   0.166
40   42   0.006
40   43   0.062
40   45   0.027
40   47   0.021
40   48   0.032
40   53   0.006
40   54   0.125
40   56   0.028
40   58   0.096
40   59   0.109
40   61   0.072
40   64   0.001
40   69   0.057
40   73   0.134
40   76   0.21
40   77   0.147
40   78   0.211
40   84   0.171
41   42   0.034
41   43   0.01
41   45   0.067
41   46   0.088
41   47   0.081
41   48   0.033
41   49   0.008
41   73   0.047
41   77   0.044
41   83   0.023
41   84   0.024
42   44   0.009
42   45   0.157
42   46   0.095
42   48   0.095
42   49   0.026
42   51   0.013
42   60   0.085
42   62   0.147
42   74   0.008
42   75   0.135
42   76   0.044
42   80   0.048
42   83   0.089
43   44   0.14
43   45   0.112
43   46   0.076
43   47   0.039
43   48   0.104
43   49   0.027
43   50   0.019
43   51   0.011
43   52   0.114
43   53   0.065
43   54   0.053
43   55   0.023
43   56   0.099
43   57   0.026
43   58   0.068
43   59   0.009
43   60   0.045
43   61   0.075
43   62   0.047
43   63   0.041
43   64   0.033
43   65   0.131
43   66   0.153
43   67   0.192
43   68   0.211
43   69   0.104
43   70   0.132
43   71   0.03
43   72   0.153
43   73   0.09
43   74   0.173
43   75   0.187
43   76   0.093
43   77   0.084
43   78   0.007
43   79   0.13
43   80   0.263
43   81   0.016
43   82   0.026
43   83   0.027
43   84   0.084
44   45   0.039
44   46   0.003
44   47   0.061
44   48   0.123
44   49   0.106
44   51   0.022
44   52   0.134
44   56   0.124
44   60   0.064
44   62   0.038
44   63   0.027
44   65   0.177
44   66   0.079
44   67   0.212
44   68   0.212
44   70   0.195
44   71   0.125
44   72   0.178
44   73   0.109
44   74   0.003
44   75   0.109
44   76   0.131
44   77   0.156
44   79   0.152
44   80   0.025
44   83   0.047
44   84   0.126
45   46   0.1
45   47   0.138
45   48   0.03
45   49   0.05
45   50   0.118
45   51   0.072
45   52   0.066
45   53   0.081
45   55   0.068
45   56   0.115
45   57   0.095
45   58   0.149
45   59   0.047
45   60   0.135
45   61   0.116
45   62   0.108
45   63   0.124
45   64   0.013
45   65   0.1
45   66   0.07
45   67   0.206
45   68   0.167
45   69   0.105
45   70   0.025
45   71   0.072
45   72   0.086
45   73   0.103
45   74   0.122
45   75   0.147
45   76   0.124
45   77   0.061
45   78   0.122
45   79   0.05
45   80   0.103
45   81   0.061
45   82   0.015
45   83   0.006
45   84   0.049
46   47   0.049
46   48   0.028
46   49   0.013
46   51   0.039
46   52   0.045
46   55   0.027
46   56   0.052
46   57   0.129
46   58   0.151
46   59   0.018
46   60   0.021
46   63   0.08
46   64   0.08
46   65   0.016
46   66   0.146
46   67   0.121
46   68   0.061
46   70   0.041
46   71   0.021
46   72   0.016
46   73   0.084
46   75   0.076
46   76   0.056
46   77   0.032
46   79   0.002
46   80   0.012
46   81   0.05
46   83   0.046
46   84   0.037
47   48   0.294
47   49   0.164
47   51   0.05
47   52   0.115
47   53   0.042
47   54   0.066
47   55   0.003
47   56   0.186
47   57   0.051
47   58   0.047
47   59   0.054
47   61   0.004
47   63   0.084
47   64   0.013
47   65   0.139
47   69   0.04
47   70   0.104
47   71   0.17
47   72   0.108
47   73   0.141
47   75   0.037
47   76   0.162
47   77   0.15
47   78   0.055
47   79   0.136
47   81   0.031
47   83   0.105
47   84   0.058
48   49   0.07
48   53   0.086
48   54   0.072
48   55   0.005
48   56   0.09
48   57   0.039
48   58   0.062
48   59   0.11
48   60   0.022
48   61   0.068
48   62   0.151
48   63   0.059
48   64   0.208
48   69   0.018
48   70   0.208
48   72   0.152
48   73   0.136
48   75   0.09
48   76   0.096
48   77   0.197
48   78   0.114
48   79   0.054
48   81   0.033
48   83   0.05
48   84   0.062
49   51   0.041
49   57   0.02
49   58   0.171
49   60   0.063
49   62   0.102
49   63   0.044
49   67   0.211
49   71   0.034
49   73   0.009
49   74   0.105
49   75   0.052
49   76   0.105
49   80   0.164
49   83   0.077
50   52   0.173
50   56   0.028
50   57   0.078
50   58   0.103
50   59   0.036
50   63   0.017
50   66   0.045
50   68   0.027
50   70   0.075
50   72   0.186
50   73   0.072
50   75   0.093
50   76   0.008
50   77   0.09
50   78   0.057
50   79   0.104
50   82   0.022
50   83   0.065
51   52   0.035
51   58   0.153
51   60   0.075
51   62   0.055
51   64   0.011
51   65   0.117
51   66   0.067
51   68   0.021
51   71   0.101
51   72   0.088
51   73   0.19
51   74   0.027
51   75   0.033
51   76   0.037
51   77   0.031
51   80   0.138
51   83   0.087
52   55   0.065
52   56   0.045
52   57   0.022
52   59   0.053
52   63   0.077
52   66   0.006
52   67   0.077
52   68   0.105
52   70   0.076
52   71   0.033
52   72   0.018
52   73   0.034
52   75   0.036
52   76   0.028
52   77   0.008
52   78   0.055
52   79   0.09
52   83   0.046
53   54   0.039
53   55   0.069
53   56   0.19
53   57   0.063
53   58   0.138
53   59   0.023
53   61   0.057
53   63   0.086
53   64   0.216
53   69   0.049
53   73   0.188
53   77   0.118
53   78   0.001
53   83   0.054
54   55   0.074
54   56   0.204
54   57   0.113
54   58   0.027
54   59   0.078
54   61   0.127
54   64   0.164
54   69   0.079
54   71   0.025
54   73   0.063
54   76   0.044
54   77   0.046
54   78   0.226
54   81   0.104
54   83   0.004
54   84   0.008
55   56   0.041
55   57   0.058
55   58   0.047
55   59   0.005
55   63   0.009
55   64   0.078
55   69   0.087
55   72   0.085
55   73   0.126
55   77   0.058
55   78   0.034
55   81   0.084
55   83   0.059
56   57   0.148
56   58   0.173
56   59   0.035
56   60   0.118
56   61   0.063
56   63   0.013
56   64   0.055
56   66   0.091
56   67   0.022
56   68   0.117
56   69   0.025
56   70   0.017
56   71   0.088
56   72   0.056
56   73   0.113
56   75   0.05
56   76   0.118
56   77   0.039
56   79   0.004
56   81   0.053
56   82   0.113
56   83   0.092
57   58   0.216
57   59   0.187
57   60   0.019
57   61   0.106
57   63   0.042
57   64   0.128
57   66   0.197
57   67   0.073
57   68   0.04
57   69   0.147
57   70   0.066
57   72   0.154
57   73   0.173
57   75   0.125
57   76   0.099
57   77   0.131
57   78   0.062
57   79   0.166
57   81   0.044
57   82   0.123
57   83   0.001
58   59   0.111
58   61   0.06
58   62   0.092
58   63   0.068
58   64   0.126
58   69   0.031
58   71   0.018
58   73   0.129
58   74   0.07
58   75   0.082
58   76   0.104
58   77   0.144
58   78   0.068
58   79   0.093
58   80   0.011
58   82   0.22
58   83   0.091
59   60   0.008
59   61   0.072
59   63   0.018
59   64   0.095
59   69   0.08
59   73   0.124
59   77   0.053
59   78   0.004
59   81   0.097
59   82   0.08
59   83   0.045
60   61   0.045
60   62   0.034
60   63   0.034
60   66   0.074
60   67   0.099
60   68   0.044
60   70   0.075
60   72   0.054
60   74   0.047
60   75   0.074
60   76   0.314
60   78   0.099
60   79   0.18
60   80   0.201
60   81   0.121
60   83   0.017
61   63   0.097
61   64   0.196
61   69   0.023
61   73   0.092
61   77   0.083
61   78   0.009
61   81   0.056
61   83   0.073
62   67   0.063
62   71   0.173
62   73   0.068
62   74   0.117
62   75   0.085
62   76   0.097
62   78   0.099
62   80   0.125
62   81   0.03
62   83   0.024
63   64   0.116
63   66   0.147
63   67   0.019
63   68   0.108
63   69   0.118
63   70   0.079
63   72   0.113
63   73   0.117
63   75   0.098
63   76   0.111
63   77   0.065
63   78   0.082
63   79   0.121
63   80   0.038
63   81   0.09
63   82   0.016
63   83   0.078
64   69   0.081
64   70   0.029
64   71   0.036
64   72   0.145
64   73   0.106
64   76   0.083
64   77   0.108
64   78   0.102
64   79   0.084
64   81   0.115
64   83   0.05
64   84   0.032
65   70   0.082
65   71   0.047
65   72   0.076
65   73   0.027
65   76   0.096
65   77   0.041
65   79   0.2
65   82   0.035
65   83   0.075
65   84   0.166
66   67   0.141
66   68   0.023
66   70   0.072
66   71   0.055
66   72   0.025
66   73   0.036
66   75   0.02
66   76   0.051
66   77   0.004
66   78   0.018
66   79   0.082
66   82   0.128
66   83   0.012
67   68   0.083
67   70   0.139
67   72   0.067
67   74   0.169
67   75   0.051
67   76   0.126
67   77   0.047
67   78   0.037
67   79   0.098
67   80   0.027
67   83   0.058
68   70   0.12
68   72   0.102
68   74   0.151
68   75   0.04
68   76   0.095
68   77   0.024
68   78   0.063
68   79   0.084
68   80   0.043
68   82   0.136
68   83   0.045
69   73   0.063
69   77   0.063
69   78   0.049
69   83   0.105
70   71   0.126
70   72   0.014
70   73   0.1
70   75   0.015
70   76   0.097
70   77   0.013
70   78   0.057
70   79   0.027
70   82   0.074
70   83   0.005
70   84   0.062
71   72   0.034
71   73   0.104
71   74   0.112
71   75   0.086
71   76   0.085
71   77   0.03
71   78   0.036
71   79   0.04
71   80   0.162
71   83   0.008
72   73   0.052
72   75   0.005
72   76   0.023
72   77   0.095
72   78   0.104
72   79   0.06
72   82   0.015
72   83   0.042
72   84   0.14
73   74   0.077
73   75   0.048
73   76   0.116
73   77   0.144
73   78   0.065
73   79   0.15
73   80   0.131
73   82   0.028
73   83   0.071
74   75   0.001
74   76   0.065
74   80   0.016
74   83   0.091
75   76   0.029
75   77   0.062
75   78   0.045
75   79   0.049
75   80   0.027
75   82   0.022
75   83   0.096
76   77   0.066
76   78   0.068
76   79   0.082
76   80   0.043
76   82   0.035
76   83   0.09
76   84   0.116
77   78   0.033
77   79   0.032
77   81   0.071
77   82   0.004
77   83   0.007
77   84   0.111
78   79   0.092
78   80   0.116
78   81   0.039
78   82   0.026
78   83   0.056
79   82   0.028
79   83   0.039
80   83   0.161
81   83   0.053
82   83   0.008
