1   7   0.01236172115816133
1   8   0.10016980885452295
1   10   0.030939162470364136
1   14   0.008269174061415406
1   17   0.11606242912325977
1   21   0.05634308672176838
1   23   0.05671933894948423
1   24   0.016934614140363978
1   29   0.0031674189711695944
1   30   0.04386041895074501
1   34   0.048564488192076954
1   38   0.009653930331037624
2   9   0.011415378039639736
2   13   0.13257281876249574
2   17   0.12522648978164272
2   22   0.024437980292543477
2   24   0.0015593721342151744
2   25   0.07111004417255357
2   26   0.11596413345565587
2   27   0.01738355745847767
2   36   0.12869966102103703
2   37   0.08092463595261247
2   38   0.07251742482968955
2   44   0.007867956801838492
2   51   0.07178506694417862
2   52   0.19251269728883874
2   62   0.05118106306108807
2   74   0.07345613208717798
2   75   0.067222273090956
2   76   0.14633720996755104
3   6   0.007279202553318146
3   7   0.09006124632606628
3   8   0.029450572349060997
3   14   0.004654793960259171
3   17   0.1556988924036032
3   19   0.004300165997041047
3   21   0.016346519753042334
3   23   0.006497478093120846
3   24   0.17823635383002254
3   26   0.054650944419483705
3   27   0.136509789711736
3   28   0.051452186790358366
3   29   0.03570109825535857
3   30   0.059480553287036574
3   34   0.08188387256370712
3   36   0.08006809311173452
3   37   0.058962854845857754
3   38   0.13922076782744164
3   39   0.1992458226347852
3   40   0.06106573654477171
3   43   0.008263111641040757
3   44   0.03645738877340108
3   45   0.04845304684390825
3   51   0.09198053781256611
3   52   0.06231613651876544
3   65   0.022452888405867736
3   66   0.10854368923229017
3   72   0.03123534108044383
3   73   0.0986365513597972
3   75   0.11367608624801818
3   76   0.09125164960948798
3   77   0.12164891081367667
4   6   0.04790070602920323
4   7   0.13005576377041594
4   8   0.008111900057741726
4   9   0.11690939313641559
4   10   0.00933645763113408
4   12   0.027510170480083616
4   14   0.088153482044834
4   15   0.019956308250909223
4   20   0.001101631337292754
4   24   0.058606324086103556
4   28   0.05532601489911037
4   34   0.19950041219632933
4   36   0.11879808738864625
4   38   0.16399110980695192
4   40   0.16333382811021124
4   47   0.008145304606063735
4   53   0.047942293992445546
4   58   0.010139885977623345
4   59   0.10103803986489723
4   61   0.0019070096968557403
4   69   0.03757096025325553
4   73   0.13688320686668407
4   77   0.05283752802596952
5   6   0.08719540349853958
5   15   0.0733831268085495
5   32   0.1360967661665446
5   40   0.07823219615369811
5   41   0.13649183012050597
6   7   0.11919307310836054
6   8   0.034943404215884356
6   9   0.15040202141001463
6   10   0.09370155603237067
6   12   0.22260706577379388
6   14   0.06644796378688053
6   15   0.1285947367839238
6   20   0.05000656093986455
6   23   0.0707962666560285
6   24   0.04398341240954979
6   28   0.034338544280282976
6   29   0.06715038818918909
6   30   0.0931737781290493
6   34   0.03460309106305817
6   36   0.054786947867117484
6   38   0.10363721438687563
6   40   0.18857551569997794
6   41   0.0486634487061261
6   73   0.025550109005771624
6   77   0.10535648149658754
7   8   0.059032771045205656
7   9   0.02458515814162687
7   10   0.10221185665630454
7   12   0.05373654215811587
7   14   0.007397708851760497
7   15   0.05112907780885482
7   17   0.0168515818651615
7   20   0.13260741750345373
7   21   0.10534442970960702
7   23   0.17826789847041574
7   24   0.03397593622092568
7   26   0.00033406805868529233
7   27   0.043368824123245275
7   28   0.14182807057968666
7   29   0.10857361162385769
7   30   0.13002132340365716
7   33   0.179795321998299
7   34   0.11730689413974726
7   35   0.04903288745877941
7   36   0.018242925416253403
7   38   0.03329956911486139
7   39   0.013269035748685149
7   40   0.06076686092864867
7   43   0.018848987199765688
7   58   0.05443469227365545
7   59   0.09148860398546896
7   73   0.018763477826920612
7   76   0.042606133243909175
7   77   0.04092656963210282
8   10   0.08394933297779565
8   12   0.01646586574020308
8   14   0.005879977864625239
8   15   0.031394700296974394
8   17   0.01010553622881501
8   19   0.1007443450023889
8   20   0.09704888720245597
8   21   0.05098143118798264
8   23   0.0220034104654966
8   24   0.03779827944164519
8   26   0.0639855104085972
8   27   0.006135715094589228
8   28   0.05196958319569509
8   29   0.05427993406767189
8   30   0.043245951169094014
8   34   0.020845118549715273
8   36   0.011947981686886395
8   38   0.009273621628505839
8   40   0.0943877225232268
8   41   0.0894517857906059
8   73   0.07882127089227693
8   77   0.12464329797884478
9   10   0.1357021345774463
9   12   0.113098470354142
9   14   0.00447626958833514
9   15   0.09139588274548512
9   20   0.14902838958729547
9   22   0.028367638387417952
9   24   0.020835617313298076
9   25   0.025566571147294544
9   26   0.04278215068399944
9   27   0.0838370752718921
9   28   0.042500017920882614
9   29   0.03134416958095619
9   34   0.15817611338709772
9   36   0.1645774254616853
9   37   0.07356633587286772
9   38   0.17620662533319056
9   40   0.05099576083139627
9   43   0.033208397002190006
9   45   0.05204702796603129
9   47   0.05307039116270884
9   53   0.05247543238659679
9   56   0.10943923093865213
9   58   0.06703559836748613
9   59   0.12849427908745317
9   61   0.13739125842346964
9   69   0.031196355080934587
9   73   0.05220416189492659
9   76   0.10577225488503586
9   77   0.04460083794983514
9   78   0.020515397451369318
10   12   0.030056704013027
10   14   0.017240372004077097
10   15   0.07936655044810204
10   20   0.008473962591856203
10   24   0.05099627614060416
10   28   0.06668618784100333
10   29   0.11661981330500211
10   30   0.024909857712511252
10   34   0.044776844250765356
10   35   0.17957019265041466
10   36   0.02160015020932299
10   38   0.10267851180385135
10   40   0.05494319184981926
10   41   0.04049846580242909
10   43   0.011393305448446444
10   53   0.038029155699272815
10   56   0.02050621317507872
10   58   0.06318524204241713
10   59   0.06678404463383657
10   61   0.09337312837210608
10   69   0.030307969493230908
10   73   0.08326410991472873
10   77   0.0104754050125407
11   13   0.04060520248718188
11   17   0.04937971259106689
11   18   0.04386295645667384
11   19   0.09821719514108714
11   25   0.08572381646605445
11   26   0.04587063138716983
11   27   0.037748000358611006
11   34   0.15310151025484592
11   36   0.07148459004678441
11   37   0.004731351704887565
11   38   0.08534917406725145
11   62   0.04323902464650981
11   75   0.037347436684042654
11   76   0.10489927066529839
12   14   0.03502580290820662
12   15   0.04524404060476006
12   20   0.029023927885884884
12   24   0.1644022889191506
12   28   0.11796482753339915
12   29   0.09262312295759031
12   34   0.007717346186215511
12   36   0.04480959145060902
12   38   0.13549808601315386
12   40   0.027914999119428817
12   41   0.0678439732786228
12   53   0.0068745857485357715
12   59   0.1688273861192225
12   61   0.019487847030677376
12   73   0.0030893254850665438
12   77   0.1396310113916642
13   22   0.15315512427375053
13   25   0.06315392686274732
13   26   0.03141328981164011
13   27   0.004366529802595454
13   31   0.10797459196656554
13   34   0.08005488667258133
13   37   0.03846933011435009
13   38   0.08142291677114127
13   44   0.04120017985657433
13   51   0.006868311223768854
13   62   0.0996181964756369
13   74   0.002188285822339793
13   75   0.03252152929169741
13   76   0.1562113577367674
14   17   0.04990726714815072
14   19   0.033441109141321625
14   20   0.025649497478678066
14   21   0.0679411557485745
14   23   0.014233094729750324
14   24   0.01808549079962555
14   26   0.030031251254537816
14   27   0.029564774204373867
14   28   0.0732528620663121
14   29   0.008736762105358106
14   30   0.10463385621518101
14   34   0.11902349590921352
14   36   0.08768154178908005
14   38   0.04806398310042807
14   40   0.027763060169340218
14   41   0.1124246538039517
14   73   0.02426747457476053
14   77   0.09841496873599374
15   20   0.03127483958831166
15   22   0.08805169126305017
15   24   0.07472421014141112
15   27   0.08673832757613195
15   28   0.03419261715078156
15   36   0.16229369687524872
15   40   0.03220437543465754
15   73   0.06217328137227721
15   77   0.07271221835341783
16   17   0.10603211523816984
16   21   0.1690766350738221
16   22   0.04742025240617221
16   23   0.004697617198985835
16   24   0.11492721479718768
16   27   0.021396069689892095
16   28   0.0806530678851856
16   34   0.13402467476234764
16   36   0.010471969000197348
16   37   0.040495560539642116
16   38   0.04263210505841288
16   39   0.020116943632961553
16   40   0.027803982262285785
16   45   0.1327404248150713
16   52   0.12745047338317622
16   65   0.032732790558351904
16   70   0.0827803045169232
16   71   0.039831858272930044
16   72   0.012849153575827908
16   73   0.010549878866256746
16   76   0.06988768486767405
16   77   0.018780795199051212
17   18   0.05421253205622999
17   19   0.056113014128227084
17   21   0.14132761374442457
17   23   0.1749237547328254
17   24   0.08004533170349358
17   26   0.0024773576281278283
17   27   0.11514547327213558
17   28   0.07837360494611006
17   29   0.17174546367475094
17   30   0.03705534234277922
17   33   0.0750735077968826
17   34   0.007655788887888288
17   36   0.08820600947818101
17   37   0.004037248007770442
17   38   0.029531638913715522
17   39   0.01320931651569167
17   51   0.13969442220816433
17   52   0.10804609563934582
17   72   0.005732822276281952
17   75   0.03617826715971311
17   76   0.07872385503584438
18   19   0.05577772265134574
18   23   0.17439686192168574
18   26   0.11707634532168006
18   27   0.03608209079640893
18   34   0.0942831537704694
18   36   0.022247236183446057
18   37   0.041472859089484865
18   38   0.024045722619618598
18   75   0.07205745902493738
18   76   0.03025636477902913
19   23   0.0005106241132352491
19   26   0.028498789608868712
19   27   0.011197255177208808
19   29   0.08573039705718567
19   30   0.08237767202104206
19   34   0.03371234560635967
19   36   0.12221424135903033
19   37   0.06458828678994685
19   38   0.09737160261610514
19   39   0.017553607276716687
19   51   0.09265776085149986
19   75   0.13979639470547015
19   76   0.03700549715059676
20   24   0.10674830368041065
20   28   0.1275488475516822
20   29   0.07275520621892523
20   34   0.04824308546001997
20   36   0.049590312245579034
20   38   0.005687842367987715
20   40   0.026114842122259178
20   53   0.000933010351152861
20   58   0.004572277975987272
20   61   0.07621937072339349
20   73   0.11573600764026855
20   77   0.024379528972180122
21   22   0.08606907580509728
21   23   0.20539761762261724
21   24   0.24486680121269327
21   26   0.01714994088407923
21   27   0.003935540124090244
21   28   0.049864843230875935
21   29   0.06830220617485191
21   30   0.10999036159970982
21   33   0.006039670374910442
21   34   0.09377827111325159
21   35   0.05960613827485284
21   36   0.04827182601190271
21   37   0.0496481884554365
21   38   0.0676890379887666
21   39   0.08349791970855666
21   40   0.07169812052459097
21   43   0.10969935857741936
21   45   0.004389686846681707
21   65   0.04195046161821056
21   70   0.09575726351944053
21   71   0.016157089417328113
21   72   0.13165621306202774
21   73   0.12515248927776973
21   76   0.18589277089782288
21   77   0.14681491456415413
21   78   0.027426283549168807
21   79   0.09367617134211798
21   84   0.09441804141142406
22   23   0.03905174067113949
22   24   0.2002737011611199
22   25   0.12693505432085475
22   27   0.09079311961941046
22   28   0.19192966893381166
22   36   0.0932617776412691
22   37   0.05613284249834194
22   38   0.05830426010072843
22   43   0.06040639870312059
22   52   0.1388773130685603
22   65   0.029003780677973882
22   70   0.033605998986451904
22   71   0.012998708894538732
22   72   0.07725047273518952
22   73   0.04461632021612106
22   75   0.06899153900224012
22   76   0.07846490406705232
22   77   0.0190612126855259
23   24   0.19777955765866098
23   26   0.07739899366898469
23   27   0.02277190239735201
23   28   0.005681701281107908
23   29   0.028135807612858076
23   30   0.08576333299578785
23   33   0.028148317498787375
23   34   0.0044340132215834015
23   35   0.013333306792202754
23   36   0.020805372838713414
23   37   0.00215125163401316
23   38   0.01632847299753648
23   39   0.0007329249648673638
23   40   0.1352478957069649
23   43   0.004705134034670066
23   44   0.04299610022440428
23   45   0.04849046170561124
23   46   0.006085251154036684
23   52   0.02110105074063554
23   65   0.0625704380085491
23   70   0.05209037997497123
23   71   0.005332133907146417
23   72   0.013837401906656152
23   73   0.01947434622920133
23   76   0.04510450110702861
23   77   0.019091655402113838
23   84   0.01235758143382936
24   25   0.06483874480978825
24   26   0.05953741586281747
24   27   0.0036582364988652295
24   28   0.09349098569137249
24   29   0.06082428649588202
24   30   0.014161035254569111
24   33   0.022024692389161545
24   34   0.03568908016239371
24   36   0.07438590624917257
24   37   0.06197704263145146
24   38   0.011703372468364242
24   39   0.04659750789298292
24   40   0.18462259335335718
24   43   0.08729217525476339
24   45   0.016487665782643546
24   47   0.013436106911988531
24   51   0.006631365862173395
24   52   0.18075488844285267
24   53   0.015791762068885953
24   55   0.026730541686780518
24   56   0.13438063682694598
24   58   0.13757981130340954
24   59   0.07584195221150912
24   61   0.08457933009677979
24   63   0.026543972667852363
24   65   0.08271421292698815
24   69   0.05037276174494994
24   70   0.14711151454630203
24   71   0.029589779054033188
24   72   0.18396043272778292
24   73   0.017177460004751493
24   76   0.17744912536612964
24   77   0.02790766035629323
24   78   0.043501122152908994
24   79   0.0007998677226106146
24   83   0.04250435232288123
25   26   0.08974639833290127
25   27   0.05122814738059349
25   31   0.021659780227481024
25   37   0.004976624235546474
25   38   0.04067248017447385
25   45   0.12289237168106557
25   51   0.05169616476405335
25   62   0.01609977919477496
25   74   0.08038847688385722
25   75   0.04521865318809074
25   76   0.05436548623348196
26   27   0.02550773943589629
26   28   0.13651695422726517
26   29   0.02927167667154093
26   30   0.08891603355281615
26   31   0.10516914386431082
26   34   0.08304566351918982
26   36   0.10816043500666492
26   37   0.04594283705806012
26   38   0.009287978625276127
26   39   0.0072966087634318425
26   43   0.017818339976026942
26   44   0.07574894325526306
26   45   0.117834904758436
26   46   0.0215182599445447
26   51   0.0775377956048992
26   52   0.032335767386636245
26   60   0.05830528630391503
26   62   0.004769530892741488
26   66   0.007145491919977983
26   67   0.026404366194142558
26   68   0.019316246456067544
26   72   0.006348854444628496
26   73   0.007682685106707517
26   74   0.00807998786070809
26   75   0.051617971743159026
26   76   0.08876021095384654
26   80   0.019605901287042288
26   83   0.10706503671564686
26   84   0.03083754575756995
27   28   0.12434575303639164
27   29   0.047676966320519695
27   30   0.061580566683110204
27   31   0.008485927513307885
27   34   0.010047013906655702
27   35   0.00381890901341661
27   36   0.10814140096663438
27   37   0.025314482990029582
27   38   0.027530046694267018
27   39   0.0777478313649026
27   40   0.02567183139546962
27   43   0.0007607131169042298
27   44   0.020001106550238033
27   45   0.02124432365564006
27   46   0.0968839023698638
27   51   0.08173970828524488
27   52   0.18609289305249085
27   56   0.03404951185903125
27   58   0.06793399272689625
27   60   0.02106160578201849
27   62   0.07909772178173581
27   65   0.011003570723062541
27   66   0.1913519579441421
27   67   0.0013713648744088063
27   68   0.034641393577234364
27   70   0.052984619319790566
27   71   0.07204366789199966
27   72   0.026444989639182993
27   73   0.18963664936997354
27   74   0.06602474318473042
27   75   0.009431651403709319
27   76   0.10363912177301603
27   77   0.03517831033962047
27   79   0.021639045690952756
27   80   0.10125478186221662
27   83   0.15074909106509307
27   84   0.0036975156634795757
28   29   0.07440548299769191
28   30   0.10517373347571941
28   33   0.07668883490014831
28   34   0.09135477300400748
28   35   0.1645541510306034
28   36   0.061731571463216166
28   37   0.050731051258545656
28   38   0.12661607223963775
28   39   0.13422667599169769
28   40   0.0402289009920967
28   41   0.02695960614702234
28   43   0.03827373660697782
28   45   0.05259707427373353
28   47   0.010421858779951282
28   52   0.0399080885699237
28   53   0.02239656656082777
28   55   0.08444096211155568
28   56   0.06979273701866544
28   57   0.1001148330982383
28   58   0.041468705035246994
28   59   0.1168942060104608
28   61   0.07253960380046369
28   63   0.06515571932766202
28   65   0.10426285717364088
28   69   0.009596351556528368
28   70   0.05227100433481861
28   71   0.11106934465347582
28   72   0.031148916479346114
28   73   0.043328959065019476
28   76   0.10570782049162403
28   77   0.018015011100162792
28   78   0.042860216562710544
28   79   0.024871218089632403
28   83   0.048480531513354366
28   84   0.02187457045743251
29   30   0.006459589462582164
29   32   0.012739347974504696
29   33   0.0136507591718775
29   34   0.15910006920548309
29   36   0.05290420667461951
29   37   0.05768506956170867
29   38   0.023032708419823383
29   40   0.0017390278478775637
29   43   0.12278151139609612
29   73   0.055970696678364504
29   77   0.06198710104261055
30   33   0.09610912230102653
30   34   0.0914290300194491
30   36   0.18200080577810487
30   38   0.029080014138740097
30   39   0.013914133460221073
30   40   0.05923510691978816
30   76   0.06161453472285176
31   37   0.06765656852403437
31   38   0.0028038556679439385
31   62   0.001459316693650257
31   75   0.035991354281756115
31   76   0.15156230201505777
31   80   0.006047264661821168
32   34   0.09419657154608731
32   36   0.09707797298373198
32   41   0.053619371484908744
33   34   0.055850157974304794
33   38   0.07578554598126622
34   36   0.00294155665961608
34   37   0.10357971064351325
34   38   0.16338569264981725
34   39   0.04991377799609197
34   40   0.008182711788796553
34   41   0.04790899944290422
34   73   0.05795512312700952
34   75   0.07703432400349848
34   76   0.02250238054303499
34   77   0.02679510826352676
35   36   0.08520733811895556
35   37   0.0070336809680870286
35   38   0.20668617698680106
35   39   0.026506405819568358
35   41   0.18914974555782652
35   43   0.029818246348943225
35   44   0.0885312258736683
35   46   0.032517823309570794
35   72   0.12994073751408616
35   77   0.064633269790907
35   84   0.05893342962864858
36   37   0.00029332320818793836
36   38   0.17293028463989304
36   39   0.006433272005481954
36   40   0.026622540001216603
36   41   0.07284299023273119
36   43   0.09398555794641236
36   45   0.024854183027421237
36   46   0.055909660692990706
36   47   0.014234537779332711
36   51   0.043449948772359887
36   52   0.09736700828531553
36   56   0.11376477804168793
36   58   0.10161383954150655
36   65   0.04873194270030571
36   70   0.04928886537268591
36   71   0.05698750723925374
36   72   0.06466286050619957
36   73   0.041236016171080005
36   75   0.06360399990648917
36   76   0.09998949557649549
36   77   0.00473777623887485
36   78   0.014292941219444213
36   83   0.0852724402696642
36   84   0.049035424502660345
37   38   0.0983498080938181
37   39   0.03550183369797388
37   40   0.035657232397646725
37   43   0.10692437197925495
37   44   0.047635165673363046
37   45   0.018162434539205255
37   51   0.09787862938120231
37   52   0.09230345220509804
37   62   0.0037479009974149503
37   74   0.002849021578393104
37   75   0.06094068656650342
37   76   0.1881540388048588
37   80   0.12207439655010979
37   84   0.07742251620675679
38   39   0.15016776855857394
38   40   0.1101518585627266
38   41   0.026786547505541256
38   43   0.026785612015881987
38   44   0.06487245877929247
38   45   0.11185730037707237
38   46   0.027098717496253106
38   51   0.012880617054084515
38   52   0.042689108010363803
38   56   0.021107221971730632
38   62   0.049119623014893955
38   65   0.009129814408586807
38   71   0.07522382473914248
38   72   0.017104050175086965
38   73   0.044493373863477216
38   75   0.059870645948664855
38   76   0.14203570081706582
38   77   0.06883953745707096
38   83   0.07039202259175495
38   84   0.13228007818343843
39   40   0.07679590679148193
39   43   0.04507295999507805
39   72   0.09118614161317888
39   75   0.0005748780205314672
39   76   0.16413416088459007
39   84   0.05926211556120787
40   41   0.09248063588670831
40   43   0.09799308279875886
40   47   0.10634356444536511
40   58   0.07428269306756029
40   59   0.027176189218295132
40   61   0.1101687229552521
40   73   0.10348972325500223
40   77   0.0484523566764124
43   44   0.08546311008860175
43   45   0.18868272988335652
43   46   0.013569361417861065
43   47   0.027623016556199878
43   48   0.06012092448106148
43   51   0.052516466202423576
43   52   0.06258867476731103
43   53   0.014012396367675633
43   55   0.13543682151805175
43   56   0.058189541312353175
43   57   0.022061603781886378
43   58   0.0640048155300686
43   59   0.10517866316361427
43   61   0.02920711257365038
43   63   0.001162123528617023
43   64   0.05809658386746395
43   65   0.03809639515769963
43   66   0.007508733855447029
43   67   0.0047042811991465
43   68   0.07126570667808492
43   69   0.05966586110916736
43   70   0.021771124228281466
43   71   0.03067674108101313
43   72   0.07045152650803849
43   73   0.051331697997448335
43   75   0.12129175138475867
43   76   0.058083899691475
43   77   0.01796638648624962
43   78   0.1502763665666481
43   79   0.07862819898187558
43   83   0.20179592993491036
43   84   0.06091567573246124
44   45   0.189540983561828
44   46   0.03981271349939899
44   47   0.041645123656148385
44   49   0.09323088073152962
44   51   0.021177758360636904
44   52   0.05071555164636092
44   56   0.13115721998077035
44   60   0.00604728609039803
44   62   0.02055993110000709
44   65   0.0038771400619798555
44   66   0.03094836728564487
44   67   0.06465685765652328
44   68   0.009151019024351897
44   70   0.12114556855184604
44   71   0.004311703802829713
44   72   0.026192706578669116
44   73   0.019719272937835312
44   75   0.047198147378450454
44   76   0.033218925383448984
44   77   0.05041826885119704
44   80   0.04173888857842018
44   83   0.02729514790152206
44   84   0.02529971361850111
45   46   0.11513866132360691
45   47   0.18915557953788692
45   48   0.026825240327670793
45   49   0.00998352193409602
45   50   0.008373907684920696
45   51   0.16578093072222277
45   52   0.06085280243844356
45   53   0.08422564109347566
45   55   0.09233845024561484
45   56   0.08109113755229609
45   57   0.08059309485520368
45   58   0.030082688619817298
45   59   0.045826464478313615
45   60   0.11064025261476587
45   61   0.09419916740688217
45   62   0.09139907262507642
45   63   0.1603507835096511
45   65   0.10032031812760744
45   66   0.03928527156153108
45   67   0.1548701527495347
45   68   0.1587377365703501
45   69   0.15397050286254552
45   70   0.06929095368653412
45   71   0.07063136084247408
45   72   0.09377311059675653
45   73   0.13889951068332893
45   74   0.1942359111284414
45   75   0.11613006944356527
45   76   0.03286092223501356
45   77   0.15138604277403947
45   78   0.009386869269983356
45   79   0.0038926157881372927
45   80   0.07826827296859457
45   82   0.01759833062921987
45   83   0.04748638087212383
45   84   0.1314897938582661
46   47   0.023637315847390494
46   48   0.24232646945229638
46   52   0.15932347432110713
46   56   0.02579787333230906
46   63   0.0807684449977819
46   65   0.007207601781400021
46   66   0.126852529547131
46   67   0.07398924942344946
46   68   0.030552333879710247
46   70   0.08283937441447659
46   72   0.1251007338374062
46   73   0.1001312155819936
46   75   0.044979473838195866
46   76   0.046624967205163736
46   77   0.08407503174926784
46   79   0.06220633522132153
46   83   0.06397356967593328
46   84   0.03360545077823816
47   48   0.06228285608661865
47   52   0.1277274691068709
47   53   0.05340758427195614
47   54   0.1283816723093661
47   55   0.03888258358187923
47   56   0.041593307392354784
47   57   0.23601387130701404
47   58   0.020260780226618893
47   59   0.060916419168096446
47   61   0.04863876918639727
47   63   0.07324039030866712
47   64   0.14930502577211854
47   69   0.09406200534545785
47   71   0.07041702635417933
47   72   0.145249066423558
47   73   0.10766437966273168
47   76   0.11929729841363383
47   77   0.016241809882805602
47   78   0.058190085783119024
47   79   0.1966692364503668
47   81   0.11588636445431415
47   83   0.04631511460712555
47   84   0.02615226965418413
48   54   0.1371563935299182
48   55   0.07957019867270353
48   57   0.1732005116740028
48   59   0.11957392340829334
48   61   0.029934961352228777
48   63   0.134058596560754
48   73   0.11742904571742394
48   77   0.09665142184062081
48   81   0.029023177530897434
48   83   0.06474639271916771
49   60   0.09345030455483778
50   56   0.0882862167010836
50   57   0.10073395612207477
50   59   0.014638927698887822
50   63   0.11089386761615748
50   77   0.059640605858146324
50   78   0.01590520094995287
50   79   0.2201631281755997
50   83   0.05558288178200455
51   58   0.0051547720529268575
51   62   0.06608980126021535
51   71   0.02228603670311523
51   73   0.007276509575652006
51   74   0.12006266496257745
51   75   0.012955420766060863
51   76   0.04487305310494088
52   56   0.05022027448462182
52   59   0.0465106001504818
52   66   0.06015670320992914
52   68   0.12343001810207135
52   70   0.048150703803177465
52   72   0.08852446800095264
52   73   0.0143770771058356
52   75   0.05675588544350973
52   76   0.12080090530857145
52   77   0.1189277077284519
52   79   0.11837011976431806
52   83   0.1684721521955104
52   84   0.11017998756773036
53   55   0.02439231445096539
53   56   0.016703259134188096
53   57   0.03636237780854547
53   58   0.020277919571202035
53   59   0.009773140358264909
53   61   0.0250564635455138
53   63   0.007291413860450542
53   69   0.10366842758932693
53   73   0.01513042352045797
53   77   0.1053987204105289
53   78   0.059101283845318604
53   83   0.0177959565258718
54   55   0.08673829433002958
54   64   0.023461768124261418
55   56   0.05318906820675037
55   57   0.06753357745314587
55   58   0.027723317442068518
55   59   0.01023551654962197
55   61   0.06963790274011343
55   63   0.27005371395082306
55   64   0.19701931115169935
55   69   0.062303893568827276
55   73   0.048994238608437234
55   77   0.11334597590936969
55   78   0.09055253170870686
55   83   0.08091580197768532
56   57   0.12393020172112275
56   58   0.012684913667109781
56   59   0.031173601281309082
56   61   0.06787660240308849
56   63   0.03351695504405074
56   64   0.003042975844206102
56   66   0.029082705088080918
56   68   0.06440693643535883
56   69   0.008597575386894447
56   70   0.006025905704974956
56   72   0.013915397977240522
56   73   0.015478240432976697
56   75   0.013747277187262303
56   76   0.1458230314600211
56   77   0.018791536464823753
56   78   0.11433073800591279
56   79   0.0021090128031417367
56   82   0.24564871761355186
56   83   0.0901712023185739
57   59   0.1477267144000022
57   61   0.00873404857715732
57   63   0.019976913033328308
57   64   0.14060850435390718
57   66   0.11830560568016697
57   69   0.1231792284063878
57   70   0.05664152858471255
57   72   0.0427889365272046
57   73   0.06601079680231937
57   75   0.09041258485135115
57   76   0.060791442587742245
57   77   0.1051082195960181
57   78   0.052873035655518076
57   79   0.07458089892077437
57   83   0.09720025682776158
58   59   0.09803866271829698
58   61   0.03203464630707419
58   63   0.035959299788872474
58   64   0.026254062156966223
58   69   0.03647058796773836
58   71   0.05906321109466125
58   73   0.14900395424190802
58   74   0.0413975565126518
58   76   0.03409678876908265
58   77   0.06394196402773118
58   78   0.026333702044929783
58   79   0.05926714307293483
58   83   0.026198173916960773
59   61   0.003990689696214373
59   63   0.1218438011671195
59   64   0.11746499188758762
59   69   0.08840173310539279
59   72   0.0716151258241227
59   73   0.09005242085397369
59   77   0.029182670851593914
59   78   0.0031398777784825563
59   83   0.05579503542127682
60   62   0.0027383816636075637
60   66   0.0976877479409182
60   67   0.005225134134360679
60   68   0.01943136802479847
60   75   0.15563190618324682
60   76   0.009548086750144734
60   83   0.16541537891387206
61   63   0.015563555940866907
61   64   0.1422134596537548
61   69   0.03898705421317844
61   73   0.13189177661128482
61   77   0.019588261430987783
61   78   0.006336764242293739
61   83   0.033602944496527114
62   74   0.013292301420023325
62   75   0.10159968534737567
62   76   0.03011227148662939
62   83   0.045684795697951364
63   64   0.05356258014382807
63   66   0.11439574796918596
63   68   0.011585728888209265
63   69   0.0843613857586204
63   70   0.021911209999976988
63   72   0.0027428230726633212
63   73   0.015080683310059916
63   75   0.05393817164986069
63   76   0.04295996963982066
63   77   0.061786847255529166
63   78   0.09593128685019393
63   79   0.09716465123013286
63   83   0.10447898511758083
64   69   0.09563998611377234
64   71   0.049100678764344104
64   73   0.0014871860887074847
64   76   0.0885257910102717
64   77   0.026460217297542984
65   66   0.06975460852376707
65   70   0.059379171623297436
65   71   0.1251597649492392
65   72   0.06335259704785241
65   73   0.122724857494555
65   76   0.06213468251115517
65   77   0.023677509859971354
65   79   0.055565359461811875
65   83   0.03408237389571353
65   84   0.08297926109135548
66   67   0.15865853768141505
66   68   0.02647528410862359
66   70   0.07223664785926415
66   72   0.017432331061899578
66   73   0.10768283923883466
66   75   0.05409501682489957
66   76   0.01973170069708146
66   77   0.07497626312981301
66   78   0.08693427897446586
66   79   0.10868370118356459
66   83   0.1904818952356633
67   68   0.013633355691934853
67   72   0.1654700041406587
67   75   0.0479503097304324
67   76   0.07962129214984319
67   83   0.09963162631677745
68   70   0.23719946886390994
68   72   0.13440615149085136
68   75   0.0020210313065449283
68   76   0.04732625859609053
68   77   0.0936968637055468
68   79   0.06656914516489996
68   83   0.1380969866467422
69   73   0.06080656153641176
69   77   0.028690919900559247
69   78   0.04169832320918841
69   83   0.034375315890316956
70   71   0.06713753290112519
70   72   0.1172574859613323
70   73   0.07541657421826575
70   75   0.10465680792498677
70   76   0.018381952663882185
70   77   0.010436310706081264
70   78   0.08511087018285562
70   79   0.034768800009580186
70   82   0.026264714812710904
70   83   0.08131796421086275
70   84   0.0032444044359288726
71   72   0.01853474002950106
71   73   0.1004941436401099
71   74   0.042432128020713604
71   76   0.034982414134176514
71   77   0.14611791773365898
72   73   0.05541137950538961
72   75   0.08517515010050562
72   76   0.03188189900326199
72   77   0.04180676431069408
72   78   0.03970265860497602
72   79   0.21560288909325148
72   83   0.12089622055248977
72   84   0.016169828484480193
73   74   0.0826097344257122
73   76   0.004973431479125749
73   77   0.05853518612727265
73   78   0.05069297954988363
73   79   0.013564626808314457
73   83   0.03609675290671794
73   84   0.00885047444102423
74   76   0.012816384718098608
75   76   0.10607774965941441
75   77   0.09114962384823072
75   78   0.03211222827251729
75   79   0.0318461384844667
75   80   0.11801349870208262
75   83   0.03276185337370074
75   84   0.10185167583504738
76   77   0.04781823377910845
76   78   0.024948906596644074
76   79   0.09315015676601054
76   80   0.09213320051959774
76   83   0.10185490120458249
76   84   0.11325069622203537
77   78   0.023904042856326888
77   79   0.057089010960613876
77   82   0.05785643641357057
77   83   0.03550698214680483
77   84   0.07182580521617182
78   79   0.06864309791190466
78   81   0.016876762385627436
78   82   0.020343926878411123
78   83   0.014080397150290077
79   82   0.03992456725634271
79   83   0.048253044704560384
81   83   0.06334710732464074
82   83   0.07454950072361068
