1   7   0.01236172115816133
1   8   0.10016980885452295
1   14   0.008269174061415406
1   17   0.11606242912325977
1   23   0.05671933894948423
1   29   0.0031674189711695944
1   30   0.04386041895074501
2   9   0.011415378039639736
2   13   0.13257281876249574
2   17   0.12522648978164272
2   22   0.024437980292543477
2   24   0.0015593721342151744
2   25   0.07111004417255357
2   26   0.11596413345565587
2   27   0.01738355745847767
2   31   0.112311907524003
2   36   0.12869966102103703
2   37   0.08092463595261247
2   38   0.07251742482968955
2   42   0.041396429594982444
2   51   0.07178506694417862
2   62   0.05118106306108807
2   75   0.067222273090956
2   76   0.14633720996755104
2   80   0.07832532889482668
3   7   0.09006124632606628
3   8   0.029450572349060997
3   14   0.004654793960259171
3   17   0.1556988924036032
3   19   0.004300165997041047
3   21   0.016346519753042334
3   23   0.006497478093120846
3   26   0.054650944419483705
3   27   0.136509789711736
3   28   0.051452186790358366
3   30   0.059480553287036574
3   34   0.08188387256370712
3   36   0.08006809311173452
3   37   0.058962854845857754
3   38   0.13922076782744164
3   39   0.1992458226347852
3   51   0.09198053781256611
3   52   0.06231613651876544
3   76   0.09125164960948798
4   9   0.11690939313641559
4   10   0.00933645763113408
4   12   0.027510170480083616
4   15   0.019956308250909223
4   20   0.001101631337292754
4   24   0.058606324086103556
4   28   0.05532601489911037
5   6   0.08719540349853958
5   9   0.01720972756261823
5   12   0.11871377302761509
5   15   0.0733831268085495
5   24   0.0004459759587228421
5   32   0.1360967661665446
5   34   0.14815933194045888
5   36   0.04943088828644089
5   40   0.07823219615369811
5   41   0.13649183012050597
6   7   0.11919307310836054
6   8   0.034943404215884356
6   10   0.09370155603237067
6   12   0.22260706577379388
6   14   0.06644796378688053
6   15   0.1285947367839238
6   20   0.05000656093986455
6   28   0.034338544280282976
6   32   0.06231412131241344
6   36   0.054786947867117484
6   40   0.18857551569997794
6   41   0.0486634487061261
7   8   0.059032771045205656
7   9   0.02458515814162687
7   10   0.10221185665630454
7   14   0.007397708851760497
7   15   0.05112907780885482
7   17   0.0168515818651615
7   21   0.10534442970960702
7   23   0.17826789847041574
7   24   0.03397593622092568
7   28   0.14182807057968666
7   29   0.10857361162385769
7   30   0.13002132340365716
7   33   0.179795321998299
7   34   0.11730689413974726
7   36   0.018242925416253403
7   38   0.03329956911486139
7   39   0.013269035748685149
7   40   0.06076686092864867
7   41   0.00983060053764319
8   10   0.08394933297779565
8   12   0.01646586574020308
8   14   0.005879977864625239
8   15   0.031394700296974394
8   17   0.01010553622881501
8   23   0.0220034104654966
8   26   0.0639855104085972
8   28   0.05196958319569509
8   29   0.05427993406767189
8   30   0.043245951169094014
8   32   0.0625857015648892
8   36   0.011947981686886395
8   40   0.0943877225232268
8   41   0.0894517857906059
9   10   0.1357021345774463
9   12   0.113098470354142
9   15   0.09139588274548512
9   20   0.14902838958729547
9   22   0.028367638387417952
9   24   0.020835617313298076
9   25   0.025566571147294544
9   27   0.0838370752718921
9   28   0.042500017920882614
9   36   0.1645774254616853
9   40   0.05099576083139627
9   42   0.058044032085767375
9   58   0.06703559836748613
9   73   0.05220416189492659
9   77   0.04460083794983514
10   12   0.030056704013027
10   14   0.017240372004077097
10   15   0.07936655044810204
10   20   0.008473962591856203
10   24   0.05099627614060416
10   28   0.06668618784100333
10   29   0.11661981330500211
10   34   0.044776844250765356
10   36   0.02160015020932299
10   38   0.10267851180385135
10   40   0.05494319184981926
10   41   0.04049846580242909
11   13   0.04060520248718188
11   17   0.04937971259106689
11   18   0.04386295645667384
11   19   0.09821719514108714
11   25   0.08572381646605445
11   26   0.04587063138716983
11   27   0.037748000358611006
11   31   0.07937997476476985
11   34   0.15310151025484592
11   37   0.004731351704887565
11   38   0.08534917406725145
11   42   0.004024355248260656
11   49   0.01831421127198523
11   62   0.04323902464650981
11   76   0.10489927066529839
11   80   0.026218484281346936
12   14   0.03502580290820662
12   15   0.04524404060476006
12   20   0.029023927885884884
12   24   0.1644022889191506
12   28   0.11796482753339915
12   36   0.04480959145060902
12   40   0.027914999119428817
12   41   0.0678439732786228
13   25   0.06315392686274732
13   26   0.03141328981164011
13   27   0.004366529802595454
13   31   0.10797459196656554
13   32   0.04294945615387321
13   34   0.08005488667258133
13   36   0.03444575090514834
13   37   0.03846933011435009
13   38   0.08142291677114127
13   41   0.2615262632404029
13   42   0.12472744925992588
13   44   0.04120017985657433
13   49   0.08516998039938818
13   60   0.12289811956360246
13   62   0.0996181964756369
13   74   0.002188285822339793
13   75   0.03252152929169741
13   76   0.1562113577367674
13   80   0.06023244881957067
14   17   0.04990726714815072
14   23   0.014233094729750324
14   26   0.030031251254537816
14   28   0.0732528620663121
14   29   0.008736762105358106
14   30   0.10463385621518101
14   32   0.06967435865840842
14   34   0.11902349590921352
14   36   0.08768154178908005
14   40   0.027763060169340218
14   41   0.1124246538039517
15   20   0.03127483958831166
15   24   0.07472421014141112
15   27   0.08673832757613195
15   28   0.03419261715078156
15   32   0.006660044521094979
15   36   0.16229369687524872
15   40   0.03220437543465754
16   21   0.1690766350738221
16   22   0.04742025240617221
16   23   0.004697617198985835
16   24   0.11492721479718768
16   27   0.021396069689892095
16   28   0.0806530678851856
16   36   0.010471969000197348
16   37   0.040495560539642116
16   38   0.04263210505841288
16   39   0.020116943632961553
16   65   0.032732790558351904
16   70   0.0827803045169232
16   71   0.039831858272930044
16   72   0.012849153575827908
16   76   0.06988768486767405
17   18   0.05421253205622999
17   19   0.056113014128227084
17   21   0.14132761374442457
17   23   0.1749237547328254
17   26   0.0024773576281278283
17   27   0.11514547327213558
17   29   0.17174546367475094
17   30   0.03705534234277922
17   33   0.0750735077968826
17   34   0.007655788887888288
17   36   0.08820600947818101
17   37   0.004037248007770442
17   38   0.029531638913715522
17   39   0.01320931651569167
17   76   0.07872385503584438
18   19   0.05577772265134574
18   26   0.11707634532168006
18   27   0.03608209079640893
18   31   0.14419039611719725
18   34   0.0942831537704694
18   36   0.022247236183446057
18   37   0.041472859089484865
18   38   0.024045722619618598
18   75   0.07205745902493738
18   76   0.03025636477902913
18   80   0.062218594667332594
19   23   0.0005106241132352491
19   26   0.028498789608868712
19   27   0.011197255177208808
19   34   0.03371234560635967
19   36   0.12221424135903033
19   37   0.06458828678994685
19   38   0.09737160261610514
19   75   0.13979639470547015
19   76   0.03700549715059676
20   24   0.10674830368041065
20   28   0.1275488475516822
20   40   0.026114842122259178
21   22   0.08606907580509728
21   23   0.20539761762261724
21   27   0.003935540124090244
21   28   0.049864843230875935
21   29   0.06830220617485191
21   30   0.10999036159970982
21   33   0.006039670374910442
21   34   0.09377827111325159
21   36   0.04827182601190271
21   37   0.0496481884554365
21   38   0.0676890379887666
21   39   0.08349791970855666
21   40   0.07169812052459097
21   65   0.04195046161821056
22   23   0.03905174067113949
22   24   0.2002737011611199
22   25   0.12693505432085475
22   27   0.09079311961941046
22   28   0.19192966893381166
22   36   0.0932617776412691
22   38   0.05830426010072843
22   42   0.046910241795241836
22   65   0.029003780677973882
22   71   0.012998708894538732
22   72   0.07725047273518952
22   73   0.04461632021612106
22   76   0.07846490406705232
23   26   0.07739899366898469
23   27   0.02277190239735201
23   28   0.005681701281107908
23   29   0.028135807612858076
23   30   0.08576333299578785
23   33   0.028148317498787375
23   34   0.0044340132215834015
23   36   0.020805372838713414
23   37   0.00215125163401316
23   38   0.01632847299753648
23   39   0.0007329249648673638
23   40   0.1352478957069649
23   65   0.0625704380085491
23   71   0.005332133907146417
23   72   0.013837401906656152
23   76   0.04510450110702861
24   25   0.06483874480978825
24   27   0.0036582364988652295
24   28   0.09349098569137249
24   29   0.06082428649588202
24   33   0.022024692389161545
24   36   0.07438590624917257
24   38   0.011703372468364242
24   39   0.04659750789298292
24   40   0.18462259335335718
24   43   0.08729217525476339
24   47   0.013436106911988531
24   58   0.13757981130340954
24   65   0.08271421292698815
24   71   0.029589779054033188
24   73   0.017177460004751493
24   77   0.02790766035629323
25   26   0.08974639833290127
25   27   0.05122814738059349
25   31   0.021659780227481024
25   37   0.004976624235546474
25   38   0.04067248017447385
25   42   0.16370006169158538
25   49   0.11786736216845282
25   62   0.01609977919477496
25   74   0.08038847688385722
25   75   0.04521865318809074
25   76   0.05436548623348196
25   80   0.047775420171280204
26   27   0.02550773943589629
26   31   0.10516914386431082
26   34   0.08304566351918982
26   36   0.10816043500666492
26   37   0.04594283705806012
26   38   0.009287978625276127
26   39   0.0072966087634318425
26   42   0.07121234735340409
26   44   0.07574894325526306
26   51   0.0775377956048992
26   62   0.004769530892741488
26   67   0.026404366194142558
26   68   0.019316246456067544
26   74   0.00807998786070809
26   75   0.051617971743159026
26   76   0.08876021095384654
26   80   0.019605901287042288
27   28   0.12434575303639164
27   31   0.008485927513307885
27   34   0.010047013906655702
27   36   0.10814140096663438
27   37   0.025314482990029582
27   38   0.027530046694267018
27   39   0.0777478313649026
27   40   0.02567183139546962
27   42   0.11641683056646278
27   43   0.0007607131169042298
27   44   0.020001106550238033
27   45   0.02124432365564006
27   46   0.0968839023698638
27   51   0.08173970828524488
27   52   0.18609289305249085
27   62   0.07909772178173581
27   65   0.011003570723062541
27   66   0.1913519579441421
27   67   0.0013713648744088063
27   68   0.034641393577234364
27   71   0.07204366789199966
27   72   0.026444989639182993
27   74   0.06602474318473042
27   75   0.009431651403709319
27   76   0.10363912177301603
27   80   0.10125478186221662
28   29   0.07440548299769191
28   30   0.10517373347571941
28   33   0.07668883490014831
28   34   0.09135477300400748
28   36   0.061731571463216166
28   38   0.12661607223963775
28   39   0.13422667599169769
28   40   0.0402289009920967
28   41   0.02695960614702234
28   43   0.03827373660697782
28   58   0.041468705035246994
28   73   0.043328959065019476
28   77   0.018015011100162792
29   30   0.006459589462582164
29   32   0.012739347974504696
29   33   0.0136507591718775
29   34   0.15910006920548309
29   36   0.05290420667461951
29   38   0.023032708419823383
29   40   0.0017390278478775637
29   41   0.14174731889342337
30   33   0.09610912230102653
30   34   0.0914290300194491
30   36   0.18200080577810487
30   38   0.029080014138740097
30   39   0.013914133460221073
31   34   0.12832011170542296
31   37   0.06765656852403437
31   38   0.0028038556679439385
31   42   0.14703680583541995
31   44   0.0643860063165542
31   60   0.008629513983089797
31   62   0.001459316693650257
31   74   0.042111915684885946
31   75   0.035991354281756115
31   76   0.15156230201505777
31   80   0.006047264661821168
32   34   0.09419657154608731
32   36   0.09707797298373198
32   40   0.13884336466117023
32   41   0.053619371484908744
33   34   0.055850157974304794
33   38   0.07578554598126622
34   36   0.00294155665961608
34   37   0.10357971064351325
34   38   0.16338569264981725
34   40   0.008182711788796553
34   41   0.04790899944290422
34   42   0.11192214863458609
35   36   0.08520733811895556
35   39   0.026506405819568358
35   43   0.029818246348943225
35   46   0.032517823309570794
35   84   0.05893342962864858
36   37   0.00029332320818793836
36   38   0.17293028463989304
36   39   0.006433272005481954
36   40   0.026622540001216603
36   41   0.07284299023273119
36   42   0.0642297554959947
36   43   0.09398555794641236
36   73   0.041236016171080005
36   76   0.09998949557649549
36   77   0.00473777623887485
36   84   0.049035424502660345
37   38   0.0983498080938181
37   39   0.03550183369797388
37   40   0.035657232397646725
37   42   0.10889299695607338
37   49   0.06760919182942092
37   62   0.0037479009974149503
37   75   0.06094068656650342
37   76   0.1881540388048588
37   80   0.12207439655010979
38   39   0.15016776855857394
38   40   0.1101518585627266
38   41   0.026786547505541256
38   42   0.031228284384640075
38   76   0.14203570081706582
39   40   0.07679590679148193
39   41   0.12450423709833051
39   76   0.16413416088459007
39   84   0.05926211556120787
40   41   0.09248063588670831
40   73   0.10348972325500223
40   77   0.0484523566764124
42   44   0.024256693725207966
42   45   0.009828416094343121
42   49   0.07039670653071227
42   60   0.09052186012719397
42   62   0.09984008584803215
42   74   0.07285242653289627
43   44   0.08546311008860175
43   45   0.18868272988335652
43   46   0.013569361417861065
43   47   0.027623016556199878
43   48   0.06012092448106148
43   49   0.08097255196249908
43   51   0.052516466202423576
43   52   0.06258867476731103
43   55   0.13543682151805175
43   56   0.058189541312353175
43   57   0.022061603781886378
43   58   0.0640048155300686
43   59   0.10517866316361427
43   61   0.02920711257365038
43   63   0.001162123528617023
43   64   0.05809658386746395
43   65   0.03809639515769963
43   66   0.007508733855447029
43   67   0.0047042811991465
43   68   0.07126570667808492
43   70   0.021771124228281466
43   71   0.03067674108101313
43   72   0.07045152650803849
43   73   0.051331697997448335
43   75   0.12129175138475867
43   76   0.058083899691475
43   77   0.01796638648624962
43   78   0.1502763665666481
43   79   0.07862819898187558
43   80   0.024355510334674247
43   81   0.25622909782944153
43   83   0.20179592993491036
43   84   0.06091567573246124
44   45   0.189540983561828
44   46   0.03981271349939899
44   49   0.09323088073152962
44   51   0.021177758360636904
44   52   0.05071555164636092
44   60   0.00604728609039803
44   62   0.02055993110000709
44   65   0.0038771400619798555
44   66   0.03094836728564487
44   67   0.06465685765652328
44   68   0.009151019024351897
44   70   0.12114556855184604
44   72   0.026192706578669116
44   74   0.03138794910684593
44   75   0.047198147378450454
44   76   0.033218925383448984
44   80   0.04173888857842018
44   84   0.02529971361850111
45   46   0.11513866132360691
45   47   0.18915557953788692
45   48   0.026825240327670793
45   49   0.00998352193409602
45   51   0.16578093072222277
45   52   0.06085280243844356
45   56   0.08109113755229609
45   59   0.045826464478313615
45   60   0.11064025261476587
45   62   0.09139907262507642
45   63   0.1603507835096511
45   65   0.10032031812760744
45   66   0.03928527156153108
45   67   0.1548701527495347
45   68   0.1587377365703501
45   70   0.06929095368653412
45   72   0.09377311059675653
45   73   0.13889951068332893
45   74   0.1942359111284414
45   75   0.11613006944356527
45   76   0.03286092223501356
45   77   0.15138604277403947
45   78   0.009386869269983356
45   79   0.0038926157881372927
45   80   0.07826827296859457
45   82   0.01759833062921987
45   83   0.04748638087212383
46   47   0.023637315847390494
46   48   0.24232646945229638
46   52   0.15932347432110713
46   56   0.02579787333230906
46   65   0.007207601781400021
46   70   0.08283937441447659
46   72   0.1251007338374062
46   73   0.1001312155819936
46   75   0.044979473838195866
46   76   0.046624967205163736
46   77   0.08407503174926784
46   83   0.06397356967593328
46   84   0.03360545077823816
47   48   0.06228285608661865
47   54   0.1283816723093661
47   55   0.03888258358187923
47   56   0.041593307392354784
47   57   0.23601387130701404
47   58   0.020260780226618893
47   59   0.060916419168096446
47   61   0.04863876918639727
47   63   0.07324039030866712
47   64   0.14930502577211854
47   69   0.09406200534545785
47   70   0.0746839371074284
47   72   0.145249066423558
47   73   0.10766437966273168
47   76   0.11929729841363383
47   77   0.016241809882805602
47   78   0.058190085783119024
47   81   0.11588636445431415
47   83   0.04631511460712555
48   54   0.1371563935299182
48   55   0.07957019867270353
48   56   0.07722000594119573
48   57   0.1732005116740028
48   59   0.11957392340829334
48   60   0.11220132057195824
48   61   0.029934961352228777
48   63   0.134058596560754
48   64   0.11394169744360445
48   77   0.09665142184062081
48   78   0.17063499082119177
48   81   0.029023177530897434
48   83   0.06474639271916771
48   84   0.013556623053338263
49   51   0.03200080080739857
49   58   0.08586450752792399
49   60   0.09345030455483778
49   62   0.03249994058805345
49   71   0.06750027160703351
49   74   0.022041669761132133
49   75   0.06813536406180828
49   76   0.05322005772097854
49   80   0.0708675345189601
49   83   0.05279000167977343
50   56   0.0882862167010836
50   57   0.10073395612207477
50   63   0.11089386761615748
50   77   0.059640605858146324
50   78   0.01590520094995287
50   79   0.2201631281755997
50   83   0.05558288178200455
51   58   0.0051547720529268575
51   62   0.06608980126021535
51   66   0.015118634984957555
51   71   0.02228603670311523
51   73   0.007276509575652006
51   74   0.12006266496257745
51   75   0.012955420766060863
51   76   0.04487305310494088
52   56   0.05022027448462182
52   57   0.022345002931699824
52   63   0.024513979096510555
52   66   0.06015670320992914
52   68   0.12343001810207135
52   70   0.048150703803177465
52   72   0.08852446800095264
52   75   0.05675588544350973
52   76   0.12080090530857145
52   77   0.1189277077284519
53   58   0.020277919571202035
53   59   0.009773140358264909
53   61   0.0250564635455138
53   64   0.1171100668282159
53   69   0.10366842758932693
53   73   0.01513042352045797
53   77   0.1053987204105289
54   55   0.08673829433002958
54   58   0.08640120336162853
54   61   0.23902078125396678
54   64   0.023461768124261418
54   73   0.07277571558730568
54   81   0.08245700932083141
54   83   0.05790350361416404
55   56   0.05318906820675037
55   57   0.06753357745314587
55   59   0.01023551654962197
55   61   0.06963790274011343
55   63   0.27005371395082306
55   64   0.19701931115169935
55   69   0.062303893568827276
55   77   0.11334597590936969
55   81   0.053547786010651834
56   57   0.12393020172112275
56   58   0.012684913667109781
56   59   0.031173601281309082
56   63   0.03351695504405074
56   64   0.003042975844206102
56   66   0.029082705088080918
56   68   0.06440693643535883
56   70   0.006025905704974956
56   72   0.013915397977240522
56   73   0.015478240432976697
56   75   0.013747277187262303
56   77   0.018791536464823753
56   78   0.11433073800591279
56   79   0.0021090128031417367
56   82   0.24564871761355186
56   83   0.0901712023185739
57   59   0.1477267144000022
57   61   0.00873404857715732
57   63   0.019976913033328308
57   64   0.14060850435390718
57   72   0.0427889365272046
57   75   0.09041258485135115
57   77   0.1051082195960181
57   78   0.052873035655518076
57   79   0.07458089892077437
57   81   0.019510730497871213
57   83   0.09720025682776158
58   59   0.09803866271829698
58   61   0.03203464630707419
58   64   0.026254062156966223
58   69   0.03647058796773836
58   71   0.05906321109466125
58   73   0.14900395424190802
58   74   0.0413975565126518
58   76   0.03409678876908265
58   77   0.06394196402773118
58   78   0.026333702044929783
59   61   0.003990689696214373
59   63   0.1218438011671195
59   64   0.11746499188758762
59   69   0.08840173310539279
59   73   0.09005242085397369
59   77   0.029182670851593914
59   78   0.0031398777784825563
59   83   0.05579503542127682
60   62   0.0027383816636075637
60   66   0.0976877479409182
60   67   0.005225134134360679
60   68   0.01943136802479847
60   74   0.021054922374192417
60   75   0.15563190618324682
60   76   0.009548086750144734
60   78   0.06686082786040223
60   80   0.09045142254799701
60   81   0.18153881502393965
60   83   0.16541537891387206
61   63   0.015563555940866907
61   64   0.1422134596537548
61   69   0.03898705421317844
61   73   0.13189177661128482
61   77   0.019588261430987783
61   78   0.006336764242293739
61   83   0.033602944496527114
62   74   0.013292301420023325
62   75   0.10159968534737567
62   76   0.03011227148662939
62   80   0.16525314267476848
62   83   0.045684795697951364
63   66   0.11439574796918596
63   68   0.011585728888209265
63   72   0.0027428230726633212
63   75   0.05393817164986069
63   77   0.061786847255529166
63   78   0.09593128685019393
63   79   0.09716465123013286
63   81   0.0470604732835445
63   83   0.10447898511758083
64   69   0.09563998611377234
64   71   0.049100678764344104
64   73   0.0014871860887074847
64   76   0.0885257910102717
64   77   0.026460217297542984
65   70   0.059379171623297436
65   71   0.1251597649492392
65   72   0.06335259704785241
65   73   0.122724857494555
65   76   0.06213468251115517
65   77   0.023677509859971354
66   67   0.15865853768141505
66   68   0.02647528410862359
66   70   0.07223664785926415
66   72   0.017432331061899578
66   75   0.05409501682489957
66   76   0.01973170069708146
66   77   0.07497626312981301
66   79   0.10868370118356459
66   83   0.1904818952356633
67   68   0.013633355691934853
67   72   0.1654700041406587
67   75   0.0479503097304324
67   76   0.07962129214984319
67   79   0.15073786864621236
67   80   0.03594134044956181
67   83   0.09963162631677745
68   72   0.13440615149085136
68   75   0.0020210313065449283
68   76   0.04732625859609053
68   79   0.06656914516489996
68   83   0.1380969866467422
69   73   0.06080656153641176
69   77   0.028690919900559247
70   71   0.06713753290112519
70   72   0.1172574859613323
70   76   0.018381952663882185
70   77   0.010436310706081264
70   79   0.034768800009580186
70   82   0.026264714812710904
70   83   0.08131796421086275
71   72   0.01853474002950106
71   73   0.1004941436401099
71   74   0.042432128020713604
71   76   0.034982414134176514
71   77   0.14611791773365898
72   75   0.08517515010050562
72   76   0.03188189900326199
72   77   0.04180676431069408
72   79   0.21560288909325148
72   83   0.12089622055248977
73   74   0.0826097344257122
73   76   0.004973431479125749
73   77   0.05853518612727265
73   78   0.05069297954988363
73   82   0.15788311185772688
74   75   0.03478618593326202
74   76   0.012816384718098608
74   80   0.13114075748726475
75   76   0.10607774965941441
75   79   0.0318461384844667
75   80   0.11801349870208262
75   83   0.03276185337370074
76   77   0.04781823377910845
76   80   0.09213320051959774
76   83   0.10185490120458249
77   78   0.023904042856326888
77   79   0.057089010960613876
77   82   0.05785643641357057
77   83   0.03550698214680483
78   79   0.06864309791190466
78   81   0.016876762385627436
78   82   0.020343926878411123
78   83   0.014080397150290077
79   82   0.03992456725634271
79   83   0.048253044704560384
80   83   0.04141168705037495
81   83   0.06334710732464074
82   83   0.07454950072361068
