0   1   0.043
0   2   0.014
0   3   0.027
0   4   0.018
0   5   0.035
0   6   0.002
0   7   0.062
0   8   0.053
0   9   0.064
0   10   0.089
0   11   0.018
0   12   0.055
0   13   0.006
0   14   0.056
0   15   0.037
0   16   0.124
0   17   0.002
0   18   0.051
0   19   0.097
0   20   0.016
0   21   0.029
0   22   0.052
0   23   0.152
0   24   0.145
0   25   0.121
0   26   0.136
0   27   0.044
0   28   0.059
0   29   0.091
0   30   0.047
0   31   0.008
0   32   0.068
0   33   0.059
0   34   0.08
0   35   0.035
0   36   0.074
0   37   0.037
0   38   0.006
0   39   0.067
0   40   0.035
0   41   0.085
0   42   0.046
0   43   0.093
0   44   0.051
0   45   0.174
0   46   0.103
0   47   0.063
0   48   0.138
0   49   0.007
0   50   0.109
0   51   0.07
0   52   0.111
0   53   0.159
0   54   0.071
0   55   0.025
0   56   0.103
0   57   0.025
0   58   0.081
0   59   0.129
0   60   0.176
0   61   0.032
0   62   0.032
0   63   0.116
0   64   0.103
0   65   0.014
0   67   0.021
0   68   0.002
0   69   0.03
0   70   0.05
0   71   0.056
0   72   0.022
0   73   0.125
0   74   0.162
0   75   0.007
0   76   0.054
0   77   0.125
0   78   0.002
0   79   0.166
0   81   0.035
0   82   0.05
0   83   0.001
1   2   0.106
1   3   0.061
1   4   0.025
1   5   0.126
1   6   0.105
1   7   0.014
1   8   0.019
1   9   0.121
1   10   0.143
1   11   0.061
1   12   0.074
1   13   0.008
1   14   0.013
1   15   0.059
1   16   0.113
1   17   0.014
1   18   0.071
1   19   0.021
1   20   0.024
1   21   0.034
1   22   0.012
1   23   0.033
1   24   0.032
1   25   0.076
1   26   0.006
1   27   0.083
1   28   0.064
1   29   0.038
1   30   0.056
1   31   0.057
1   32   0.134
1   33   0.051
1   34   0.18
1   35   0.146
1   36   0.129
1   37   0.098
1   38   0.134
1   39   0.07
1   40   0.096
1   41   0.029
1   42   0.04
1   43   0.012
1   44   0.029
1   45   0.154
1   46   0.031
1   47   0.031
1   48   0.085
1   49   0.064
1   50   0.062
1   51   0.141
1   52   0.059
1   53   0.088
1   54   0.135
1   55   0.013
1   56   0.17
1   57   0.034
1   58   0.041
1   59   0.081
1   60   0.072
1   61   0.088
1   62   0.23
1   63   0.059
1   64   0.026
1   65   0.237
1   66   0.124
1   67   0.04
1   68   0.042
1   69   0.051
1   70   0.089
1   71   0.02
1   72   0.014
1   73   0.106
1   74   0.004
1   75   0.082
1   76   0.077
1   77   0.009
1   78   0.115
1   79   0.065
1   80   0.124
1   81   0.151
1   82   0.154
1   83   0.104
2   3   0.117
2   4   0.02
2   5   0.076
2   6   0.061
2   7   0.041
2   8   0.114
2   9   0.046
2   10   0.09
2   11   0.048
2   12   0.127
2   13   0.028
2   14   0.072
2   15   0.051
2   16   0.021
2   17   0.153
2   18   0.109
2   19   0.094
2   20   0.006
2   21   0.068
2   22   0.02
2   23   0.166
2   24   0.06
2   25   0.007
2   26   0.048
2   27   0.113
2   28   0.012
2   29   0.089
2   30   0.161
2   31   0.177
2   32   0.024
2   33   0.087
2   34   0.119
2   35   0.065
2   36   0.073
2   37   0.041
2   38   0.106
2   39   0.024
2   40   0.042
2   41   0.141
2   42   0.046
2   43   0.022
2   44   0.006
2   45   0.009
2   46   0.082
2   48   0.037
2   49   0.108
2   50   0.078
2   51   0.085
2   52   0.112
2   53   0.15
2   54   0.019
2   55   0.001
2   56   0.002
2   57   0.042
2   58   0.047
2   59   0.092
2   60   0.055
2   61   0.096
2   62   0.016
2   63   0.043
2   64   0.006
2   65   0.151
2   66   0.21
2   67   0.074
2   68   0.09
2   69   0.085
2   70   0.008
2   71   0.01
2   72   0.014
2   73   0.103
2   74   0.054
2   75   0.069
2   76   0.12
2   77   0.051
2   78   0.082
2   79   0.025
2   81   0.138
2   82   0.184
2   83   0.181
3   4   0.024
3   5   0.06
3   6   0.115
3   7   0.102
3   8   0.038
3   9   0.02
3   10   0.004
3   12   0.037
3   13   0.03
3   14   0.057
3   15   0.084
3   16   0.04
3   17   0.117
3   18   0.174
3   19   0.023
3   20   0.024
3   21   0.192
3   22   0.097
3   23   0.017
3   24   0.068
3   25   0.032
3   26   0.09
3   27   0.079
3   28   0.014
3   29   0.171
3   30   0.039
3   31   0.007
3   32   0.046
3   33   0.116
3   34   0.234
3   35   0.083
3   36   0.157
3   37   0.122
3   38   0.036
3   39   0.139
3   40   0.001
3   41   0.106
3   42   0.097
3   43   0.091
3   44   0.001
3   45   0.019
3   46   0.023
3   47   0.093
3   48   0.076
3   49   0.167
3   50   0.001
3   51   0.166
3   52   0.045
3   53   0.049
3   54   0.15
3   55   0.068
3   56   0.014
3   57   0.042
3   58   0.154
3   59   0.099
3   60   0.034
3   61   0.11
3   62   0.106
3   63   0.039
3   64   0.077
3   65   0.085
3   66   0.082
3   67   0.046
3   68   0.039
3   69   0.044
3   70   0.061
3   71   0.084
3   72   0.12
3   73   0.159
3   74   0.025
3   75   0.046
3   76   0.007
3   77   0.12
3   78   0.059
3   80   0.088
3   81   0.087
3   82   0.016
3   83   0.006
4   5   0.053
4   6   0.098
4   7   0.158
4   8   0.015
4   9   0.008
4   10   0.087
4   11   0.127
4   12   0.081
4   13   0.11
4   14   0.04
4   15   0.048
4   16   0.01
4   17   0.098
4   18   0.046
4   19   0.093
4   20   0.06
4   21   0.142
4   22   0.033
4   23   0.004
4   24   0.01
4   25   0.051
4   26   0.115
4   27   0.081
4   28   0.039
4   29   0.066
4   30   0.063
4   31   0.092
4   32   0.018
4   33   0.105
4   34   0.073
4   35   0.033
4   36   0.021
4   37   0.06
4   38   0.197
4   39   0.042
4   40   0.074
4   41   0.087
4   42   0.099
4   43   0.091
4   44   0.05
4   45   0.043
4   46   0.189
4   47   0.158
4   48   0.036
4   49   0.138
4   50   0.036
4   51   0.069
4   52   0.017
4   53   0.062
4   54   0.007
4   55   0.038
4   56   0.091
4   57   0.001
4   58   0.024
4   59   0.079
4   60   0.045
4   61   0.082
4   62   0.044
4   63   0.115
4   64   0.077
4   65   0.155
4   67   0.195
4   68   0.008
4   69   0.122
4   70   0.015
4   71   0.127
4   72   0.034
4   74   0.099
4   75   0.072
4   76   0.062
4   77   0.073
4   78   0.113
4   80   0.126
4   81   0.039
4   82   0.001
4   83   0.116
5   6   0.055
5   7   0.028
5   8   0.219
5   9   0.052
5   10   0.006
5   11   0.206
5   12   0.235
5   13   0.004
5   14   0.112
5   15   0.016
5   16   0.049
5   17   0.125
5   18   0.126
5   19   0.068
5   20   0.033
5   21   0.087
5   22   0.006
5   23   0.19
5   24   0.146
5   25   0.013
5   26   0.089
5   27   0.053
5   28   0.015
5   29   0.023
5   30   0.01
5   31   0.022
5   32   0.158
5   33   0.036
5   34   0.015
5   35   0.011
5   36   0.039
5   37   0.128
5   38   0.055
5   39   0.213
5   40   0.008
5   41   0.112
5   42   0.293
5   43   0.061
5   44   0.127
5   45   0.01
5   46   0.058
5   47   0.202
5   48   0.075
5   49   0.018
5   50   0.093
5   51   0.128
5   52   0.181
5   53   0.129
5   54   0.286
5   55   0.163
5   56   0.197
5   57   0.078
5   58   0.243
5   59   0.124
5   60   0.147
5   61   0.139
5   62   0.193
5   63   0.02
5   64   0.193
5   65   0.026
5   66   0.055
5   67   0.096
5   68   0.138
5   69   0.066
5   70   0.052
5   71   0.192
5   72   0.101
5   73   0.006
5   74   0.02
5   75   0.076
5   76   0.166
5   77   0.192
5   78   0.074
5   79   0.085
5   80   0.066
5   81   0.121
5   82   0.234
5   83   0.022
6   7   0.02
6   8   0.033
6   9   0.119
6   10   0.006
6   11   0.019
6   12   0.061
6   13   0.053
6   14   0.02
6   15   0.121
6   16   0.025
6   17   0.042
6   18   0.065
6   19   0.124
6   20   0.115
6   21   0.146
6   22   0.166
6   23   0.167
6   24   0.015
6   25   0.073
6   26   0.022
6   27   0.171
6   28   0.182
6   29   0.056
6   30   0.003
6   31   0.042
6   32   0.12
6   33   0.103
6   34   0.111
6   35   0.073
6   36   0.028
6   37   0.131
6   38   0.048
6   39   0.048
6   40   0.063
6   41   0.002
6   42   0.007
6   43   0.025
6   44   0.004
6   45   0.008
6   46   0.003
6   47   0.005
6   48   0.089
6   49   0.109
6   50   0.176
6   51   0.061
6   52   0.034
6   53   0.167
6   54   0.185
6   55   0.04
6   56   0.068
6   57   0.088
6   58   0.139
6   59   0.063
6   60   0.16
6   61   0.066
6   62   0.063
6   63   0.032
6   64   0.082
6   65   0.052
6   66   0.103
6   67   0.101
6   68   0.09
6   69   0.01
6   70   0.042
6   71   0.177
6   72   0.076
6   73   0.065
6   74   0.013
6   75   0.035
6   76   0.035
6   77   0.043
6   78   0.11
6   80   0.234
6   81   0.081
6   82   0.056
6   83   0.012
7   8   0.153
7   9   0.061
7   10   0.001
7   11   0.051
7   12   0.112
7   13   0.043
7   14   0.022
7   15   0.176
7   16   0.05
7   17   0.054
7   18   0.081
7   19   0.113
7   20   0.023
7   21   0.079
7   22   0.014
7   23   0.231
7   24   0.059
7   25   0.034
7   26   0.027
7   27   0.028
7   28   0.03
7   29   0.012
7   30   0.074
7   31   0.07
7   32   0.088
7   33   0.02
7   34   0.022
7   35   0.022
7   36   0.044
7   37   0.022
7   38   0.062
7   39   0.071
7   40   0.029
7   41   0.156
7   42   0.252
7   43   0.162
7   44   0.134
7   45   0.103
7   46   0.17
7   47   0.102
7   48   0.108
7   49   0.13
7   50   0.026
7   51   0.077
7   52   0.059
7   53   0.1
7   54   0.246
7   55   0.076
7   56   0.216
7   57   0.116
7   58   0.171
7   59   0.064
7   60   0.183
7   61   0.162
7   62   0.139
7   63   0.133
7   64   0.048
7   65   0.03
7   66   0.109
7   67   0.061
7   68   0.135
7   69   0.132
7   70   0.102
7   71   0.076
7   72   0.162
7   73   0.107
7   74   0.108
7   75   0.037
7   76   0.181
7   77   0.184
7   78   0.065
7   79   0.106
7   80   0.188
7   81   0.045
7   82   0.15
7   83   0.046
8   9   0.062
8   11   0.162
8   12   0.097
8   13   0.035
8   14   0.12
8   15   0.062
8   16   0.005
8   17   0.121
8   18   0.095
8   19   0.099
8   20   0.089
8   21   0.051
8   22   0.118
8   23   0.051
8   24   0.081
8   25   0.042
8   26   0.084
8   27   0.043
8   28   0.028
8   29   0.054
8   30   0.041
8   31   0.107
8   32   0.104
8   33   0.058
8   34   0.093
8   35   0.147
8   36   0.069
8   37   0.145
8   38   0.012
8   39   0.016
8   40   0.123
8   41   0.096
8   42   0.007
8   43   0.099
8   44   0.093
8   45   0.133
8   46   0.108
8   47   0.071
8   48   0.114
8   49   0.034
8   50   0.129
8   51   0.131
8   52   0.049
8   53   0.005
8   54   0.068
8   55   0.09
8   56   0.07
8   57   0.007
8   58   0.118
8   59   0.075
8   60   0.086
8   61   0.044
8   62   0.061
8   63   0.029
8   64   0.123
8   65   0.053
8   66   0.009
8   67   0.177
8   68   0.051
8   69   0.111
8   70   0.053
8   71   0.117
8   72   0.054
8   73   0.149
8   74   0.146
8   75   0.144
8   76   0.072
8   77   0.027
8   78   0.119
8   79   0.112
8   80   0.106
8   81   0.05
8   82   0.058
8   83   0.027
9   10   0.038
9   11   0.005
9   12   0.144
9   13   0.008
9   14   0.032
9   15   0.213
9   16   0.043
9   17   0.063
9   18   0.053
9   19   0.011
9   20   0.07
9   21   0.07
9   22   0.073
9   23   0.036
9   24   0.123
9   25   0.095
9   26   0.055
9   27   0.034
9   28   0.053
9   29   0.006
9   30   0.042
9   31   0.059
9   32   0.032
9   33   0.022
9   34   0.184
9   35   0.013
9   36   0.047
9   37   0.086
9   38   0.061
9   39   0.087
9   40   0.076
9   41   0.152
9   42   0.054
9   43   0.082
9   44   0.02
9   45   0.03
9   46   0.017
9   47   0.05
9   48   0.002
9   49   0.043
9   50   0.052
9   51   0.073
9   52   0.023
9   53   0.102
9   54   0.149
9   55   0.027
9   56   0.161
9   57   0.05
9   58   0.1
9   59   0.023
9   60   0.126
9   61   0.06
9   62   0.089
9   63   0.074
9   64   0.106
9   65   0.086
9   66   0.033
9   67   0.104
9   68   0.022
9   69   0.018
9   70   0.119
9   71   0.082
9   72   0.079
9   73   0.044
9   74   0.021
9   75   0.18
9   76   0.018
9   77   0.045
9   78   0.049
9   80   0.025
9   81   0.039
9   82   0.026
9   83   0.092
10   11   0.052
10   12   0.016
10   13   0.014
10   14   0.086
10   15   0.03
10   16   0.003
10   17   0.036
10   18   0.071
10   19   0.027
10   20   0.037
10   21   0.044
10   22   0.148
10   23   0.04
10   24   0.009
10   25   0.018
10   26   0.006
10   27   0.056
10   28   0.034
10   29   0.018
10   30   0.009
10   31   0.006
10   32   0.047
10   33   0.207
10   34   0.082
10   35   0.112
10   36   0.02
10   37   0.077
10   38   0.164
10   39   0.071
10   40   0.027
10   41   0.016
10   42   0.19
10   43   0.051
10   44   0.09
10   45   0.073
10   46   0.133
10   47   0.094
10   48   0.015
10   49   0.032
10   50   0.074
10   51   0.02
10   52   0.17
10   53   0.093
10   54   0.057
10   55   0.181
10   56   0.045
10   57   0.111
10   58   0.088
10   59   0.168
10   60   0.069
10   61   0.122
10   62   0.057
10   63   0.13
10   64   0.046
10   65   0.033
10   66   0.114
10   67   0.184
10   68   0.063
10   69   0.205
10   70   0.082
10   71   0.077
10   72   0.157
10   73   0.086
10   74   0.068
10   75   0.153
10   76   0.126
10   77   0.04
10   78   0.092
10   79   0.042
10   80   0.005
10   81   0.015
10   82   0.041
10   83   0.149
11   12   0.104
11   13   0.003
11   14   0.064
11   15   0.058
11   16   0.22
11   17   0.016
11   18   0.063
11   19   0.011
11   20   0.067
11   21   0.031
11   22   0.003
11   23   0.216
11   24   0.014
11   25   0.072
11   26   0.146
11   27   0.129
11   28   0.022
11   29   0.086
11   30   0.132
11   31   0.013
11   32   0.044
11   33   0.067
11   34   0.191
11   35   0.052
11   36   0.069
11   37   0.142
11   38   0.024
11   39   0.038
11   40   0.035
11   41   0.093
11   42   0.158
11   43   0.096
11   44   0.163
11   45   0.047
11   46   0.08
11   47   0.019
11   48   0.079
11   49   0.037
11   50   0.104
11   51   0.116
11   52   0.004
11   53   0.143
11   54   0.083
11   55   0.063
11   56   0.154
11   57   0.138
11   58   0.175
11   59   0.034
11   60   0.013
11   61   0.004
11   62   0.134
11   63   0.009
11   64   0.049
11   65   0.047
11   67   0.005
11   68   0.041
11   69   0.015
11   70   0.067
11   71   0.151
11   72   0.012
11   73   0.015
11   74   0.125
11   75   0.02
11   76   0.133
11   77   0.003
11   78   0.013
11   79   0.032
11   80   0.075
11   81   0.031
11   82   0.092
11   83   0.015
12   13   0.064
12   14   0.102
12   15   0.077
12   16   0.034
12   17   0.004
12   18   0.007
12   19   0.11
12   20   0.199
12   21   0.036
12   22   0.084
12   23   0.066
12   24   0.016
12   25   0.067
12   26   0.014
12   27   0.044
12   28   0.111
12   29   0.039
12   30   0.062
12   31   0.056
12   32   0.02
12   33   0.025
12   34   0.078
12   35   0.078
12   36   0.113
12   37   0.122
12   38   0.051
12   39   0.171
12   40   0.285
12   41   0.121
12   42   0.005
12   43   0.084
12   44   0.057
12   45   0.053
12   46   0.019
12   47   0.011
12   48   0.086
12   49   0.047
12   50   0.042
12   51   0.012
12   52   0.004
12   53   0.091
12   55   0.108
12   56   0.041
12   57   0.037
12   58   0.068
12   59   0.134
12   60   0.054
12   61   0.081
12   62   0.037
12   63   0.123
12   64   0.084
12   65   0.078
12   66   0.002
12   67   0.036
12   68   0.004
12   69   0.088
12   70   0.007
12   71   0.242
12   72   0.005
12   73   0.01
12   74   0.015
12   75   0.072
12   76   0.069
12   77   0.185
12   78   0.013
12   79   0.014
12   80   0.055
12   81   0.068
12   82   0.127
12   83   0.012
13   14   0.041
13   15   0.109
13   16   0.09
13   17   0.014
13   18   0.05
13   19   0.046
13   20   0.011
13   21   0.087
13   22   0.02
13   23   0.163
13   24   0.057
13   25   0.083
13   26   0.018
13   27   0.053
13   28   0.077
13   29   0.009
13   30   0.026
13   31   0.028
13   32   0.182
13   33   0.095
13   34   0.132
13   35   0.102
13   36   0.041
13   37   0.082
13   38   0.021
13   39   0.035
13   40   0.075
13   41   0.08
13   42   0.22
13   43   0.056
13   44   0.081
13   45   0.042
13   46   0.137
13   47   0.028
13   48   0.17
13   49   0.111
13   50   0.073
13   51   0.022
13   52   0.034
13   53   0.093
13   54   0.171
13   55   0.01
13   56   0.092
13   57   0.019
13   58   0.084
13   59   0.164
13   60   0.013
13   61   0.05
13   62   0.058
13   63   0.163
13   64   0.039
13   65   0.172
13   66   0.026
13   67   0.021
13   68   0.016
13   69   0.001
13   70   0.115
13   71   0.145
13   72   0.032
13   73   0.044
13   74   0.035
13   75   0.058
13   76   0.131
13   77   0.065
13   78   0.038
13   79   0.088
13   80   0.056
13   81   0.14
13   82   0.124
13   83   0.036
14   15   0.069
14   16   0.127
14   17   0.109
14   18   0.045
14   19   0.013
14   20   0.02
14   21   0.054
14   22   0.001
14   23   0.109
14   24   0.096
14   25   0.08
14   26   0.068
14   27   0.082
14   28   0.094
14   29   0.042
14   30   0.047
14   32   0.2
14   33   0.029
14   34   0.082
14   35   0.16
14   36   0.151
14   37   0.06
14   38   0.184
14   39   0.06
14   40   0.148
14   41   0.104
14   42   0.167
14   43   0.098
14   44   0.104
14   45   0.115
14   46   0.076
14   47   0.006
14   48   0.045
14   49   0.154
14   50   0.032
14   51   0.094
14   52   0.006
14   53   0.153
14   54   0.03
14   55   0.112
14   56   0.051
14   57   0.013
14   58   0.032
14   59   0.047
14   60   0.014
14   61   0.228
14   62   0.137
14   63   0.029
14   64   0.122
14   65   0.169
14   66   0.134
14   67   0.025
14   68   0.082
14   69   0.041
14   70   0.08
14   71   0.1
14   72   0.029
14   73   0.005
14   74   0.064
14   75   0.01
14   76   0.14
14   77   0.027
14   78   0.107
14   79   0.122
14   80   0.093
14   81   0.01
14   82   0.03
14   83   0.162
15   16   0.137
15   17   0.015
15   18   0.091
15   19   0.001
15   20   0.017
15   21   0.013
15   22   0.054
15   23   0.141
15   24   0.035
15   25   0.06
15   26   0.036
15   27   0.078
15   28   0.141
15   29   0.145
15   30   0.221
15   31   0.065
15   32   0.199
15   33   0.214
15   34   0.065
15   35   0.059
15   36   0.053
15   37   0.119
15   38   0.093
15   39   0.058
15   40   0.038
15   41   0.178
15   42   0.134
15   43   0.099
15   44   0.156
15   45   0.127
15   46   0.089
15   47   0.046
15   48   0.046
15   49   0.087
15   50   0.018
15   51   0.101
15   52   0.047
15   53   0.128
15   54   0.057
15   55   0.033
15   56   0.094
15   57   0.04
15   58   0.114
15   59   0.115
15   60   0.022
15   61   0.223
15   62   0.046
15   63   0.01
15   64   0.077
15   65   0.069
15   66   0.078
15   67   0.147
15   68   0.085
15   69   0.016
15   70   0.062
15   71   0.034
15   72   0.04
15   73   0.089
15   74   0.005
15   75   0.114
15   76   0.038
15   77   0.053
15   78   0.001
15   79   0.115
15   81   0.054
15   82   0.152
15   83   0.212
16   17   0.005
16   18   0.037
16   19   0.227
16   20   0.087
16   21   0.087
16   22   0.072
16   23   0.072
16   24   0.08
16   25   0.067
16   26   0.074
16   27   0.108
16   28   0.164
16   29   0.006
16   30   0.041
16   31   0.047
16   32   0.145
16   33   0.02
16   34   0.016
16   35   0.068
16   36   0.046
16   37   0.015
16   38   0.019
16   39   0.112
16   40   0.066
16   41   0.111
16   42   0.076
16   43   0.013
16   44   0.007
16   45   0.013
16   46   0.067
16   47   0.069
16   48   0.03
16   49   0.228
16   50   0.105
16   51   0.116
16   52   0.099
16   53   0.173
16   54   0.008
16   55   0.026
16   56   0.018
16   57   0.034
16   58   0.063
16   59   0.069
16   60   0.068
16   61   0.025
16   62   0.024
16   63   0.013
16   64   0.008
16   65   0.124
16   66   0.075
16   67   0.063
16   68   0.102
16   69   0.012
16   70   0.104
16   71   0.056
16   72   0.001
16   73   0.056
16   74   0.013
16   75   0.079
16   76   0.029
16   77   0.073
16   78   0.088
16   79   0.101
16   81   0.106
16   82   0.034
16   83   0.062
17   18   0.066
17   19   0.185
17   20   0.045
17   21   0.283
17   22   0.163
17   23   0.126
17   24   0.172
17   25   0.103
17   26   0.047
17   27   0.054
17   28   0.011
17   29   0.032
17   30   0.083
17   31   0.023
17   32   0.019
17   33   0.071
17   34   0.013
17   35   0.062
17   36   0.016
17   37   0.036
17   38   0.097
17   39   0.022
17   40   0.108
17   41   0.133
17   42   0.171
17   43   0.004
17   44   0.131
17   45   0.008
17   46   0.072
17   47   0.165
17   48   0.089
17   49   0.036
17   50   0.193
17   51   0.01
17   53   0.173
17   55   0.149
17   56   0.135
17   57   0.164
17   58   0.166
17   59   0.127
17   60   0.105
17   61   0.066
17   62   0.117
17   63   0.075
17   64   0.03
17   65   0.19
17   66   0.112
17   67   0.081
17   69   0.038
17   70   0.024
17   71   0.181
17   72   0.192
17   73   0.102
17   74   0.055
17   75   0.095
17   76   0.094
17   77   0.09
17   78   0.056
17   79   0.005
17   80   0.046
17   82   0.154
17   83   0.006
18   19   0.107
18   20   0.017
18   21   0.068
18   22   0.023
18   23   0.016
18   24   0.135
18   25   0.02
18   26   0.021
18   27   0.182
18   28   0.035
18   29   0.142
18   30   0.031
18   31   0.082
18   32   0.043
18   33   0.009
18   34   0.06
18   35   0.095
18   36   0.06
18   37   0.027
18   38   0.059
18   39   0.04
18   40   0.038
18   41   0.001
18   42   0.082
18   43   0.051
18   44   0.014
18   45   0.034
18   46   0.017
18   47   0.125
18   48   0.074
18   49   0.027
18   50   0.024
18   51   0.021
18   53   0.074
18   54   0.165
18   55   0.094
18   56   0.179
18   57   0.036
18   58   0.095
18   59   0.002
18   60   0.005
18   61   0.048
18   62   0.104
18   63   0.052
18   64   0.07
18   65   0.146
18   66   0.005
18   67   0.019
18   69   0.181
18   70   0.147
18   71   0.159
18   72   0.121
18   73   0.038
18   74   0.084
18   75   0.01
18   76   0.004
18   77   0.053
18   78   0.137
18   79   0.037
18   81   0.101
18   82   0.05
18   83   0.103
19   20   0.042
19   21   0.236
19   22   0.005
19   23   0.113
19   25   0.032
19   26   0.12
19   27   0.128
19   28   0.092
19   29   0.111
19   30   0.018
19   31   0.001
19   32   0.05
19   33   0.06
19   34   0.156
19   35   0.065
19   36   0.083
19   37   0.009
19   38   0.129
19   39   0.042
19   40   0.013
19   41   0.005
19   42   0.096
19   43   0.003
19   44   0.052
19   45   0.004
19   46   0.017
19   47   0.006
19   48   0.077
19   49   0.018
19   50   0.055
19   51   0.105
19   52   0.015
19   53   0.008
19   54   0.134
19   55   0.033
19   56   0.141
19   57   0.056
19   58   0.139
19   59   0.138
19   60   0.062
19   61   0.047
19   62   0.082
19   63   0.017
19   64   0.051
19   65   0.027
19   66   0.074
19   68   0.077
19   69   0.081
19   70   0.019
19   71   0.072
19   72   0.106
19   73   0.027
19   74   0.006
19   75   0.124
19   76   0.004
19   77   0.008
19   78   0.034
19   79   0.102
19   80   0.098
19   81   0.036
19   82   0.054
19   83   0.072
20   21   0.082
20   22   0.147
20   23   0.276
20   24   0.012
20   25   0.016
20   26   0.031
20   27   0.127
20   28   0.14
20   29   0.084
20   30   0.032
20   31   0.087
20   32   0.108
20   33   0.18
20   34   0.066
20   35   0.08
20   36   0.022
20   37   0.115
20   38   0.062
20   39   0.028
20   40   0.148
20   41   0.09
20   42   0.107
20   43   0.01
20   44   0.037
20   45   0.116
20   46   0.171
20   47   0.135
20   48   0.015
20   49   0.087
20   50   0.011
20   51   0.073
20   52   0.005
20   53   0.052
20   54   0.079
20   55   0.147
20   56   0.07
20   57   0.063
20   58   0.036
20   59   0.054
20   60   0.062
20   61   0.092
20   62   0.031
20   63   0.039
20   64   0.007
20   65   0.06
20   66   0.045
20   67   0.055
20   68   0.031
20   69   0.068
20   70   0.024
20   71   0.122
20   72   0.006
20   73   0.11
20   74   0.029
20   75   0.165
20   76   0.044
20   77   0.073
20   78   0.017
20   79   0.057
20   80   0.032
20   81   0.047
20   82   0.032
20   83   0.165
21   22   0.016
21   23   0.215
21   24   0.058
21   25   0.003
21   26   0.09
21   27   0.202
21   28   0.037
21   29   0.107
21   30   0.039
21   31   0.172
21   32   0.068
21   33   0.072
21   34   0.134
21   35   0.045
21   36   0.012
21   37   0.064
21   38   0.079
21   39   0.076
21   40   0.044
21   41   0.094
21   42   0.091
21   43   0.085
21   44   0.067
21   45   0.018
21   46   0.063
21   47   0.001
21   48   0.01
21   49   0.017
21   50   0.01
21   51   0.133
21   52   0.019
21   53   0.045
21   54   0.021
21   55   0.083
21   56   0.057
21   57   0.067
21   58   0.006
21   59   0.01
21   60   0.098
21   61   0.02
21   62   0.122
21   63   0.003
21   64   0.036
21   65   0.058
21   66   0.045
21   67   0.051
21   68   0.097
21   69   0.017
21   70   0.041
21   71   0.033
21   72   0.035
21   73   0.032
21   74   0.16
21   75   0.023
21   76   0.044
21   77   0.08
21   78   0.103
21   79   0.003
21   81   0.192
21   82   0.048
21   83   0.148
22   23   0.251
22   24   0.058
22   25   0.057
22   26   0.032
22   27   0.026
22   28   0.012
22   29   0.144
22   30   0.063
22   31   0.044
22   32   0.051
22   33   0.125
22   34   0.021
22   35   0.095
22   36   0.029
22   37   0.021
22   38   0.075
22   39   0.069
22   40   0.039
22   41   0.025
22   42   0.045
22   43   0.099
22   44   0.015
22   45   0.054
22   46   0.126
22   47   0.088
22   48   0.096
22   49   0.083
22   50   0.045
22   51   0.044
22   52   0.057
22   53   0.187
22   54   0.075
22   55   0.007
22   56   0.083
22   57   0.06
22   58   0.129
22   59   0.001
22   60   0.034
22   62   0.052
22   63   0.038
22   64   0.156
22   65   0.016
22   66   0.007
22   67   0.002
22   68   0.024
22   69   0.061
22   70   0.008
22   71   0.005
22   72   0.056
22   73   0.06
22   74   0.007
22   75   0.063
22   76   0.007
22   77   0.069
22   78   0.017
22   79   0.035
22   80   0.145
22   81   0.083
22   82   0.049
22   83   0.098
23   24   0.004
23   25   0.068
23   26   0.032
23   27   0.072
23   28   0.201
23   29   0.169
23   30   0.092
23   31   0.081
23   32   0.143
23   33   0.184
23   34   0.033
23   35   0.184
23   36   0.021
23   37   0.096
23   38   0.08
23   39   0.122
23   40   0.177
23   41   0.014
23   42   0.1
23   43   0.154
23   44   0.044
23   45   0.04
23   46   0.062
23   47   0.033
23   48   0.076
23   49   0.002
23   50   0.009
23   51   0.117
23   52   0.015
23   53   0.201
23   54   0.084
23   55   0.111
23   56   0.065
23   57   0.073
23   58   0.15
23   59   0.071
23   60   0.156
23   61   0.04
23   62   0.011
23   63   0.029
23   64   0.058
23   65   0.073
23   66   0.053
23   67   0.021
23   68   0.092
23   69   0.136
23   70   0.07
23   71   0.15
23   72   0.019
23   73   0.097
23   74   0.018
23   75   0.095
23   76   0.035
23   77   0.059
23   78   0.007
23   79   0.117
23   80   0.027
23   81   0.013
23   82   0.035
23   83   0.1
24   25   0.081
24   26   0.021
24   27   0.005
24   28   0.039
24   29   0.036
24   30   0.016
24   31   0.044
24   32   0.096
24   33   0.143
24   34   0.178
24   35   0.119
24   36   0.057
24   37   0.039
24   38   0.142
24   39   0.182
24   40   0.096
24   41   0.145
24   42   0.008
24   43   0.072
24   44   0.066
24   45   0.022
24   46   0.163
24   47   0.145
24   48   0.111
24   49   0.045
24   50   0.038
24   51   0.024
24   52   0.082
24   53   0.074
24   54   0.075
24   55   0.109
24   56   0.098
24   57   0.021
24   58   0.021
24   59   0.116
24   60   0.008
24   61   0.069
24   62   0.084
24   63   0.141
24   64   0.077
24   65   0.008
24   66   0.027
24   67   0.011
24   69   0.173
24   70   0.007
24   71   0.02
24   72   0.1
24   73   0.014
24   74   0.035
24   75   0.018
24   76   0.099
24   77   0.058
24   78   0.069
24   79   0.068
24   80   0.166
24   82   0.041
24   83   0.043
25   26   0.059
25   27   0.11
25   28   0.001
25   29   0.039
25   30   0.077
25   31   0.084
25   32   0.05
25   33   0.093
25   34   0.024
25   35   0.151
25   36   0.031
25   37   0.077
25   38   0.01
25   39   0.075
25   40   0.034
25   41   0.059
25   42   0.061
25   43   0.069
25   44   0.027
25   45   0.044
25   46   0.122
25   48   0.023
25   49   0.116
25   50   0.052
25   51   0.044
25   52   0.046
25   53   0.052
25   54   0.049
25   55   0.06
25   56   0.157
25   57   0.023
25   58   0.087
25   59   0.081
25   60   0.01
25   61   0.033
25   62   0.104
25   63   0.029
25   64   0.061
25   65   0.081
25   66   0.025
25   67   0.003
25   68   0.074
25   69   0.023
25   70   0.035
25   71   0.082
25   72   0.113
25   73   0.03
25   74   0.07
25   75   0.04
25   76   0.118
25   77   0.095
25   78   0.033
25   79   0.024
25   80   0.079
25   81   0.115
25   82   0.153
25   83   0.027
26   27   0.134
26   28   0.015
26   29   0.067
26   30   0.001
26   31   0.041
26   32   0.018
26   33   0.043
26   34   0.05
26   35   0.086
26   36   0.017
26   37   0.012
26   38   0.135
26   39   0.007
26   40   0.081
26   41   0.119
26   42   0.033
26   43   0.054
26   44   0.02
26   45   0.085
26   46   0.022
26   47   0.025
26   48   0.085
26   49   0.151
26   50   0.127
26   51   0.1
26   52   0.036
26   53   0.264
26   54   0.001
26   55   0.079
26   56   0.037
26   57   0.014
26   58   0.138
26   59   0.014
26   60   0.024
26   61   0.061
26   62   0.029
26   63   0.068
26   64   0.121
26   65   0.196
26   66   0.022
26   67   0.036
26   68   0.018
26   69   0.057
26   70   0.002
26   71   0.004
26   72   0.04
26   73   0.08
26   74   0.128
26   75   0.001
26   76   0.016
26   77   0.223
26   78   0.046
26   79   0.171
26   80   0.013
26   81   0.038
26   82   0.152
26   83   0.062
27   28   0.086
27   29   0.066
27   30   0.066
27   31   0.029
27   32   0.037
27   33   0.04
27   34   0.195
27   35   0.139
27   36   0.086
27   37   0.171
27   38   0.166
27   39   0.113
27   40   0.039
27   41   0.045
27   42   0.077
27   43   0.075
27   44   0.184
27   45   0.073
27   46   0.098
27   47   0.011
27   48   0.238
27   49   0.013
27   50   0.096
27   51   0.014
27   52   0.007
27   53   0.009
27   54   0.147
27   55   0.105
27   56   0.011
27   57   0.074
27   58   0.184
27   59   0.013
27   60   0.104
27   61   0.048
27   62   0.13
27   63   0.082
27   64   0.155
27   65   0.087
27   67   0.034
27   68   0.015
27   69   0.061
27   70   0.097
27   71   0.034
27   72   0.141
27   73   0.162
27   74   0.147
27   75   0.015
27   76   0.065
27   77   0.145
27   78   0.075
27   79   0.191
27   80   0.036
27   81   0.028
27   82   0.029
27   83   0.057
28   29   0.004
28   30   0.028
28   31   0.009
28   32   0.03
28   33   0.149
28   34   0.004
28   35   0.052
28   36   0.066
28   37   0.035
28   38   0.109
28   39   0.033
28   40   0.063
28   41   0.144
28   42   0.116
28   43   0.113
28   44   0.025
28   45   0.049
28   46   0.058
28   47   0.19
28   48   0.035
28   49   0.016
28   50   0.024
28   51   0.17
28   52   0.076
28   53   0.092
28   54   0.135
28   55   0.058
28   56   0.252
28   57   0.055
28   58   0.054
28   59   0.137
28   60   0.086
28   61   0.123
28   62   0.105
28   63   0.024
28   64   0.072
28   65   0.12
28   66   0.113
28   67   0.031
28   68   0.197
28   69   0.17
28   70   0.101
28   71   0.149
28   72   0.027
28   73   0.043
28   74   0.013
28   75   0.119
28   76   0.048
28   77   0.072
28   78   0.007
28   79   0.007
28   80   0.12
28   81   0.04
28   82   0.07
28   83   0.07
29   30   0.066
29   31   0.124
29   32   0.066
29   33   0.079
29   34   0.043
29   35   0.073
29   36   0.025
29   37   0.108
29   38   0.043
29   39   0.018
29   40   0.127
29   41   0.036
29   42   0.014
29   43   0.087
29   44   0.05
29   45   0.099
29   46   0.062
29   47   0.05
29   48   0.025
29   49   0.025
29   50   0.036
29   51   0.1
29   52   0.075
29   53   0.04
29   54   0.127
29   55   0.045
29   56   0.033
29   57   0.069
29   58   0.075
29   59   0.055
29   60   0.124
29   61   0.088
29   62   0.043
29   63   0.024
29   64   0.014
29   65   0.039
29   66   0.098
29   67   0.159
29   68   0.058
29   69   0.04
29   70   0.045
29   71   0.16
29   72   0.089
29   73   0.006
29   74   0.013
29   75   0.122
29   76   0.052
29   77   0.1
29   78   0.115
29   79   0.015
29   80   0.261
29   81   0.164
29   82   0.036
29   83   0.137
30   31   0.053
30   32   0.032
30   33   0.065
30   34   0.141
30   35   0.128
30   36   0.121
30   37   0.029
30   38   0.099
30   39   0.005
30   40   0.016
30   41   0.117
30   42   0.214
30   43   0.11
30   44   0.012
30   45   0.132
30   46   0.095
30   48   0.037
30   49   0.186
30   50   0.062
30   51   0.151
30   52   0.166
30   53   0.088
30   54   0.045
30   55   0.166
30   56   0.125
30   57   0.097
30   58   0.036
30   59   0.059
30   60   0.18
30   61   0.024
30   62   0.03
30   63   0.135
30   64   0.022
30   65   0.023
30   66   0.051
30   67   0.085
30   69   0.074
30   70   0.002
30   71   0.001
30   72   0.082
30   73   0.059
30   74   0.093
30   75   0.03
30   76   0.038
30   77   0.166
30   78   0.135
30   79   0.079
30   80   0.055
30   82   0.113
30   83   0.049
31   32   0.007
31   33   0.027
31   34   0.125
31   35   0.077
31   36   0.08
31   37   0.067
31   38   0.121
31   39   0.135
31   40   0.057
31   41   0.145
31   42   0.048
31   43   0.057
31   44   0.036
31   45   0.108
31   46   0.03
31   47   0.04
31   48   0.045
31   49   0.032
31   50   0.043
31   52   0.085
31   53   0.076
31   54   0.069
31   55   0.137
31   56   0.112
31   57   0.045
31   58   0.024
31   59   0.148
31   60   0.068
31   61   0.102
31   62   0.016
31   63   0.085
31   64   0.025
31   66   0.005
31   68   0.05
31   69   0.107
31   70   0.055
31   71   0.155
31   72   0.002
31   73   0.187
31   74   0.027
31   75   0.074
31   76   0.074
31   77   0.021
31   78   0.054
31   79   0.035
31   80   0.012
31   82   0.029
31   83   0.125
32   33   0.038
32   34   0.098
32   35   0.049
32   36   0.129
32   37   0.019
32   39   0.099
32   40   0.072
32   41   0.06
32   42   0.11
32   43   0.007
32   44   0.022
32   45   0.091
32   46   0.025
32   47   0.055
32   49   0.09
32   50   0.057
32   51   0.053
32   52   0.048
32   54   0.122
32   55   0.072
32   56   0.025
32   57   0.06
32   58   0.055
32   59   0.045
32   60   0.108
32   62   0.041
32   63   0.004
32   64   0.091
32   65   0.011
32   67   0.021
32   68   0.033
32   69   0.224
32   70   0.108
32   71   0.196
32   72   0.013
32   73   0.145
32   74   0.041
32   75   0.169
32   76   0.014
32   77   0.004
32   78   0.094
32   80   0.125
32   81   0.042
32   82   0.036
32   83   0.043
33   34   0.008
33   35   0.045
33   36   0.002
33   37   0.199
33   38   0.191
33   39   0.05
33   40   0.089
33   41   0.196
33   42   0.062
33   43   0.154
33   44   0.211
33   45   0.142
33   46   0.188
33   47   0.057
33   48   0.219
33   49   0.037
33   50   0.015
33   51   0.058
33   52   0.006
33   53   0.123
33   54   0.151
33   55   0.056
33   56   0.227
33   57   0.003
33   58   0.107
33   59   0.115
33   60   0.168
33   61   0.185
33   62   0.137
33   63   0.055
33   64   0.089
33   65   0.026
33   66   0.153
33   67   0.045
33   68   0.039
33   69   0.054
33   70   0.176
33   71   0.162
33   72   0.01
33   73   0.115
33   74   0.066
33   75   0.082
33   76   0.087
33   77   0.044
33   78   0.021
33   79   0.089
33   80   0.135
33   81   0.039
33   82   0.184
33   83   0.158
34   35   0.142
34   36   0.022
34   37   0.179
34   38   0.007
34   39   0.011
34   40   0.072
34   41   0.04
34   42   0.024
34   43   0.14
34   44   0.125
34   45   0.001
34   46   0.077
34   47   0.006
34   48   0.123
34   49   0.007
34   50   0.065
34   51   0.179
34   52   0.089
34   53   0.13
34   54   0.09
34   55   0.097
34   56   0.097
34   57   0.124
34   58   0.013
34   59   0.111
34   60   0.074
34   61   0.027
34   62   0.11
34   63   0.007
34   64   0.04
34   65   0.002
34   66   0.083
34   67   0.012
34   68   0.11
34   69   0.128
34   70   0.124
34   71   0.189
34   72   0.109
34   73   0.131
34   74   0.007
34   75   0.129
34   76   0.007
34   77   0.132
34   78   0.011
34   79   0.107
34   80   0.166
34   81   0.185
34   82   0.136
34   83   0.035
35   36   0.013
35   37   0.162
35   38   0.048
35   39   0.014
35   40   0.01
35   41   0.044
35   42   0.101
35   43   0.168
35   44   0.07
35   45   0.088
35   46   0.083
35   47   0.026
35   48   0.046
35   49   0.073
35   50   0.007
35   51   0.119
35   52   0.027
35   53   0.058
35   54   0.148
35   55   0.103
35   56   0.179
35   57   0.015
35   58   0.144
35   59   0.007
35   60   0.111
35   61   0.074
35   62   0.095
35   63   0.018
35   64   0.083
35   65   0.111
35   66   0.176
35   67   0.037
35   68   0.045
35   69   0.112
35   70   0.168
35   71   0.148
35   72   0.057
35   73   0.065
35   74   0.05
35   75   0.147
35   76   0.009
35   77   0.015
35   78   0.062
35   79   0.084
35   80   0.099
35   81   0.046
35   82   0.124
35   83   0.009
36   37   0.055
36   38   0.004
36   39   0.068
36   40   0.055
36   41   0.005
36   42   0.206
36   43   0.065
36   44   0.11
36   45   0.125
36   46   0.209
36   47   0.017
36   48   0.031
36   49   0.08
36   50   0.129
36   51   0.173
36   52   0.029
36   53   0.157
36   54   0.102
36   55   0.085
36   56   0.091
36   57   0.069
36   58   0.083
36   59   0.056
36   60   0.055
36   61   0.043
36   62   0.185
36   63   0.102
36   64   0.021
36   65   0.174
36   66   0.14
36   67   0.071
36   68   0.045
36   69   0.062
36   70   0.154
36   71   0.171
36   72   0.011
36   73   0.1
36   74   0.09
36   75   0.21
36   76   0.018
36   77   0.089
36   78   0.12
36   79   0.101
36   80   0.036
36   81   0.004
36   82   0.127
36   83   0.106
37   38   0.074
37   39   0.125
37   40   0.062
37   41   0.049
37   42   0.102
37   43   0.109
37   44   0.144
37   45   0.083
37   46   0.07
37   47   0.102
37   48   0.015
37   49   0.022
37   50   0.065
37   51   0.098
37   52   0.014
37   53   0.02
37   54   0.133
37   55   0.009
37   56   0.218
37   57   0.097
37   58   0.069
37   59   0.003
37   60   0.065
37   61   0.069
37   62   0.046
37   63   0.221
37   64   0.057
37   65   0.085
37   66   0.099
37   67   0.033
37   68   0.085
37   69   0.124
37   70   0.149
37   71   0.098
37   72   0.065
37   73   0.06
37   74   0.061
37   75   0.188
37   76   0.005
37   77   0.015
37   78   0.017
37   79   0.033
37   80   0.234
37   81   0.181
37   82   0.079
37   83   0.168
38   39   0.044
38   40   0.02
38   41   0.069
38   42   0.081
38   43   0.089
38   44   0.133
38   45   0.006
38   46   0.101
38   47   0.115
38   48   0.041
38   49   0.075
38   50   0.042
38   51   0.072
38   52   0.14
38   53   0.045
38   54   0.083
38   55   0.146
38   56   0.083
38   57   0.121
38   58   0.006
38   59   0.187
38   60   0.121
38   61   0.095
38   62   0.017
38   63   0.056
38   64   0.058
38   65   0.166
38   66   0.115
38   67   0.026
38   68   0.017
38   69   0.118
38   70   0.063
38   71   0.183
38   72   0.152
38   73   0.002
38   74   0.001
38   75   0.204
38   76   0.028
38   77   0.038
38   78   0.046
38   79   0.032
38   80   0.083
38   81   0.183
38   83   0.019
39   40   0.125
39   41   0.087
39   42   0.127
39   43   0.111
39   44   0.027
39   45   0.027
39   46   0.084
39   47   0.041
39   48   0.036
39   49   0.023
39   50   0.008
39   51   0.082
39   52   0.145
39   53   0.012
39   54   0.002
39   55   0.095
39   56   0.011
39   57   0.04
39   58   0.046
39   59   0.158
39   60   0.122
39   61   0.168
39   62   0.001
39   63   0.1
39   64   0.139
39   65   0.048
39   66   0.034
39   67   0.117
39   68   0.217
39   69   0.081
39   70   0.08
39   71   0.187
39   72   0.124
39   73   0.036
39   74   0.097
39   75   0.096
39   76   0.003
39   77   0.001
39   78   0.055
39   79   0.035
39   80   0.109
39   81   0.04
39   82   0.177
39   83   0.004
40   41   0.058
40   42   0.072
40   43   0.013
40   44   0.124
40   45   0.075
40   46   0.053
40   47   0.038
40   48   0.154
40   49   0.133
40   50   0.091
40   51   0.075
40   52   0.102
40   53   0.106
40   54   0.01
40   55   0.114
40   56   0.077
40   57   0.071
40   58   0.06
40   59   0.152
40   60   0.019
40   61   0.168
40   62   0.02
40   63   0.086
40   64   0.1
40   65   0.089
40   66   0.146
40   67   0.082
40   68   0.021
40   69   0.125
40   70   0.025
40   71   0.18
40   72   0.011
40   73   0.017
40   74   0.097
40   75   0.022
40   76   0.014
40   77   0.025
40   78   0.066
40   80   0.077
40   81   0.076
40   82   0.076
40   83   0.01
41   42   0.071
41   43   0.049
41   44   0.045
41   45   0.158
41   46   0.013
41   47   0.16
41   48   0.035
41   49   0.046
41   50   0.085
41   51   0.143
41   53   0.207
41   54   0.095
41   55   0.087
41   56   0.045
41   57   0.089
41   58   0.043
41   59   0.058
41   60   0.046
41   61   0.117
41   62   0.029
41   63   0.01
41   64   0.015
41   65   0.025
41   66   0.021
41   67   0.011
41   68   0.079
41   70   0.146
41   71   0.052
41   72   0.095
41   73   0.023
41   74   0.063
41   75   0.149
41   76   0.018
41   77   0.007
41   78   0.057
41   79   0.062
41   80   0.014
41   81   0.13
41   82   0.107
41   83   0.051
42   43   0.051
42   44   0.182
42   45   0.031
42   46   0.104
42   47   0.043
42   48   0.112
42   49   0.065
42   50   0.051
42   51   0.016
42   52   0.044
42   53   0.12
42   54   0.208
42   55   0.041
42   56   0.043
42   57   0.003
42   58   0.178
42   59   0.022
42   60   0.12
42   61   0.167
42   62   0.056
42   63   0.08
42   64   0.012
42   65   0.025
42   66   0.015
42   67   0.051
42   68   0.124
42   69   0.025
42   70   0.013
42   71   0.111
42   72   0.014
42   73   0.099
42   74   0.15
42   75   0.039
42   76   0.064
42   77   0.164
42   78   0.028
42   79   0.019
42   80   0.257
42   81   0.005
42   82   0.189
42   83   0.137
43   44   0.17
43   45   0.01
43   46   0.049
43   47   0.112
43   48   0.068
43   49   0.074
43   50   0.048
43   51   0.025
43   52   0.081
43   53   0.07
43   54   0.064
43   55   0.136
43   56   0.196
43   57   0.023
43   58   0.068
43   59   0.042
43   60   0.127
43   61   0.035
43   62   0.105
43   63   0.123
43   64   0.073
43   65   0.063
43   66   0.051
43   67   0.003
43   68   0.165
43   69   0.071
43   71   0.016
43   72   0.086
43   73   0.085
43   74   0.073
43   75   0.012
43   76   0.108
43   77   0.004
43   78   0.098
43   79   0.046
43   80   0.048
43   81   0.039
43   82   0.102
43   83   0.03
44   45   0.071
44   46   0.122
44   47   0.069
44   48   0.026
44   49   0.046
44   50   0.05
44   51   0.002
44   52   0.06
44   53   0.085
44   54   0.013
44   55   0.097
44   56   0.033
44   57   0.012
44   58   0.106
44   59   0.056
44   60   0.006
44   61   0.058
44   62   0.041
44   63   0.072
44   64   0.113
44   65   0.06
44   66   0.075
44   67   0.073
44   68   0.077
44   69   0.112
44   70   0.022
44   71   0.057
44   72   0.166
44   73   0.169
44   74   0.185
44   75   0.038
44   76   0.143
44   77   0.038
44   78   0.026
44   79   0.071
44   80   0.06
44   81   0.042
44   82   0.023
44   83   0.06
45   46   0.033
45   47   0.09
45   48   0.14
45   49   0.111
45   50   0.04
45   51   0.026
45   52   0.064
45   53   0.007
45   54   0.039
45   55   0.059
45   56   0.074
45   57   0.053
45   58   0.084
45   59   0.099
45   60   0.027
45   61   0.195
45   62   0.092
45   63   0.13
45   64   0.003
45   65   0.062
45   66   0.097
45   67   0.004
45   68   0.03
45   69   0.081
45   70   0.001
45   71   0.046
45   72   0.138
45   73   0.036
45   74   0.036
45   75   0.001
45   76   0.045
45   77   0.029
45   78   0.058
45   79   0.02
45   80   0.004
45   81   0.007
45   82   0.019
45   83   0.013
46   47   0.124
46   48   0.069
46   49   0.033
46   50   0.196
46   51   0.066
46   52   0.071
46   53   0.124
46   54   0.03
46   55   0.025
46   56   0.199
46   57   0.085
46   58   0.064
46   59   0.087
46   60   0.015
46   61   0.085
46   62   0.022
46   63   0.118
46   64   0.035
46   65   0.088
46   66   0.053
46   67   0.048
46   68   0.133
46   69   0.016
46   70   0.032
46   71   0.085
46   72   0.074
46   73   0.111
46   74   0.058
46   75   0.11
46   77   0.044
46   78   0.15
46   79   0.029
46   80   0.048
46   81   0.07
46   82   0.045
46   83   0.045
47   48   0.036
47   49   0.05
47   50   0.012
47   51   0.011
47   52   0.09
47   53   0.093
47   54   0.015
47   55   0.064
47   56   0.126
47   57   0.037
47   58   0.152
47   59   0.108
47   60   0.013
47   61   0.031
47   62   0.119
47   63   0.014
47   64   0.056
47   65   0.131
47   66   0.094
47   67   0.107
47   68   0.13
47   69   0.149
47   70   0.027
47   71   0.027
47   72   0.092
47   73   0.08
47   74   0.046
47   75   0.011
47   76   0.094
47   77   0.153
47   78   0.067
47   79   0.128
47   80   0.039
47   81   0.002
47   82   0.035
47   83   0.001
48   49   0.159
48   50   0.09
48   51   0.091
48   52   0.134
48   53   0.123
48   54   0.004
48   55   0.054
48   56   0.021
48   57   0.116
48   58   0.059
48   59   0.092
48   60   0.071
48   61   0.032
48   62   0.005
48   63   0.036
48   64   0.085
48   65   0.058
48   66   0.107
48   67   0.127
48   68   0.052
48   69   0.096
48   70   0.133
48   71   0.01
48   72   0.126
48   73   0.064
48   74   0.095
48   75   0.048
48   76   0.034
48   77   0.098
48   78   0.245
48   79   0.055
48   80   0.038
48   82   0.058
48   83   0.035
49   50   0.014
49   51   0.146
49   52   0.008
49   53   0.02
49   54   0.02
49   55   0.048
49   56   0.046
49   57   0.071
49   58   0.006
49   59   0.061
49   60   0.004
49   61   0.064
49   62   0.153
49   63   0.032
49   64   0.092
49   65   0.158
49   66   0.229
49   67   0.056
49   68   0.001
49   69   0.114
49   70   0.07
49   71   0.184
49   72   0.018
49   73   0.076
49   74   0.126
49   75   0.147
49   76   0.004
49   77   0.004
49   78   0.193
49   79   0.068
49   80   0.023
49   81   0.07
49   82   0.008
49   83   0.061
50   51   0.049
50   52   0.067
50   53   0.097
50   54   0.007
50   55   0.048
50   56   0.1
50   57   0.039
50   58   0.011
50   59   0.03
50   60   0.127
50   61   0.028
50   62   0.115
50   63   0.142
50   64   0.054
50   65   0.079
50   66   0.09
50   67   0.031
50   68   0.053
50   69   0.081
50   70   0.008
50   71   0.136
50   72   0.054
50   73   0.116
50   74   0.011
50   75   0.001
50   76   0.005
50   77   0.026
50   78   0.054
50   79   0.045
50   80   0.111
50   81   0.122
50   82   0.043
50   83   0.027
51   52   0.037
51   53   0.095
51   54   0.013
51   55   0.059
51   56   0.015
51   57   0.031
51   58   0.053
51   59   0.142
51   60   0.036
51   61   0.171
51   62   0.029
51   63   0.11
51   64   0.083
51   65   0.006
51   66   0.132
51   67   0.006
51   68   0.026
51   69   0.111
51   70   0.148
51   71   0.093
51   72   0.102
51   73   0.084
51   74   0.004
51   75   0.023
51   76   0.193
51   77   0.007
51   78   0.11
51   79   0.091
51   80   0.116
51   81   0.041
51   82   0.123
51   83   0.116
52   53   0.067
52   54   0.009
52   55   0.069
52   56   0.037
52   57   0.011
52   58   0.01
52   59   0.077
52   60   0.039
52   61   0.118
52   62   0.015
52   63   0.085
52   64   0.084
52   65   0.084
52   66   0.088
52   67   0.044
52   68   0.087
52   69   0.024
52   70   0.107
52   71   0.112
52   72   0.037
52   74   0.041
52   75   0.13
52   76   0.046
52   77   0.074
52   78   0.018
52   79   0.037
52   80   0.108
52   81   0.023
52   82   0.015
52   83   0.066
53   54   0.135
53   55   0.149
53   56   0.127
53   57   0.039
53   58   0.161
53   59   0.042
53   60   0.243
53   61   0.025
53   62   0.081
53   63   0.022
53   64   0.048
53   65   0.031
53   66   0.11
53   67   0.094
53   68   0.09
53   69   0.069
53   70   0.081
53   71   0.042
53   72   0.028
53   73   0.097
53   74   0.012
53   75   0.131
53   76   0.055
53   77   0.05
53   78   0.037
53   79   0.075
53   80   0.1
53   81   0.115
53   82   0.082
53   83   0.076
54   55   0.071
54   56   0.111
54   57   0.04
54   58   0.015
54   59   0.081
54   60   0.098
54   61   0.042
54   62   0.253
54   63   0.304
54   64   0.161
54   65   0.159
54   66   0.099
54   67   0.08
54   68   0.088
54   69   0.011
54   70   0.088
54   71   0.074
54   72   0.043
54   73   0.069
54   74   0.026
54   75   0.022
54   76   0.099
54   77   0.074
54   78   0.044
54   79   0.059
54   80   0.04
54   81   0.091
54   82   0.018
54   83   0.036
55   56   0.132
55   57   0.038
55   58   0.092
55   59   0.073
55   60   0.027
55   61   0.101
55   62   0.003
55   63   0.031
55   64   0.049
55   65   0.004
55   66   0.033
55   67   0.153
55   68   0.062
55   69   0.092
55   70   0.167
55   71   0.076
55   72   0.029
55   73   0.018
55   74   0.01
55   75   0.083
55   76   0.027
55   77   0.11
55   78   0.017
55   79   0.128
55   80   0.094
55   81   0.149
55   82   0.094
55   83   0.061
56   57   0.124
56   58   0.078
56   59   0.024
56   60   0.054
56   61   0.192
56   62   0.021
56   63   0.109
56   64   0.064
56   65   0.111
56   66   0.209
56   67   0.003
56   68   0.096
56   69   0.067
56   70   0.026
56   71   0.044
56   72   0.072
56   73   0.001
56   74   0.139
56   75   0.079
56   76   0.057
56   77   0.038
56   78   0.071
56   79   0.08
56   80   0.053
56   81   0.097
56   82   0.048
56   83   0.06
57   58   0.131
57   59   0.162
57   60   0.043
57   61   0.05
57   62   0.025
57   63   0.078
57   64   0.067
57   65   0.001
57   66   0.08
57   67   0.174
57   68   0.101
57   69   0.019
57   70   0.026
57   71   0.065
57   72   0.126
57   73   0.049
57   74   0.051
57   75   0.019
57   76   0.078
57   77   0.043
57   78   0.066
57   79   0.002
57   80   0.093
57   81   0.053
57   82   0.063
57   83   0.061
58   59   0.047
58   60   0.01
58   61   0.146
58   62   0.167
58   63   0.112
58   64   0.03
58   65   0.002
58   66   0.061
58   67   0.08
58   68   0.019
58   69   0.023
58   70   0.127
58   71   0.038
58   72   0.179
58   73   0.097
58   74   0.049
58   75   0.03
58   76   0.003
58   77   0.028
58   78   0.034
58   79   0.107
58   80   0.112
58   81   0.013
58   82   0.068
58   83   0.129
59   60   0.084
59   61   0.077
59   62   0.06
59   63   0.016
59   64   0.045
59   65   0.104
59   66   0.099
59   67   0.006
59   68   0.095
59   69   0.127
59   70   0.046
59   71   0.036
59   72   0.152
59   74   0.068
59   75   0.035
59   76   0.064
59   77   0.008
59   78   0.039
59   79   0.008
59   80   0.084
59   81   0.014
59   82   0.227
59   83   0.004
60   61   0.054
60   62   0.008
60   63   0.137
60   64   0.026
60   65   0.011
60   66   0.112
60   67   0.12
60   68   0.006
60   69   0.048
60   70   0.093
60   71   0.061
60   72   0.058
60   73   0.157
60   74   0.062
60   75   0.076
60   76   0.048
60   77   0.002
60   78   0.001
60   79   0.024
60   80   0.288
60   81   0.009
60   82   0.058
60   83   0.105
61   62   0.11
61   63   0.079
61   64   0.032
61   65   0.076
61   66   0.003
61   67   0.054
61   68   0.005
61   69   0.09
61   70   0.013
61   71   0.15
61   72   0.079
61   73   0.012
61   74   0.05
61   75   0.017
61   76   0.023
61   77   0.088
61   78   0.073
61   79   0.19
61   80   0.066
61   81   0.066
61   82   0.054
61   83   0.075
62   63   0.065
62   64   0.047
62   65   0.086
62   66   0.172
62   67   0.095
62   68   0.101
62   69   0.028
62   70   0.051
62   71   0.023
62   72   0.066
62   73   0.037
62   74   0.057
62   75   0.03
62   76   0.063
62   77   0.057
62   78   0.084
62   79   0.044
62   80   0.041
62   81   0.045
62   82   0.094
62   83   0.085
63   64   0.032
63   65   0.079
63   66   0.133
63   67   0.205
63   68   0.054
63   69   0.083
63   70   0.012
63   71   0.061
63   72   0.097
63   73   0.019
63   74   0.046
63   75   0.025
63   76   0.016
63   77   0.092
63   78   0.034
63   79   0.072
63   80   0.025
63   81   0.111
63   82   0.063
63   83   0.01
64   65   0.129
64   66   0.1
64   67   0.064
64   68   0.076
64   69   0.013
64   70   0.117
64   71   0.026
64   72   0.086
64   73   0.037
64   74   0.032
64   75   0.049
64   76   0.098
64   77   0.004
64   78   0.103
64   79   0.055
64   81   0.041
64   82   0.05
64   83   0.11
65   66   0.159
65   67   0.065
65   68   0.019
65   69   0.102
65   70   0.029
65   71   0.104
65   72   0.198
65   73   0.108
65   74   0.015
65   75   0.14
65   76   0.147
65   77   0.112
65   78   0.065
65   79   0.035
65   80   0.149
65   81   0.003
65   82   0.053
65   83   0.096
66   67   0.038
66   68   0.113
66   69   0.035
66   70   0.107
66   71   0.158
66   72   0.047
66   73   0.191
66   74   0.01
66   75   0.079
66   76   0.089
66   77   0.14
66   78   0.148
66   79   0.052
66   80   0.112
66   81   0.009
66   82   0.144
66   83   0.132
67   68   0.086
67   69   0.244
67   70   0.113
67   71   0.232
67   72   0.171
67   73   0.104
67   74   0.112
67   75   0.112
67   76   0.173
67   77   0.059
67   78   0.115
67   79   0.04
67   80   0.02
67   81   0.067
67   82   0.164
67   83   0.204
68   69   0.077
68   70   0.07
68   71   0.02
68   72   0.005
68   74   0.042
68   75   0.053
68   76   0.026
68   77   0.046
68   78   0.021
68   79   0.082
68   80   0.156
68   81   0.059
68   82   0.065
68   83   0.045
69   70   0.086
69   71   0.017
69   72   0.053
69   73   0.064
69   74   0.044
69   75   0.002
69   76   0.024
69   77   0.093
69   78   0.02
69   79   0.172
69   80   0.025
69   81   0.008
69   82   0.063
69   83   0.014
70   71   0.048
70   72   0.056
70   73   0.044
70   74   0.024
70   75   0.025
70   76   0.068
70   77   0.055
70   78   0.036
70   79   0.141
70   80   0.079
70   81   0.065
70   82   0.06
70   83   0.007
71   72   0.058
71   73   0.082
71   74   0.117
71   75   0.01
71   76   0.033
71   77   0.035
71   78   0.215
71   79   0.08
71   80   0.036
71   81   0.073
71   82   0.178
71   83   0.012
72   73   0.103
72   74   0.071
72   75   0.065
72   76   0.048
72   77   0.045
72   78   0.01
72   79   0.042
72   80   0.051
72   81   0.093
72   82   0.004
72   83   0.051
73   74   0.081
73   75   0.009
73   76   0.103
73   77   0.058
73   78   0.166
73   79   0.141
73   80   0.089
73   81   0.165
73   82   0.042
73   83   0.094
74   75   0.121
74   76   0.157
74   77   0.062
74   78   0.059
74   79   0.034
74   80   0.084
74   81   0.012
74   82   0.038
74   83   0.027
75   76   0.014
75   77   0.021
75   78   0.082
75   79   0.092
75   80   0.022
75   81   0.121
75   82   0.126
75   83   0.107
76   77   0.029
76   78   0.059
76   79   0.022
76   80   0.164
76   81   0.004
76   82   0.047
76   83   0.021
77   78   0.089
77   79   0.03
77   80   0.037
77   81   0.035
77   82   0.03
77   83   0.054
78   79   0.05
78   80   0.012
78   81   0.007
78   82   0.106
78   83   0.013
79   80   0.102
79   81   0.045
79   82   0.016
79   83   0.038
80   81   0.03
80   82   0.075
80   83   0.207
81   82   0.015
81   83   0.062
82   83   0.069
