1   7   0.094
1   8   0.108
1   14   0.069
1   23   0.173
1   29   0.004
1   30   0.159
2   9   0.043
2   13   0.043
2   22   0.053
2   24   0.02
2   25   0.031
2   26   0.033
2   27   0.051
2   31   0.052
2   36   0.132
2   37   0.184
2   38   0.046
2   42   0.113
2   51   0.169
2   76   0.044
3   7   0.065
3   8   0.047
3   17   0.013
3   21   0.052
3   23   0.072
3   26   0.059
3   27   0.06
3   36   0.022
3   37   0.062
3   38   0.121
3   39   0.052
3   76   0.005
4   9   0.099
4   10   0.098
4   12   0.032
4   15   0.022
4   20   0.079
4   24   0.111
4   28   0.197
5   6   0.129
5   12   0.141
5   15   0.003
5   24   0.158
5   32   0.006
5   34   0.006
5   40   0.14
5   41   0.112
6   7   0.096
6   8   0.053
6   10   0.029
6   12   0.05
6   15   0.006
6   28   0.047
6   32   0.118
6   40   0.017
6   41   0.11
7   8   0.099
7   10   0.096
7   14   0.174
7   23   0.143
7   24   0.023
7   28   0.037
7   29   0.089
7   30   0.151
7   33   0.085
7   36   0.085
7   38   0.094
8   10   0.049
8   12   0.047
8   14   0.132
8   17   0.183
8   23   0.203
8   28   0.019
8   30   0.048
8   32   0.097
8   40   0.023
8   41   0.145
9   10   0.164
9   12   0.032
9   15   0.002
9   20   0.119
9   22   0.016
9   24   0.238
9   27   0.04
9   28   0.097
9   36   0.11
9   40   0.036
9   58   0.013
9   73   0.021
9   77   0.121
10   12   0.035
10   14   0.105
10   15   0.042
10   20   0.068
10   28   0.165
10   29   0.052
10   34   0.102
10   36   0.127
10   40   0.107
10   41   0.045
11   13   0.06
11   17   0.07
11   18   0.045
11   19   0.054
11   25   0.032
11   26   0.019
11   27   0.055
11   31   0.104
11   34   0.082
11   37   0.031
11   38   0.083
11   42   0.102
11   49   0.056
11   62   0.165
11   80   0.043
12   15   0.003
12   20   0.085
12   24   0.042
12   28   0.02
12   40   0.014
13   25   0.033
13   26   0.013
13   27   0.087
13   31   0.113
13   34   0.039
13   36   0.03
13   37   0.03
13   38   0.2
13   41   0.263
13   42   0.071
13   44   0.034
13   49   0.115
13   62   0.064
13   74   0.006
13   75   0.031
13   76   0.05
13   80   0.076
14   17   0.154
14   23   0.138
14   28   0.025
14   29   0.162
14   30   0.088
14   32   0.039
14   34   0.07
14   41   0.149
15   20   0.071
15   24   0.028
15   28   0.005
15   36   0.175
15   40   0.134
16   21   0.04
16   22   0.019
16   23   0.089
16   24   0.115
16   27   0.045
16   28   0.123
16   36   0.062
16   38   0.019
16   39   0.122
16   65   0.022
16   71   0.022
16   72   0.053
16   76   0.132
17   18   0.147
17   19   0.014
17   21   0.074
17   23   0.175
17   26   0.038
17   27   0.019
17   29   0.065
17   30   0.026
17   34   0.065
17   36   0.049
17   37   0.063
17   38   0.005
17   76   0.042
18   19   0.164
18   26   0.034
18   27   0.013
18   31   0.028
18   34   0.044
18   36   0.003
18   37   0.059
18   38   0.014
18   75   0.083
18   76   0.048
19   26   0.027
19   27   0.016
19   34   0.187
19   36   0.084
19   37   0.013
19   38   0.1
19   76   0.025
20   24   0.077
20   28   0.037
21   23   0.037
21   28   0.08
21   30   0.003
21   33   0.169
21   34   0.148
21   36   0.032
21   37   0.003
21   38   0.022
21   39   0.04
21   40   0.118
22   23   0.076
22   24   0.089
22   25   0.077
22   27   0.045
22   28   0.176
22   65   0.046
22   71   0.143
22   72   0.038
22   76   0.008
23   27   0.018
23   28   0.139
23   29   0.062
23   30   0.01
23   33   0.082
23   34   0.044
23   36   0.009
23   37   0.03
23   38   0.088
23   39   0.037
23   40   0.024
23   65   0.075
23   71   0.031
23   72   0.083
24   27   0.007
24   28   0.012
24   33   0.113
24   36   0.076
24   40   0.085
24   58   0.091
24   71   0.005
24   73   0.14
24   77   0.15
25   26   0.081
25   27   0.023
25   31   0.072
25   42   0.047
25   49   0.109
25   62   0.04
25   74   0.01
25   75   0.034
25   76   0.05
25   80   0.064
26   27   0.142
26   31   0.092
26   34   0.156
26   36   0.07
26   37   0.101
26   38   0.096
26   39   0.087
26   42   0.09
26   51   0.076
26   62   0.046
26   67   0.058
26   74   0.048
26   75   0.027
26   76   0.017
26   80   0.001
27   28   0.061
27   31   0.014
27   34   0.009
27   36   0.037
27   37   0.025
27   38   0.039
27   39   0.058
27   43   0.065
27   44   0.034
27   45   0.071
27   46   0.127
27   51   0.015
27   52   0.029
27   62   0.007
27   65   0.097
27   66   0.094
27   68   0.024
27   71   0.075
27   72   0.041
27   74   0.007
27   75   0.022
27   76   0.017
27   80   0.046
28   29   0.098
28   30   0.024
28   33   0.106
28   34   0.096
28   36   0.016
28   38   0.043
28   39   0.067
28   40   0.067
28   58   0.062
28   73   0.052
28   77   0.046
29   30   0.058
29   32   0.043
29   33   0.044
29   34   0.182
29   41   0.08
30   33   0.017
30   34   0.003
30   36   0.092
30   38   0.066
31   34   0.007
31   37   0.214
31   38   0.098
31   62   0.038
31   74   0.067
31   75   0.038
31   76   0.041
31   80   0.059
32   34   0.037
32   36   0.111
32   40   0.044
32   41   0.148
33   34   0.091
33   38   0.038
34   36   0.215
34   38   0.016
34   41   0.064
34   42   0.119
35   36   0.095
35   39   0.088
35   46   0.015
35   84   0.006
36   37   0.15
36   38   0.077
36   39   0.089
36   40   0.085
36   41   0.002
36   42   0.056
36   76   0.126
37   38   0.01
37   39   0.01
37   42   0.083
37   76   0.031
38   39   0.027
38   41   0.058
38   42   0.078
38   76   0.136
39   40   0.157
39   41   0.146
39   76   0.123
39   84   0.065
40   41   0.101
42   44   0.096
42   49   0.065
42   62   0.038
43   44   0.041
43   45   0.18
43   46   0.04
43   47   0.013
43   48   0.098
43   49   0.002
43   51   0.046
43   52   0.052
43   56   0.059
43   58   0.063
43   59   0.178
43   64   0.16
43   65   0.025
43   67   0.109
43   68   0.063
43   70   0.015
43   71   0.127
43   72   0.014
43   73   0.038
43   75   0.138
43   76   0.043
43   77   0.081
43   81   0.06
43   83   0.048
43   84   0.167
44   45   0.142
44   46   0.029
44   49   0.038
44   51   0.034
44   52   0.054
44   60   0.036
44   62   0.03
44   66   0.103
44   67   0.069
44   68   0.097
44   70   0.037
44   72   0.106
44   75   0.091
44   76   0.05
44   80   0.056
45   46   0.064
45   48   0.074
45   49   0.069
45   51   0.019
45   52   0.105
45   56   0.066
45   59   0.092
45   60   0.148
45   62   0.032
45   66   0.007
45   67   0.054
45   68   0.008
45   70   0.087
45   72   0.046
45   73   0.055
45   75   0.068
45   76   0.041
45   77   0.021
45   78   0.054
45   79   0.067
45   80   0.044
45   82   0.033
45   83   0.011
46   47   0.063
46   48   0.115
46   52   0.027
46   65   0.054
46   70   0.047
46   72   0.021
46   75   0.11
46   76   0.044
46   77   0.042
46   84   0.073
47   48   0.062
47   54   0.103
47   55   0.004
47   56   0.095
47   57   0.098
47   58   0.108
47   59   0.157
47   61   0.01
47   63   0.078
47   64   0.134
47   72   0.087
47   73   0.044
47   77   0.129
47   81   0.242
48   54   0.033
48   55   0.043
48   57   0.23
48   59   0.013
48   63   0.071
48   77   0.011
48   78   0.003
48   81   0.179
48   83   0.027
49   51   0.034
49   60   0.028
49   62   0.11
49   74   0.024
49   80   0.015
49   83   0.102
50   56   0.125
50   57   0.242
50   63   0.083
50   78   0.088
50   79   0.116
51   58   0.08
51   62   0.033
51   71   0.014
51   73   0.103
51   74   0.125
51   75   0.036
51   76   0.008
52   56   0.246
52   57   0.121
52   66   0.078
52   68   0.013
52   72   0.002
52   75   0.038
52   76   0.138
52   77   0.004
53   58   0.158
53   59   0.01
53   61   0.042
53   69   0.031
53   73   0.14
53   77   0.07
54   55   0.066
54   64   0.026
54   73   0.048
54   81   0.112
54   83   0.107
55   56   0.004
55   57   0.149
55   59   0.041
55   61   0.019
55   64   0.012
55   77   0.052
55   81   0.076
56   57   0.326
56   59   0.15
56   63   0.226
56   66   0.075
56   70   0.069
56   72   0.238
56   77   0.061
56   78   0.046
56   79   0.045
56   83   0.029
57   59   0.228
57   61   0.095
57   63   0.162
57   64   0.049
57   77   0.2
57   79   0.213
57   81   0.037
58   59   0.191
58   61   0.046
58   64   0.102
58   71   0.021
58   73   0.07
58   76   0.025
58   77   0.207
59   61   0.07
59   63   0.05
59   64   0.139
59   69   0.016
59   77   0.17
59   78   0.085
59   83   0.072
60   62   0.071
60   67   0.066
60   68   0.008
60   74   0.107
60   75   0.04
60   80   0.091
60   83   0.029
61   64   0.008
61   69   0.013
61   73   0.115
61   77   0.097
62   74   0.032
62   76   0.081
62   80   0.122
62   83   0.036
63   75   0.201
63   77   0.016
63   78   0.126
63   79   0.134
63   81   0.042
63   83   0.043
64   69   0.144
64   73   0.045
64   77   0.051
65   70   0.06
65   71   0.103
65   72   0.003
65   73   0.143
65   76   0.193
65   77   0.036
66   67   0.002
66   68   0.073
66   70   0.021
66   72   0.067
66   75   0.015
66   76   0.056
66   79   0.018
66   83   0.016
67   68   0.101
67   75   0.106
67   76   0.055
67   80   0.088
67   83   0.005
68   72   0.052
68   75   0.111
68   76   0.006
68   79   0.037
68   83   0.057
69   73   0.022
69   77   0.078
70   72   0.107
70   77   0.198
70   79   0.091
70   82   0.105
70   83   0.034
71   72   0.057
71   73   0.034
71   74   0.012
71   76   0.099
71   77   0.036
72   75   0.004
72   76   0.002
72   77   0.205
72   79   0.092
72   83   0.093
73   76   0.102
73   77   0.085
73   78   0.032
73   82   0.02
74   75   0.032
74   76   0.015
74   80   0.038
75   76   0.025
75   80   0.022
75   83   0.172
76   80   0.072
76   83   0.065
77   78   0.039
77   79   0.069
77   82   0.152
77   83   0.096
78   79   0.018
78   81   0.131
78   82   0.069
78   83   0.159
79   82   0.073
79   83   0.016
80   83   0.012
81   83   0.078
82   83   0.138
