1   7   0.002
1   8   0.062
1   14   0.006
1   23   0.052
1   29   0.059
1   30   0.091
2   9   0.019
2   13   0.074
2   22   0.034
2   24   0.033
2   25   0.032
2   26   0.076
2   27   0.006
2   31   0.056
2   36   0.146
2   37   0.129
2   38   0.098
2   42   0.029
2   51   0.062
2   76   0.082
3   7   0.061
3   8   0.041
3   17   0.021
3   21   0.006
3   23   0.02
3   26   0.007
3   27   0.048
3   36   0.065
3   37   0.073
3   38   0.041
3   39   0.106
3   76   0.069
4   9   0.038
4   10   0.02
4   15   0.057
4   20   0.023
4   24   0.017
4   28   0.079
5   6   0.053
5   12   0.127
5   15   0.04
5   24   0.004
5   32   0.092
5   34   0.105
5   40   0.042
5   41   0.074
6   7   0.055
6   8   0.028
6   10   0.052
6   12   0.206
6   15   0.112
6   28   0.053
6   32   0.022
6   40   0.213
6   41   0.008
7   8   0.02
7   10   0.119
7   14   0.053
7   23   0.166
7   24   0.167
7   28   0.171
7   29   0.182
7   30   0.056
7   33   0.12
7   36   0.073
7   38   0.131
8   10   0.061
8   12   0.051
8   14   0.043
8   17   0.05
8   23   0.014
8   28   0.028
8   30   0.012
8   32   0.07
8   40   0.071
8   41   0.029
9   10   0.062
9   12   0.162
9   15   0.12
9   20   0.099
9   22   0.051
9   24   0.051
9   27   0.084
9   28   0.043
9   36   0.147
9   40   0.016
9   58   0.007
9   73   0.054
9   77   0.072
10   12   0.005
10   14   0.008
10   15   0.032
10   20   0.011
10   28   0.034
10   29   0.053
10   34   0.022
10   36   0.013
10   40   0.087
10   41   0.076
11   13   0.016
11   17   0.003
11   18   0.036
11   19   0.071
11   25   0.009
11   26   0.018
11   27   0.006
11   31   0.009
11   34   0.207
11   37   0.02
11   38   0.077
11   42   0.016
11   49   0.015
11   62   0.122
11   80   0.042
12   15   0.064
12   20   0.011
12   24   0.216
12   28   0.129
12   40   0.038
13   25   0.016
13   26   0.067
13   27   0.014
13   31   0.062
13   34   0.025
13   36   0.078
13   37   0.113
13   38   0.122
13   41   0.285
13   42   0.121
13   44   0.084
13   49   0.086
13   62   0.081
13   74   0.01
13   75   0.015
13   76   0.072
13   80   0.014
14   17   0.09
14   23   0.02
14   28   0.053
14   29   0.077
14   30   0.009
14   32   0.028
14   34   0.095
14   41   0.075
15   20   0.013
15   24   0.109
15   28   0.082
15   36   0.16
15   40   0.06
16   21   0.017
16   22   0.013
16   23   0.054
16   24   0.141
16   27   0.036
16   28   0.078
16   36   0.059
16   38   0.119
16   39   0.093
16   65   0.077
16   71   0.062
16   72   0.034
16   76   0.114
17   18   0.005
17   19   0.037
17   21   0.087
17   23   0.072
17   26   0.067
17   27   0.074
17   29   0.164
17   30   0.006
17   34   0.02
17   36   0.068
17   37   0.046
17   38   0.015
17   76   0.079
18   19   0.066
18   26   0.103
18   27   0.047
18   31   0.083
18   34   0.071
18   36   0.062
18   37   0.016
18   38   0.036
18   75   0.055
18   76   0.095
19   26   0.02
19   27   0.021
19   34   0.009
19   36   0.095
19   37   0.06
19   38   0.027
19   76   0.01
20   24   0.113
20   28   0.128
21   23   0.147
21   28   0.127
21   30   0.084
21   33   0.108
21   34   0.18
21   36   0.08
21   37   0.022
21   38   0.115
21   39   0.062
21   40   0.028
22   23   0.016
22   24   0.215
22   25   0.058
22   27   0.09
22   28   0.202
22   65   0.036
22   71   0.041
22   72   0.033
22   76   0.023
23   27   0.032
23   28   0.026
23   29   0.012
23   30   0.144
23   33   0.051
23   34   0.125
23   36   0.095
23   37   0.029
23   38   0.021
23   39   0.075
23   40   0.069
23   65   0.156
23   71   0.008
23   72   0.005
24   27   0.032
24   28   0.072
24   33   0.143
24   36   0.184
24   40   0.122
24   58   0.073
24   71   0.07
24   73   0.019
24   77   0.035
25   26   0.081
25   27   0.021
25   31   0.016
25   42   0.145
25   49   0.111
25   62   0.069
25   74   0.014
25   75   0.035
25   76   0.018
25   80   0.068
26   27   0.059
26   31   0.077
26   34   0.093
26   36   0.151
26   37   0.031
26   38   0.077
26   39   0.01
26   42   0.059
26   51   0.052
26   62   0.033
26   67   0.025
26   74   0.03
26   75   0.07
26   76   0.04
26   80   0.024
27   28   0.134
27   31   0.001
27   34   0.043
27   36   0.086
27   37   0.017
27   38   0.012
27   39   0.135
27   43   0.033
27   44   0.054
27   45   0.02
27   46   0.085
27   51   0.127
27   52   0.1
27   62   0.061
27   65   0.121
27   66   0.196
27   68   0.036
27   71   0.002
27   72   0.004
27   74   0.08
27   75   0.128
27   76   0.001
27   80   0.171
28   29   0.086
28   30   0.066
28   33   0.037
28   34   0.04
28   36   0.139
28   38   0.171
28   39   0.166
28   40   0.113
28   58   0.074
28   73   0.141
28   77   0.065
29   30   0.004
29   32   0.009
29   33   0.03
29   34   0.149
29   41   0.063
30   33   0.066
30   34   0.079
30   36   0.073
30   38   0.108
31   34   0.065
31   37   0.121
31   38   0.029
31   62   0.024
31   74   0.059
31   75   0.093
31   76   0.03
31   80   0.079
32   34   0.027
32   36   0.077
32   40   0.135
32   41   0.057
33   34   0.038
33   38   0.019
34   36   0.045
34   38   0.199
34   41   0.089
34   42   0.196
35   36   0.142
35   39   0.007
35   46   0.001
35   84   0.035
36   37   0.013
36   38   0.162
36   39   0.048
36   40   0.014
36   41   0.01
36   42   0.044
36   76   0.147
36   84   0.009
37   38   0.055
37   39   0.004
37   42   0.005
37   76   0.21
38   39   0.074
38   41   0.062
38   42   0.049
38   76   0.188
39   40   0.044
39   41   0.02
39   76   0.204
39   84   0.019
40   41   0.125
42   44   0.049
42   49   0.035
42   62   0.117
43   44   0.051
43   45   0.182
43   46   0.031
43   47   0.104
43   48   0.043
43   49   0.112
43   51   0.051
43   52   0.016
43   56   0.041
43   58   0.003
43   59   0.178
43   64   0.08
43   65   0.012
43   67   0.015
43   68   0.051
43   70   0.025
43   71   0.013
43   72   0.111
43   73   0.014
43   75   0.15
43   76   0.039
43   77   0.064
43   81   0.257
43   83   0.189
43   84   0.137
44   45   0.17
44   46   0.01
44   49   0.068
44   51   0.048
44   52   0.025
44   60   0.042
44   62   0.035
44   66   0.063
44   67   0.051
44   68   0.003
44   70   0.071
44   72   0.016
44   75   0.073
44   76   0.012
44   80   0.046
45   46   0.071
45   48   0.069
45   49   0.026
45   51   0.05
45   52   0.002
45   56   0.097
45   59   0.106
45   60   0.056
45   62   0.058
45   66   0.06
45   67   0.075
45   68   0.073
45   70   0.112
45   72   0.057
45   73   0.166
45   75   0.185
45   76   0.038
45   77   0.143
45   78   0.038
45   79   0.026
45   80   0.071
45   82   0.042
45   83   0.023
46   47   0.033
46   48   0.09
46   52   0.026
46   65   0.003
46   70   0.081
46   72   0.046
46   75   0.036
46   76   0.001
46   77   0.045
46   84   0.013
47   48   0.124
47   54   0.124
47   55   0.03
47   56   0.025
47   57   0.199
47   58   0.085
47   59   0.064
47   61   0.015
47   63   0.022
47   64   0.118
47   72   0.085
47   73   0.074
47   81   0.048
48   54   0.093
48   55   0.015
48   57   0.126
48   59   0.152
48   63   0.119
48   77   0.094
48   78   0.153
48   81   0.039
48   83   0.035
49   51   0.09
49   60   0.092
49   62   0.032
49   74   0.064
49   80   0.055
49   83   0.058
50   56   0.048
50   57   0.046
50   63   0.153
50   78   0.004
50   79   0.193
51   58   0.039
51   62   0.028
51   71   0.008
51   73   0.054
51   74   0.116
51   75   0.011
51   76   0.001
52   56   0.059
52   57   0.015
52   66   0.006
52   68   0.006
52   72   0.093
52   75   0.004
52   76   0.023
52   77   0.193
53   58   0.011
53   59   0.01
53   61   0.039
53   69   0.087
53   73   0.037
53   77   0.046
54   55   0.135
54   64   0.022
54   73   0.028
54   81   0.1
54   83   0.082
55   56   0.071
55   57   0.111
55   59   0.015
55   61   0.098
55   64   0.304
55   77   0.099
55   81   0.04
56   57   0.132
56   59   0.092
56   63   0.003
56   66   0.004
56   70   0.092
56   72   0.076
56   77   0.027
56   78   0.11
56   79   0.017
56   83   0.094
57   59   0.078
57   61   0.054
57   63   0.021
57   64   0.109
57   77   0.057
57   79   0.071
57   81   0.053
58   59   0.131
58   61   0.043
58   64   0.078
58   71   0.026
58   73   0.126
58   76   0.019
58   77   0.078
59   61   0.01
59   63   0.167
59   64   0.112
59   69   0.019
59   77   0.003
59   78   0.028
59   83   0.068
60   62   0.077
60   67   0.099
60   68   0.006
60   75   0.068
60   80   0.008
60   83   0.227
61   64   0.137
61   69   0.006
61   73   0.058
61   77   0.048
62   74   0.012
62   76   0.017
62   80   0.19
62   83   0.054
63   75   0.057
63   77   0.063
63   78   0.057
63   79   0.084
63   81   0.041
63   83   0.094
64   69   0.054
64   73   0.097
64   77   0.016
65   70   0.013
65   71   0.117
65   72   0.026
65   73   0.086
65   76   0.049
65   77   0.098
66   67   0.159
66   68   0.065
66   70   0.102
66   72   0.104
66   75   0.015
66   76   0.14
66   79   0.065
66   83   0.053
67   68   0.038
67   75   0.01
67   76   0.079
67   80   0.052
67   83   0.144
68   72   0.232
68   75   0.112
68   76   0.112
68   79   0.115
68   83   0.164
69   73   0.005
69   77   0.026
70   72   0.017
70   77   0.024
70   79   0.02
70   82   0.008
70   83   0.063
71   72   0.048
71   73   0.056
71   74   0.044
71   76   0.025
71   77   0.068
72   75   0.117
72   76   0.01
72   77   0.033
72   79   0.215
72   83   0.178
73   76   0.065
73   77   0.048
73   78   0.045
73   82   0.093
74   75   0.081
74   76   0.009
74   80   0.141
75   76   0.121
75   80   0.034
75   83   0.038
76   80   0.092
76   83   0.126
77   78   0.029
77   79   0.059
77   82   0.004
77   83   0.047
78   79   0.089
78   81   0.037
78   82   0.035
78   83   0.03
79   82   0.007
79   83   0.106
80   83   0.016
81   83   0.075
82   83   0.015
