1   7   0.002
1   8   0.062
1   10   0.064
1   14   0.006
1   17   0.124
1   21   0.016
1   23   0.052
1   24   0.152
1   29   0.059
1   30   0.091
1   34   0.059
1   38   0.037
2   9   0.019
2   13   0.074
2   17   0.113
2   22   0.034
2   24   0.033
2   25   0.032
2   26   0.076
2   27   0.006
2   36   0.146
2   37   0.129
2   38   0.098
2   44   0.012
2   51   0.062
2   52   0.141
2   62   0.088
2   74   0.106
2   75   0.004
2   76   0.082
3   6   0.076
3   7   0.061
3   8   0.041
3   14   0.028
3   17   0.021
3   19   0.109
3   21   0.006
3   23   0.02
3   24   0.166
3   26   0.007
3   27   0.048
3   28   0.113
3   29   0.012
3   30   0.089
3   34   0.087
3   36   0.065
3   37   0.073
3   38   0.041
3   39   0.106
3   40   0.024
3   43   0.046
3   44   0.022
3   45   0.006
3   51   0.078
3   52   0.085
3   65   0.006
3   66   0.151
3   72   0.01
3   73   0.014
3   75   0.054
3   76   0.069
3   77   0.12
4   6   0.06
4   7   0.115
4   8   0.102
4   9   0.038
4   10   0.02
4   14   0.03
4   15   0.057
4   20   0.023
4   24   0.017
4   28   0.079
4   34   0.116
4   36   0.083
4   38   0.122
4   40   0.139
4   47   0.023
4   53   0.045
4   58   0.042
4   59   0.154
4   61   0.034
4   69   0.039
4   73   0.12
4   77   0.007
5   6   0.053
5   15   0.04
5   32   0.092
5   40   0.042
5   41   0.074
6   7   0.055
6   8   0.028
6   9   0.219
6   10   0.052
6   12   0.206
6   14   0.004
6   15   0.112
6   20   0.068
6   23   0.006
6   24   0.19
6   28   0.053
6   29   0.015
6   30   0.023
6   34   0.036
6   36   0.011
6   38   0.128
6   40   0.213
6   41   0.008
6   73   0.101
6   77   0.166
7   8   0.02
7   9   0.033
7   10   0.119
7   12   0.019
7   14   0.053
7   15   0.02
7   17   0.025
7   20   0.124
7   21   0.115
7   23   0.166
7   24   0.167
7   26   0.073
7   27   0.022
7   28   0.171
7   29   0.182
7   30   0.056
7   33   0.12
7   34   0.103
7   35   0.111
7   36   0.073
7   38   0.131
7   39   0.048
7   40   0.048
7   43   0.007
7   58   0.088
7   59   0.139
7   73   0.076
7   76   0.035
7   77   0.035
8   10   0.061
8   12   0.051
8   14   0.043
8   15   0.022
8   17   0.05
8   19   0.081
8   20   0.113
8   21   0.023
8   23   0.014
8   24   0.231
8   26   0.034
8   27   0.027
8   28   0.028
8   29   0.03
8   30   0.012
8   34   0.02
8   36   0.022
8   38   0.022
8   40   0.071
8   41   0.029
8   73   0.162
8   77   0.181
9   10   0.062
9   12   0.162
9   14   0.035
9   15   0.12
9   20   0.099
9   22   0.051
9   24   0.051
9   25   0.081
9   26   0.042
9   27   0.084
9   28   0.043
9   29   0.028
9   34   0.058
9   36   0.147
9   37   0.069
9   38   0.145
9   40   0.016
9   43   0.007
9   45   0.093
9   47   0.108
9   53   0.049
9   56   0.09
9   58   0.007
9   59   0.118
9   61   0.086
9   69   0.051
9   73   0.054
9   76   0.144
9   77   0.072
9   78   0.027
10   12   0.005
10   14   0.008
10   15   0.032
10   20   0.011
10   24   0.036
10   28   0.034
10   29   0.053
10   30   0.006
10   34   0.022
10   35   0.184
10   36   0.013
10   38   0.086
10   40   0.087
10   41   0.076
10   43   0.054
10   53   0.023
10   56   0.027
10   58   0.05
10   59   0.1
10   61   0.126
10   69   0.022
10   73   0.079
10   77   0.018
11   13   0.016
11   17   0.003
11   18   0.036
11   19   0.071
11   25   0.009
11   26   0.018
11   27   0.006
11   34   0.207
11   36   0.112
11   37   0.02
11   38   0.077
11   62   0.122
11   75   0.068
11   76   0.153
12   14   0.003
12   15   0.064
12   20   0.011
12   24   0.216
12   28   0.129
12   29   0.022
12   34   0.067
12   36   0.052
12   38   0.142
12   40   0.038
12   41   0.035
12   53   0.004
12   59   0.175
12   61   0.013
12   73   0.012
12   77   0.133
13   22   0.036
13   25   0.016
13   26   0.067
13   27   0.014
13   31   0.062
13   34   0.025
13   37   0.113
13   38   0.122
13   44   0.084
13   51   0.042
13   62   0.081
13   74   0.01
13   75   0.015
13   76   0.072
14   17   0.09
14   19   0.05
14   20   0.046
14   21   0.011
14   23   0.02
14   24   0.163
14   26   0.083
14   27   0.018
14   28   0.053
14   29   0.077
14   30   0.009
14   34   0.095
14   36   0.102
14   38   0.082
14   40   0.035
14   41   0.075
14   73   0.032
14   77   0.131
15   20   0.013
15   22   0.054
15   24   0.109
15   27   0.068
15   28   0.082
15   36   0.16
15   40   0.06
15   73   0.029
15   77   0.14
16   17   0.137
16   21   0.017
16   22   0.013
16   23   0.054
16   24   0.141
16   27   0.036
16   28   0.078
16   34   0.214
16   36   0.059
16   37   0.053
16   38   0.119
16   39   0.093
16   40   0.058
16   45   0.156
16   52   0.101
16   65   0.077
16   70   0.016
16   71   0.062
16   72   0.034
16   73   0.04
16   76   0.114
16   77   0.038
17   18   0.005
17   19   0.037
17   21   0.087
17   23   0.072
17   24   0.072
17   26   0.067
17   27   0.074
17   28   0.108
17   29   0.164
17   30   0.006
17   33   0.145
17   34   0.02
17   36   0.068
17   37   0.046
17   38   0.015
17   39   0.019
17   51   0.105
17   52   0.116
17   72   0.056
17   75   0.013
17   76   0.079
18   19   0.066
18   23   0.163
18   26   0.103
18   27   0.047
18   34   0.071
18   36   0.062
18   37   0.016
18   38   0.036
18   75   0.055
18   76   0.095
19   23   0.023
19   26   0.02
19   27   0.021
19   29   0.035
19   30   0.142
19   34   0.009
19   36   0.095
19   37   0.06
19   38   0.027
19   39   0.059
19   51   0.024
19   75   0.084
19   76   0.01
20   24   0.113
20   28   0.128
20   29   0.092
20   34   0.06
20   36   0.065
20   38   0.009
20   40   0.042
20   53   0.015
20   58   0.056
20   61   0.062
20   73   0.106
20   77   0.004
21   22   0.082
21   23   0.147
21   24   0.276
21   26   0.016
21   27   0.031
21   28   0.127
21   29   0.14
21   30   0.084
21   33   0.108
21   34   0.18
21   35   0.066
21   36   0.08
21   37   0.022
21   38   0.115
21   39   0.062
21   40   0.028
21   43   0.107
21   45   0.037
21   65   0.007
21   70   0.068
21   71   0.024
21   72   0.122
21   73   0.006
21   76   0.165
21   77   0.044
21   78   0.073
21   79   0.017
21   84   0.165
22   23   0.016
22   24   0.215
22   25   0.058
22   27   0.09
22   28   0.202
22   36   0.045
22   37   0.012
22   38   0.064
22   43   0.091
22   52   0.133
22   65   0.036
22   70   0.017
22   71   0.041
22   72   0.033
22   73   0.035
22   75   0.16
22   76   0.023
22   77   0.044
23   24   0.251
23   26   0.057
23   27   0.032
23   28   0.026
23   29   0.012
23   30   0.144
23   33   0.051
23   34   0.125
23   35   0.021
23   36   0.095
23   37   0.029
23   38   0.021
23   39   0.075
23   40   0.069
23   43   0.045
23   44   0.099
23   45   0.015
23   46   0.054
23   52   0.044
23   65   0.156
23   70   0.061
23   71   0.008
23   72   0.005
23   73   0.056
23   76   0.063
23   77   0.007
23   84   0.098
24   25   0.004
24   26   0.068
24   27   0.032
24   28   0.072
24   29   0.201
24   30   0.169
24   33   0.143
24   34   0.184
24   36   0.184
24   37   0.021
24   38   0.096
24   39   0.08
24   40   0.122
24   43   0.1
24   45   0.044
24   47   0.062
24   51   0.009
24   52   0.117
24   53   0.015
24   55   0.084
24   56   0.111
24   58   0.073
24   59   0.15
24   61   0.156
24   63   0.011
24   65   0.058
24   69   0.092
24   70   0.136
24   71   0.07
24   72   0.15
24   73   0.019
24   76   0.095
24   77   0.035
24   78   0.059
24   79   0.007
24   83   0.035
25   26   0.081
25   27   0.021
25   31   0.016
25   37   0.057
25   38   0.039
25   45   0.066
25   51   0.038
25   62   0.069
25   74   0.014
25   75   0.035
25   76   0.018
26   27   0.059
26   28   0.11
26   29   0.001
26   30   0.039
26   31   0.077
26   34   0.093
26   36   0.151
26   37   0.031
26   38   0.077
26   39   0.01
26   43   0.061
26   44   0.069
26   45   0.027
26   46   0.044
26   51   0.052
26   52   0.044
26   60   0.081
26   62   0.033
26   66   0.081
26   67   0.025
26   68   0.003
26   72   0.082
26   73   0.113
26   74   0.03
26   75   0.07
26   76   0.04
26   80   0.024
26   83   0.153
26   84   0.027
27   28   0.134
27   29   0.015
27   30   0.067
27   31   0.001
27   34   0.043
27   35   0.05
27   36   0.086
27   37   0.017
27   38   0.012
27   39   0.135
27   40   0.007
27   43   0.033
27   44   0.054
27   45   0.02
27   46   0.085
27   51   0.127
27   52   0.1
27   56   0.079
27   58   0.014
27   60   0.014
27   62   0.061
27   65   0.121
27   66   0.196
27   67   0.022
27   68   0.036
27   70   0.057
27   71   0.002
27   72   0.004
27   73   0.04
27   74   0.08
27   75   0.128
27   76   0.001
27   77   0.016
27   79   0.046
27   80   0.171
27   83   0.152
27   84   0.062
28   29   0.086
28   30   0.066
28   33   0.037
28   34   0.04
28   35   0.195
28   36   0.139
28   37   0.086
28   38   0.171
28   39   0.166
28   40   0.113
28   41   0.039
28   43   0.077
28   45   0.184
28   47   0.098
28   52   0.014
28   53   0.007
28   55   0.147
28   56   0.105
28   57   0.011
28   58   0.074
28   59   0.184
28   61   0.104
28   63   0.13
28   65   0.155
28   69   0.015
28   70   0.061
28   71   0.097
28   72   0.034
28   73   0.141
28   76   0.015
28   77   0.065
28   78   0.145
28   79   0.075
28   83   0.029
28   84   0.057
29   30   0.004
29   32   0.009
29   33   0.03
29   34   0.149
29   36   0.052
29   37   0.066
29   38   0.035
29   40   0.033
29   43   0.116
29   73   0.027
29   77   0.048
30   33   0.066
30   34   0.079
30   36   0.073
30   38   0.108
30   39   0.043
30   40   0.018
30   76   0.122
31   37   0.121
31   38   0.029
31   62   0.024
31   75   0.093
31   76   0.03
31   80   0.079
32   34   0.027
32   36   0.077
32   41   0.057
33   34   0.038
33   38   0.019
34   36   0.045
34   37   0.002
34   38   0.199
34   39   0.191
34   40   0.05
34   41   0.089
34   73   0.01
34   75   0.066
34   76   0.082
34   77   0.087
35   36   0.142
35   37   0.022
35   38   0.179
35   39   0.007
35   41   0.072
35   43   0.024
35   44   0.14
35   46   0.001
35   72   0.189
35   77   0.007
35   84   0.035
36   37   0.013
36   38   0.162
36   39   0.048
36   40   0.014
36   41   0.01
36   43   0.101
36   45   0.07
36   46   0.088
36   47   0.083
36   51   0.007
36   52   0.119
36   56   0.103
36   58   0.015
36   65   0.083
36   70   0.112
36   71   0.168
36   72   0.148
36   73   0.057
36   75   0.05
36   76   0.147
36   77   0.009
36   78   0.015
36   83   0.124
36   84   0.009
37   38   0.055
37   39   0.004
37   40   0.068
37   43   0.206
37   44   0.065
37   45   0.11
37   51   0.129
37   52   0.173
37   62   0.043
37   74   0.1
37   75   0.09
37   76   0.21
37   80   0.101
37   84   0.106
38   39   0.074
38   40   0.125
38   41   0.062
38   43   0.102
38   44   0.109
38   45   0.144
38   46   0.083
38   51   0.065
38   52   0.098
38   56   0.009
38   62   0.069
38   65   0.057
38   71   0.149
38   72   0.098
38   73   0.065
38   75   0.061
38   76   0.188
38   77   0.005
38   83   0.079
38   84   0.168
39   40   0.044
39   43   0.081
39   72   0.183
39   75   0.001
39   76   0.204
39   84   0.019
40   41   0.125
40   43   0.127
40   47   0.084
40   58   0.04
40   59   0.046
40   61   0.122
40   73   0.124
40   77   0.003
43   44   0.051
43   45   0.182
43   46   0.031
43   47   0.104
43   48   0.043
43   51   0.051
43   52   0.016
43   53   0.044
43   55   0.208
43   56   0.041
43   57   0.043
43   58   0.003
43   59   0.178
43   61   0.12
43   63   0.056
43   64   0.08
43   65   0.012
43   66   0.025
43   67   0.015
43   68   0.051
43   69   0.124
43   70   0.025
43   71   0.013
43   72   0.111
43   73   0.014
43   75   0.15
43   76   0.039
43   77   0.064
43   78   0.164
43   79   0.028
43   83   0.189
43   84   0.137
44   45   0.17
44   46   0.01
44   47   0.049
44   49   0.068
44   51   0.048
44   52   0.025
44   56   0.136
44   60   0.042
44   62   0.035
44   65   0.073
44   66   0.063
44   67   0.051
44   68   0.003
44   70   0.071
44   72   0.016
44   73   0.086
44   75   0.073
44   76   0.012
44   77   0.108
44   80   0.046
44   83   0.102
44   84   0.03
45   46   0.071
45   47   0.122
45   48   0.069
45   49   0.026
45   50   0.046
45   51   0.05
45   52   0.002
45   53   0.06
45   55   0.013
45   56   0.097
45   57   0.033
45   58   0.012
45   59   0.106
45   60   0.056
45   61   0.006
45   62   0.058
45   63   0.041
45   65   0.113
45   66   0.06
45   67   0.075
45   68   0.073
45   69   0.077
45   70   0.112
45   71   0.022
45   72   0.057
45   73   0.166
45   74   0.169
45   75   0.185
45   76   0.038
45   77   0.143
45   78   0.038
45   79   0.026
45   80   0.071
45   82   0.042
45   83   0.023
45   84   0.06
46   47   0.033
46   48   0.09
46   52   0.026
46   56   0.059
46   63   0.092
46   65   0.003
46   66   0.062
46   67   0.097
46   68   0.004
46   70   0.081
46   72   0.046
46   73   0.138
46   75   0.036
46   76   0.001
46   77   0.045
46   79   0.058
46   83   0.019
46   84   0.013
47   48   0.124
47   52   0.066
47   53   0.071
47   54   0.124
47   55   0.03
47   56   0.025
47   57   0.199
47   58   0.085
47   59   0.064
47   61   0.015
47   63   0.022
47   64   0.118
47   69   0.133
47   71   0.032
47   72   0.085
47   73   0.074
47   76   0.11
47   78   0.044
47   79   0.15
47   81   0.048
47   83   0.045
47   84   0.045
48   54   0.093
48   55   0.015
48   57   0.126
48   59   0.152
48   61   0.013
48   63   0.119
48   73   0.092
48   77   0.094
48   81   0.039
48   83   0.035
49   60   0.092
50   56   0.048
50   57   0.046
50   59   0.006
50   63   0.153
50   77   0.004
50   78   0.004
50   79   0.193
50   83   0.008
51   58   0.039
51   62   0.028
51   71   0.008
51   73   0.054
51   74   0.116
51   75   0.011
51   76   0.001
52   56   0.059
52   59   0.053
52   66   0.006
52   68   0.006
52   70   0.111
52   72   0.093
52   73   0.102
52   75   0.004
52   76   0.023
52   77   0.193
52   79   0.11
52   83   0.123
52   84   0.116
53   55   0.009
53   56   0.069
53   57   0.037
53   58   0.011
53   59   0.01
53   61   0.039
53   63   0.015
53   69   0.087
53   73   0.037
53   77   0.046
53   78   0.074
53   83   0.015
54   55   0.135
54   64   0.022
55   56   0.071
55   57   0.111
55   58   0.04
55   59   0.015
55   61   0.098
55   63   0.253
55   64   0.304
55   69   0.088
55   73   0.043
55   77   0.099
55   78   0.074
55   83   0.018
56   57   0.132
56   58   0.038
56   59   0.092
56   61   0.027
56   63   0.003
56   64   0.031
56   66   0.004
56   68   0.153
56   69   0.062
56   70   0.092
56   72   0.076
56   73   0.029
56   75   0.01
56   76   0.083
56   77   0.027
56   78   0.11
56   79   0.017
56   82   0.149
56   83   0.094
57   59   0.078
57   61   0.054
57   63   0.021
57   64   0.109
57   66   0.111
57   69   0.096
57   70   0.067
57   72   0.044
57   73   0.072
57   75   0.139
57   76   0.079
57   77   0.057
57   78   0.038
57   79   0.071
57   83   0.048
58   59   0.131
58   61   0.043
58   63   0.025
58   64   0.078
58   69   0.101
58   71   0.026
58   73   0.126
58   74   0.049
58   76   0.019
58   77   0.078
58   78   0.043
58   79   0.066
58   83   0.063
59   61   0.01
59   63   0.167
59   64   0.112
59   69   0.019
59   72   0.038
59   73   0.179
59   77   0.003
59   78   0.028
59   83   0.068
60   62   0.077
60   66   0.104
60   67   0.099
60   68   0.006
60   75   0.068
60   76   0.035
60   83   0.227
61   63   0.008
61   64   0.137
61   69   0.006
61   73   0.058
61   77   0.048
61   78   0.002
61   83   0.058
62   74   0.012
62   75   0.05
62   76   0.017
62   83   0.054
63   64   0.065
63   66   0.086
63   68   0.095
63   69   0.101
63   70   0.028
63   72   0.023
63   73   0.066
63   75   0.057
63   76   0.03
63   77   0.063
63   78   0.057
63   79   0.084
63   83   0.094
64   69   0.054
64   71   0.012
64   73   0.097
64   76   0.025
64   77   0.016
65   66   0.129
65   70   0.013
65   71   0.117
65   72   0.026
65   73   0.086
65   76   0.049
65   77   0.098
65   79   0.103
65   83   0.05
65   84   0.11
66   67   0.159
66   68   0.065
66   70   0.102
66   72   0.104
66   73   0.198
66   75   0.015
66   76   0.14
66   77   0.147
66   78   0.112
66   79   0.065
66   83   0.053
67   68   0.038
67   72   0.158
67   75   0.01
67   76   0.079
67   83   0.144
68   70   0.244
68   72   0.232
68   75   0.112
68   76   0.112
68   77   0.173
68   79   0.115
68   83   0.164
69   73   0.005
69   77   0.026
69   78   0.046
69   83   0.065
70   71   0.086
70   72   0.017
70   73   0.053
70   75   0.044
70   76   0.002
70   77   0.024
70   78   0.093
70   79   0.02
70   82   0.008
70   83   0.063
70   84   0.014
71   72   0.048
71   73   0.056
71   74   0.044
71   76   0.025
71   77   0.068
72   73   0.058
72   75   0.117
72   76   0.01
72   77   0.033
72   78   0.035
72   79   0.215
72   83   0.178
72   84   0.012
73   74   0.103
73   76   0.065
73   77   0.048
73   78   0.045
73   79   0.01
73   83   0.004
73   84   0.051
74   76   0.009
75   76   0.121
75   77   0.157
75   78   0.062
75   79   0.059
75   80   0.034
75   83   0.038
75   84   0.027
76   77   0.014
76   78   0.021
76   79   0.082
76   80   0.092
76   83   0.126
76   84   0.107
77   78   0.029
77   79   0.059
77   82   0.004
77   83   0.047
77   84   0.021
78   79   0.089
78   81   0.037
78   82   0.035
78   83   0.03
79   82   0.007
79   83   0.106
81   83   0.075
82   83   0.015
