1   3   0.19
1   6   0.208
1   7   0.141
1   8   0.125
1   10   0.017
1   14   0.082
1   17   0.214
1   19   0.1
1   21   0.146
1   23   0.213
1   24   0.065
1   26   0.081
1   27   0.132
1   28   0.024
1   29   0.065
1   30   0.042
1   33   0.078
1   34   0.129
1   36   0.028
1   38   0.085
1   73   0.007
1   77   0.074
2   3   0.218
2   9   0.087
2   11   0.084
2   13   0.008
2   15   0.035
2   16   0.174
2   17   0.035
2   18   0.071
2   19   0.176
2   22   0.125
2   23   0.069
2   24   0.09
2   25   0.008
2   26   0.024
2   27   0.115
2   28   0.042
2   31   0.017
2   34   0.162
2   36   0.063
2   37   0.066
2   38   0.052
2   39   0.012
2   42   0.073
2   43   0.167
2   44   0.038
2   45   0.013
2   46   0.062
2   49   0.001
2   51   0.009
2   52   0.086
2   62   0.022
2   66   0.151
2   68   0.03
2   71   0.18
2   72   0.124
2   74   0.073
2   75   0.05
2   76   0.072
2   80   0.093
3   6   0.165
3   7   0.165
3   8   0.158
3   10   0.14
3   14   0.191
3   17   0.134
3   18   0.149
3   19   0.202
3   21   0.111
3   22   0.015
3   23   0.135
3   24   0.042
3   26   0.116
3   27   0.022
3   28   0.107
3   29   0.158
3   30   0.127
3   33   0.124
3   34   0.169
3   36   0.156
3   37   0.142
3   38   0.192
3   39   0.02
3   40   0.1
3   43   0.199
3   44   0.102
3   45   0.181
3   46   0.138
3   51   0.082
3   52   0.165
3   65   0.092
3   66   0.126
3   68   0.122
3   71   0.138
3   72   0.161
3   75   0.179
3   76   0.139
4   5   0.063
4   6   0.077
4   7   0.096
4   8   0.081
4   9   0.061
4   10   0.089
4   12   0.132
4   14   0.009
4   15   0.066
4   20   0.155
4   24   0.072
4   28   0.068
4   29   0.006
4   34   0.013
4   36   0.14
4   38   0.059
4   40   0.085
4   41   0.032
4   47   0.043
4   53   0.028
4   58   0.12
4   59   0.129
4   61   0.052
4   69   0.035
4   73   0.086
4   77   0.148
5   6   0.128
5   7   0.085
5   8   0.166
5   9   0.224
5   10   0.089
5   12   0.06
5   15   0.159
5   20   0.225
5   24   0.105
5   27   0.044
5   28   0.072
5   29   0.055
5   32   0.043
5   34   0.069
5   35   0.107
5   36   0.036
5   40   0.112
5   41   0.006
5   84   0.006
6   7   0.106
6   8   0.058
6   9   0.07
6   10   0.086
6   12   0.119
6   13   0.004
6   14   0.04
6   15   0.078
6   17   0.241
6   20   0.062
6   23   0.143
6   24   0.173
6   26   0.048
6   28   0.106
6   29   0.01
6   30   0.102
6   32   0.118
6   34   0.081
6   36   0.116
6   38   0.123
6   39   0.096
6   40   0.082
6   41   0.011
6   42   0.086
6   47   0.142
6   58   0.161
6   59   0.098
6   73   0.067
6   77   0.064
7   8   0.104
7   9   0.054
7   10   0.053
7   12   0.054
7   14   0.051
7   15   0.08
7   17   0.159
7   19   0.108
7   20   0.014
7   21   0.149
7   23   0.212
7   24   0.213
7   26   0.143
7   27   0.098
7   28   0.173
7   29   0.103
7   30   0.128
7   32   0.068
7   33   0.13
7   34   0.052
7   36   0.193
7   37   0.186
7   38   0.102
7   39   0.103
7   40   0.096
7   41   0.027
7   43   0.155
7   45   0.138
7   47   0.074
7   58   0.133
7   73   0.108
7   77   0.174
8   9   0.068
8   10   0.017
8   12   0.062
8   13   0.022
8   14   0.012
8   15   0.08
8   17   0.219
8   18   0.103
8   19   0.243
8   20   0.053
8   21   0.1
8   23   0.208
8   24   0.103
8   26   0.28
8   27   0.209
8   28   0.114
8   29   0.11
8   30   0.107
8   32   0.027
8   33   0.029
8   34   0.049
8   36   0.1
8   38   0.136
8   39   0.046
8   40   0.09
8   41   0.127
8   42   0.055
8   43   0.027
8   56   0.163
8   58   0.156
8   73   0.134
8   77   0.092
9   10   0.011
9   12   0.003
9   13   0.056
9   14   0.014
9   15   0.111
9   16   0.07
9   17   0.089
9   20   0.007
9   21   0.014
9   22   0.138
9   23   0.204
9   24   0.082
9   25   0.081
9   26   0.12
9   27   0.111
9   28   0.199
9   29   0.125
9   30   0.065
9   31   0.19
9   33   0.129
9   34   0.093
9   36   0.104
9   37   0.113
9   38   0.121
9   39   0.029
9   40   0.092
9   41   0.015
9   42   0.071
9   43   0.06
9   45   0.199
9   47   0.015
9   49   0.077
9   53   0.107
9   56   0.132
9   58   0.106
9   59   0.085
9   61   0.057
9   62   0.052
9   63   0.022
9   64   0.084
9   65   0.053
9   69   0.044
9   71   0.111
9   72   0.081
9   73   0.007
9   75   0.091
9   76   0.094
9   77   0.08
9   78   0.008
9   79   0.098
9   80   0.05
9   83   0.059
10   12   0.141
10   13   0.024
10   14   0.057
10   15   0.117
10   20   0.12
10   24   0.113
10   28   0.057
10   29   0.003
10   30   0.127
10   32   0.048
10   33   0.134
10   34   0.038
10   36   0.066
10   38   0.05
10   39   0.082
10   40   0.012
10   41   0.045
10   43   0.137
10   47   0.125
10   53   0.118
10   55   0.095
10   57   0.025
10   58   0.11
10   59   0.112
10   61   0.098
10   64   0.067
10   69   0.06
10   73   0.059
10   77   0.132
11   13   0.077
11   14   0.015
11   17   0.119
11   18   0.026
11   19   0.054
11   23   0.138
11   25   0.029
11   26   0.088
11   27   0.138
11   29   0.031
11   31   0.092
11   32   0.029
11   34   0.074
11   36   0.039
11   37   0.006
11   38   0.026
11   39   0.04
11   42   0.031
11   44   0.013
11   49   0.125
11   51   0.095
11   60   0.163
11   62   0.006
11   67   0.153
11   74   0.034
11   75   0.018
11   76   0.029
11   80   0.093
12   13   0.002
12   14   0.053
12   15   0.013
12   20   0.12
12   24   0.051
12   28   0.134
12   29   0.122
12   32   0.001
12   34   0.067
12   36   0.097
12   38   0.127
12   40   0.069
12   41   0.115
12   42   0.061
12   47   0.029
12   53   0.077
12   54   0.087
12   58   0.173
12   59   0.052
12   61   0.072
12   64   0.023
12   69   0.002
12   73   0.038
12   77   0.101
13   14   0.142
13   18   0.064
13   22   0.03
13   24   0.005
13   25   0.082
13   26   0.026
13   27   0.043
13   29   0.027
13   31   0.096
13   32   0.009
13   34   0.184
13   36   0.131
13   37   0.116
13   38   0.075
13   39   0.196
13   40   0.003
13   41   0.085
13   42   0.07
13   43   0.114
13   44   0.024
13   45   0.145
13   46   0.027
13   48   0.059
13   49   0.045
13   51   0.001
13   60   0.088
13   62   0.017
13   67   0.106
13   71   0.04
13   74   0.016
13   75   0.009
13   76   0.008
13   80   0.1
13   83   0.136
14   15   0.041
14   17   0.208
14   18   0.115
14   19   0.236
14   20   0.014
14   21   0.119
14   23   0.194
14   24   0.079
14   26   0.241
14   27   0.206
14   28   0.087
14   29   0.11
14   30   0.081
14   32   0.026
14   33   0.093
14   34   0.086
14   36   0.105
14   38   0.081
14   39   0.251
14   40   0.094
14   41   0.181
14   42   0.054
14   73   0.115
14   77   0.068
15   20   0.116
15   21   0.027
15   22   0.141
15   23   0.062
15   24   0.145
15   27   0.091
15   28   0.182
15   29   0.003
15   30   0.177
15   32   0.118
15   34   0.011
15   35   0.057
15   36   0.153
15   37   0.04
15   38   0.102
15   40   0.113
15   41   0.072
15   43   0.041
15   47   0.091
15   53   0.05
15   58   0.008
15   59   0.008
15   61   0.16
15   64   0.004
15   69   0.016
15   73   0.042
15   77   0.021
15   84   0.018
16   17   0.137
16   21   0.124
16   22   0.089
16   23   0.06
16   24   0.178
16   27   0.098
16   28   0.172
16   30   0.024
16   34   0.096
16   36   0.217
16   37   0.25
16   38   0.237
16   39   0.167
16   40   0.212
16   43   0.038
16   45   0.209
16   46   0.083
16   52   0.171
16   65   0.11
16   70   0.173
16   71   0.082
16   72   0.17
16   73   0.093
16   76   0.113
16   77   0.125
16   79   0.019
17   18   0.146
17   19   0.188
17   21   0.175
17   22   0.063
17   23   0.101
17   24   0.144
17   26   0.116
17   27   0.22
17   28   0.103
17   29   0.193
17   30   0.191
17   33   0.187
17   34   0.064
17   36   0.211
17   37   0.234
17   38   0.188
17   39   0.131
17   43   0.232
17   44   0.103
17   51   0.082
17   52   0.243
17   66   0.146
17   72   0.248
17   75   0.117
17   76   0.16
18   19   0.181
18   21   0.104
18   23   0.149
18   25   0.003
18   26   0.101
18   27   0.094
18   29   0.067
18   30   0.158
18   31   0.018
18   34   0.096
18   36   0.073
18   37   0.129
18   38   0.061
18   39   0.124
18   42   0.026
18   44   0.107
18   62   0.074
18   67   0.016
18   74   0.035
18   75   0.025
18   76   0.089
18   80   0.017
19   21   0.021
19   23   0.202
19   25   0.004
19   26   0.077
19   27   0.145
19   29   0.243
19   30   0.224
19   31   0.032
19   33   0.263
19   34   0.007
19   36   0.12
19   37   0.206
19   38   0.167
19   39   0.022
19   44   0.005
19   51   0.086
19   52   0.209
19   68   0.036
19   74   0.064
19   75   0.109
19   76   0.115
19   80   0.149
20   24   0.048
20   28   0.129
20   29   0.016
20   32   0.018
20   34   0.087
20   36   0.06
20   38   0.094
20   40   0.128
20   41   0.068
20   47   0.119
20   53   0.159
20   58   0.069
20   59   0.11
20   61   0.011
20   64   0.031
20   69   0.096
20   73   0.072
20   77   0.117
21   22   0.088
21   23   0.103
21   24   0.176
21   26   0.205
21   27   0.168
21   28   0.048
21   29   0.022
21   30   0.081
21   33   0.016
21   34   0.081
21   35   0.211
21   36   0.174
21   37   0.231
21   38   0.157
21   39   0.172
21   40   0.159
21   41   0.05
21   43   0.203
21   65   0.149
21   70   0.202
21   71   0.189
21   72   0.229
21   73   0.131
21   76   0.13
21   77   0.133
21   78   0.115
21   79   0.141
21   82   0.118
22   23   0.072
22   24   0.11
22   25   0.02
22   26   0.1
22   27   0.15
22   28   0.162
22   29   0.034
22   30   0.103
22   31   0.1
22   34   0.036
22   36   0.139
22   37   0.148
22   38   0.043
22   39   0.134
22   40   0.092
22   42   0.039
22   43   0.085
22   44   0.026
22   45   0.098
22   46   0.057
22   51   0.007
22   52   0.119
22   58   0.12
22   62   0.109
22   65   0.005
22   70   0.112
22   71   0.027
22   72   0.084
22   73   0.006
22   75   0.004
22   76   0.096
22   77   0.06
22   79   0.023
22   80   0.063
23   24   0.193
23   26   0.243
23   27   0.13
23   28   0.142
23   29   0.146
23   30   0.186
23   33   0.155
23   34   0.243
23   35   0.225
23   36   0.224
23   37   0.202
23   38   0.214
23   39   0.169
23   40   0.195
23   41   0.003
23   43   0.151
23   44   0.049
23   45   0.224
23   46   0.144
23   51   0.056
23   52   0.198
23   65   0.112
23   66   0.049
23   70   0.147
23   71   0.085
23   72   0.177
23   73   0.107
23   76   0.166
23   77   0.157
23   84   0.235
24   25   0.089
24   26   0.039
24   27   0.166
24   28   0.213
24   29   0.106
24   30   0.162
24   31   0.125
24   32   0.059
24   33   0.13
24   34   0.125
24   36   0.215
24   37   0.232
24   38   0.162
24   39   0.104
24   40   0.15
24   41   0.215
24   42   0.063
24   43   0.12
24   45   0.135
24   46   0.078
24   47   0.125
24   48   0.075
24   50   0.109
24   51   0.141
24   52   0.147
24   53   0.167
24   55   0.051
24   56   0.145
24   57   0.104
24   58   0.14
24   59   0.224
24   61   0.149
24   62   0.127
24   63   0.116
24   64   0.001
24   65   0.131
24   69   0.011
24   70   0.228
24   71   0.15
24   72   0.218
24   73   0.087
24   76   0.135
24   77   0.121
24   78   0.146
24   79   0.16
24   80   0.023
24   82   0.09
24   83   0.203
25   26   0.007
25   27   0.018
25   31   0.054
25   34   0.028
25   36   0.039
25   37   0.023
25   38   0.017
25   42   0.05
25   43   0.078
25   44   0.048
25   45   0.048
25   49   0.001
25   51   0.078
25   60   0.023
25   62   0.015
25   67   0.03
25   74   0.075
25   75   0.036
25   76   0.032
25   80   0.122
26   27   0.103
26   28   0.094
26   29   0.285
26   30   0.189
26   31   0.014
26   32   0.078
26   33   0.189
26   34   0.095
26   36   0.051
26   37   0.107
26   38   0.114
26   39   0.04
26   42   0.074
26   43   0.048
26   44   0.035
26   45   0.068
26   46   0.127
26   49   0.014
26   51   0.041
26   52   0.16
26   60   0.041
26   62   0.01
26   66   0.125
26   67   0.009
26   68   0.083
26   71   0.104
26   74   0.012
26   75   0.066
26   76   0.078
26   80   0.012
26   83   0.109
27   28   0.195
27   29   0.202
27   30   0.212
27   31   0.014
27   33   0.211
27   34   0.132
27   35   0.265
27   36   0.185
27   37   0.139
27   38   0.192
27   39   0.067
27   40   0.134
27   41   0.053
27   42   0.12
27   43   0.092
27   44   0.093
27   45   0.134
27   46   0.108
27   47   0.026
27   49   0.04
27   51   0.056
27   52   0.14
27   58   0.174
27   60   0.047
27   62   0.051
27   65   0.067
27   66   0.08
27   67   0.012
27   68   0.102
27   70   0.159
27   71   0.114
27   72   0.169
27   73   0.112
27   74   0.014
27   75   0.073
27   76   0.109
27   77   0.194
27   80   0.005
27   83   0.151
27   84   0.209
28   29   0.138
28   30   0.017
28   32   0.151
28   33   0.104
28   34   0.065
28   35   0.168
28   36   0.207
28   37   0.252
28   38   0.144
28   39   0.103
28   40   0.107
28   41   0.199
28   43   0.18
28   45   0.174
28   46   0.086
28   47   0.13
28   48   0.096
28   50   0.057
28   53   0.221
28   55   0.179
28   56   0.25
28   57   0.234
28   58   0.231
28   59   0.287
28   61   0.16
28   63   0.219
28   64   0.011
28   65   0.198
28   69   0.186
28   70   0.228
28   71   0.23
28   72   0.207
28   73   0.153
28   76   0.145
28   77   0.235
28   78   0.169
28   79   0.18
28   82   0.112
28   83   0.059
29   30   0.009
29   32   0.099
29   33   0.034
29   34   0.04
29   36   0.043
29   38   0.019
29   39   0.024
29   40   0.03
29   41   0.115
29   42   0.158
29   43   0.147
29   58   0.162
29   73   0.076
29   77   0.111
30   33   0.04
30   34   0.044
30   36   0.202
30   37   0.068
30   38   0.129
30   39   0.108
30   40   0.041
30   41   0.064
30   43   0.169
30   45   0.026
30   58   0.083
30   65   0.071
30   70   0.094
30   71   0.081
30   77   0.009
30   78   0.045
30   79   0.002
31   34   0.021
31   36   0.038
31   37   0.01
31   38   0.048
31   42   0.061
31   43   0.14
31   44   0.008
31   45   0.061
31   49   0.05
31   51   0.037
31   60   0.001
31   62   0.006
31   67   0.07
31   68   0.089
31   71   0.033
31   74   0.044
31   75   0.001
31   76   0.004
31   80   0.037
32   34   0.02
32   36   0.073
32   39   0.033
32   40   0.054
32   41   0.131
32   42   0.019
33   34   0.026
33   36   0.02
33   38   0.01
33   43   0.027
33   73   0.125
33   77   0.135
34   36   0.059
34   37   0.08
34   38   0.007
34   39   0.044
34   40   0.144
34   41   0.065
34   42   0.023
34   43   0.111
34   49   0.061
34   51   0.035
34   62   0.025
34   73   0.068
34   75   0.059
34   76   0.076
34   77   0.177
34   80   0.031
35   36   0.092
35   37   0.231
35   38   0.083
35   39   0.055
35   40   0.052
35   41   0.019
35   42   0.023
35   43   0.206
35   44   0.176
35   45   0.049
35   46   0.271
35   47   0.021
35   48   0.059
35   54   0.015
35   64   0.024
35   72   0.332
35   84   0.111
36   37   0.036
36   38   0.062
36   39   0.133
36   40   0.033
36   41   0.116
36   42   0.11
36   43   0.262
36   44   0.12
36   45   0.134
36   46   0.051
36   47   0.193
36   48   0.049
36   51   0.069
36   52   0.201
36   56   0.161
36   58   0.147
36   64   0.128
36   65   0.164
36   66   0.148
36   68   0.074
36   70   0.201
36   71   0.145
36   72   0.251
36   73   0.138
36   74   0.157
36   75   0.131
36   76   0.149
36   77   0.153
36   78   0.146
36   79   0.171
36   80   0.032
36   82   0.032
36   83   0.126
36   84   0.102
37   38   0.029
37   39   0.066
37   40   0.121
37   41   0.016
37   42   0.076
37   43   0.015
37   44   0.095
37   45   0.139
37   46   0.009
37   49   0.008
37   51   0.017
37   52   0.107
37   60   0.137
37   62   0.002
37   65   0.207
37   67   0.007
37   68   0.033
37   71   0.133
37   72   0.187
37   74   0.124
37   75   0.067
37   76   0.08
37   80   0.019
37   84   0.252
38   39   0.119
38   40   0.051
38   41   0.061
38   42   0.102
38   43   0.069
38   44   0.049
38   45   0.102
38   46   0.037
38   48   0.034
38   49   0.093
38   51   0.142
38   52   0.23
38   56   0.132
38   58   0.188
38   62   0.049
38   65   0.193
38   66   0.171
38   67   0.117
38   68   0.04
38   71   0.091
38   72   0.255
38   73   0.129
38   74   0.065
38   75   0.073
38   76   0.137
38   77   0.129
38   80   0.018
38   84   0.186
39   40   0.072
39   41   0.014
39   42   0.044
39   43   0.016
39   44   0.043
39   45   0.114
39   46   0.098
39   48   0.013
39   51   0.153
39   52   0.044
39   65   0.053
39   71   0.068
39   72   0.011
39   73   0.081
39   75   0.014
39   76   0.001
39   77   0.098
39   84   0.143
40   41   0.145
40   42   0.078
40   43   0.046
40   45   0.166
40   47   0.048
40   48   0.14
40   53   0.014
40   54   0.127
40   56   0.006
40   58   0.126
40   59   0.038
40   61   0.063
40   64   0.063
40   73   0.028
40   76   0.132
40   77   0.091
40   78   0.087
40   84   0.027
41   42   0.084
41   43   0.007
41   45   0.202
41   46   0.007
41   47   0.04
41   48   0.175
41   49   0.031
41   57   0.06
41   73   0.064
41   77   0.05
41   83   0.172
41   84   0.103
42   44   0.045
42   45   0.018
42   46   0.131
42   48   0.085
42   49   0.067
42   51   0.044
42   60   0.114
42   62   0.018
42   74   0.097
42   75   0.011
42   76   0.053
42   80   0.035
42   83   0.056
43   44   0.008
43   45   0.034
43   46   0.085
43   47   0.107
43   48   0.163
43   49   0.053
43   50   0.083
43   51   0.042
43   52   0.146
43   53   0.112
43   54   0.136
43   55   0.09
43   56   0.128
43   57   0.177
43   58   0.206
43   59   0.081
43   60   0.044
43   61   0.068
43   62   0.06
43   63   0.134
43   64   0.158
43   65   0.235
43   66   0.085
43   67   0.011
43   68   0.113
43   69   0.084
43   70   0.195
43   71   0.136
43   72   0.296
43   73   0.121
43   74   0.176
43   75   0.059
43   76   0.133
43   77   0.124
43   78   0.121
43   79   0.125
43   80   0.127
43   81   0.167
43   82   0.091
43   83   0.007
43   84   0.085
44   45   0.111
44   46   0.016
44   47   0.006
44   48   0.03
44   49   0.033
44   51   0.048
44   52   0.118
44   56   0.17
44   60   0.081
44   62   0.007
44   63   0.07
44   65   0.172
44   66   0.069
44   67   0.049
44   68   0.103
44   70   0.261
44   71   0.064
44   72   0.238
44   73   0.065
44   74   0.026
44   75   0.107
44   76   0.061
44   77   0.16
44   79   0.156
44   80   0.046
44   83   0.033
44   84   0.133
45   46   0.055
45   47   0.183
45   48   0.032
45   49   0.004
45   50   0.116
45   51   0.06
45   52   0.176
45   53   0.052
45   55   0.056
45   56   0.049
45   57   0.125
45   58   0.109
45   59   0.074
45   60   0.037
45   61   0.119
45   62   0.033
45   63   0.124
45   64   0.007
45   65   0.229
45   66   0.077
45   67   0.034
45   68   0.06
45   69   0.1
45   70   0.129
45   71   0.146
45   72   0.224
45   73   0.112
45   74   0.027
45   75   0.076
45   76   0.176
45   77   0.12
45   78   0.133
45   79   0.1
45   80   0.073
45   81   0.062
45   82   0.029
45   83   0.017
45   84   0.069
46   47   0.046
46   48   0.022
46   49   0.027
46   51   0.159
46   52   0.12
46   55   0.061
46   56   0.016
46   57   0.098
46   58   0.059
46   59   0.13
46   60   0.123
46   63   0.023
46   64   0.092
46   65   0.328
46   66   0.097
46   67   0.104
46   68   0.137
46   70   0.192
46   71   0.123
46   72   0.283
46   73   0.156
46   75   0.084
46   76   0.152
46   77   0.198
46   78   0.131
46   79   0.106
46   80   0.053
46   81   0.042
46   83   0.157
46   84   0.151
47   48   0.13
47   49   0.033
47   51   0.101
47   52   0.061
47   53   0.032
47   54   0.259
47   55   0.034
47   56   0.074
47   57   0.104
47   58   0.074
47   59   0.082
47   61   0.112
47   63   0.118
47   64   0.135
47   65   0.17
47   69   0.066
47   70   0.142
47   71   0.055
47   72   0.323
47   73   0.122
47   75   0.041
47   76   0.171
47   77   0.083
47   78   0.169
47   79   0.055
47   81   0.259
47   83   0.133
47   84   0.186
48   49   0.083
48   53   0.077
48   54   0.027
48   55   0.078
48   56   0.085
48   57   0.207
48   58   0.052
48   59   0.101
48   60   0.182
48   61   0.093
48   62   0.084
48   63   0.15
48   64   0.031
48   69   0.144
48   70   0.135
48   72   0.109
48   73   0.061
48   75   0.025
48   76   0.174
48   77   0.111
48   78   0.072
48   79   0.068
48   81   0.135
48   83   0.004
48   84   0.052
49   51   0.049
49   57   0.062
49   58   0.04
49   60   0.043
49   62   0.058
49   67   0.053
49   71   0.072
49   73   0.065
49   74   0.153
49   75   0.051
49   76   0.163
49   80   0.017
49   83   0.125
50   52   0.222
50   56   0.145
50   57   0.025
50   58   0.05
50   59   0.035
50   63   0.047
50   66   0.177
50   68   0.102
50   70   0.128
50   72   0.064
50   73   0.015
50   75   0.069
50   76   0.111
50   77   0.031
50   78   0.054
50   79   0.063
50   82   0.025
50   83   0.105
51   52   0.031
51   54   0.011
51   58   0.109
51   60   0.125
51   62   0.041
51   64   0.142
51   65   0.002
51   66   0.017
51   68   0.088
51   71   0.043
51   72   0.013
51   73   0.079
51   74   0.031
51   75   0.067
51   76   0.047
51   77   0.102
51   80   0.121
52   55   0.086
52   56   0.246
52   57   0.2
52   59   0.164
52   63   0.274
52   66   0.048
52   67   0.25
52   68   0.115
52   70   0.194
52   71   0.086
52   72   0.144
52   73   0.004
52   75   0.124
52   76   0.064
52   77   0.162
52   78   0.261
52   79   0.204
52   83   0.149
53   54   0.028
53   55   0.058
53   56   0.082
53   57   0.124
53   58   0.023
53   59   0.258
53   61   0.043
53   63   0.021
53   64   0.068
53   69   0.094
53   73   0.045
53   77   0.061
53   78   0.09
53   83   0.111
54   55   0.168
54   56   0.125
54   57   0.071
54   58   0.106
54   59   0.264
54   61   0.048
54   64   0.077
54   69   0.1
54   71   0.046
54   73   0.07
54   76   0.141
54   77   0.013
54   78   0.012
54   81   0.06
54   83   0.147
54   84   0.025
55   56   0.118
55   57   0.132
55   58   0.132
55   59   0.105
55   61   0.05
55   63   0.012
55   64   0.011
55   69   0.093
55   73   0.08
55   77   0.118
55   78   0.025
55   81   0.083
55   83   0.098
56   57   0.106
56   58   0.101
56   59   0.168
56   60   0.016
56   61   0.137
56   63   0.025
56   64   0.045
56   66   0.167
56   67   0.072
56   68   0.201
56   69   0.115
56   70   0.101
56   72   0.154
56   73   0.098
56   75   0.221
56   76   0.234
56   77   0.011
56   78   0.059
56   79   0.109
56   81   0.044
56   82   0.082
56   83   0.104
57   58   0.013
57   59   0.072
57   60   0.158
57   61   0.041
57   63   0.157
57   64   0.127
57   66   0.132
57   67   0.067
57   68   0.101
57   69   0.028
57   70   0.104
57   72   0.144
57   73   0.115
57   75   0.173
57   76   0.147
57   77   0.113
57   78   0.119
57   79   0.115
57   81   0.064
57   83   0.175
58   59   0.106
58   61   0.048
58   62   0.227
58   63   0.112
58   64   0.069
58   69   0.005
58   71   0.003
58   73   0.039
58   74   0.079
58   75   0.074
58   76   0.132
58   77   0.054
58   78   0.083
58   79   0.11
58   80   0.114
58   82   0.061
58   83   0.209
59   60   0.151
59   61   0.109
59   63   0.035
59   64   0.074
59   69   0.03
59   73   0.111
59   77   0.165
59   78   0.059
59   81   0.057
59   82   0.047
59   83   0.094
60   61   0.004
60   62   0.082
60   63   0.154
60   66   0.063
60   67   0.015
60   68   0.05
60   70   0.016
60   72   0.081
60   74   0.085
60   75   0.014
60   76   0.034
60   78   0.131
60   79   0.06
60   80   0.063
60   81   0.041
60   83   0.05
61   63   0.075
61   64   0.048
61   69   0.078
61   73   0.057
61   77   0.093
61   78   0.083
61   81   0.105
61   83   0.08
62   67   0.122
62   71   0.057
62   73   0.11
62   74   0.073
62   75   0.014
62   78   0.004
62   80   0.092
62   81   0.071
62   83   0.166
63   64   0.107
63   66   0.133
63   67   0.12
63   68   0.099
63   69   0.095
63   70   0.175
63   72   0.113
63   73   0.036
63   75   0.191
63   76   0.12
63   77   0.06
63   78   0.13
63   79   0.057
63   80   0.006
63   81   0.035
63   82   0.013
63   83   0.153
64   69   0.104
64   70   0.032
64   71   0.046
64   72   0.049
64   73   0.053
64   74   0.054
64   76   0.153
64   77   0.004
64   78   0.13
64   79   0.019
64   81   0.095
64   83   0.107
64   84   0.016
65   70   0.021
65   71   0.043
65   72   0.184
65   73   0.016
65   76   0.032
65   77   0.074
65   79   0.246
65   82   0.033
65   83   0.085
65   84   0.201
66   67   0.039
66   68   0.12
66   70   0.036
66   71   0.019
66   72   0.025
66   73   0.112
66   75   0.113
66   76   0.078
66   77   0.103
66   78   0.127
66   79   0.129
66   82   0.269
66   83   0.031
67   68   0.122
67   70   0.08
67   72   0.17
67   74   0.116
67   75   0.07
67   76   0.043
67   77   0.054
67   78   0.098
67   79   0.07
67   80   0.056
67   83   0.041
68   70   0.084
68   72   0.097
68   74   0.089
68   75   0.02
68   76   0.054
68   77   0.118
68   78   0.135
68   79   0.127
68   80   0.001
68   82   0.014
68   83   0.016
69   73   0.064
69   77   0.109
69   78   0.058
69   83   0.106
70   71   0.087
70   72   0.161
70   73   0.027
70   75   0.205
70   76   0.099
70   77   0.08
70   78   0.099
70   79   0.063
70   82   0.011
70   83   0.058
70   84   0.258
71   72   0.15
71   73   0.038
71   74   0.018
71   75   0.047
71   76   0.075
71   77   0.014
71   78   0.087
71   79   0.03
71   80   0.142
71   83   0.057
72   73   0.036
72   75   0.121
72   76   0.137
72   77   0.095
72   78   0.074
72   79   0.104
72   82   0.198
72   83   0.154
72   84   0.275
73   74   0.041
73   75   0.075
73   76   0.049
73   77   0.084
73   78   0.044
73   79   0.066
73   80   0.08
73   81   0.091
73   82   0.094
73   83   0.173
74   75   0.016
74   76   0.006
74   80   0.029
74   83   0.006
75   76   0.034
75   77   0.168
75   78   0.154
75   79   0.18
75   80   0.018
75   82   0.182
75   83   0.146
76   77   0.043
76   78   0.129
76   79   0.118
76   80   0.036
76   82   0.116
76   83   0.138
76   84   0.156
77   78   0.028
77   79   0.008
77   81   0.012
77   82   0.023
77   83   0.089
77   84   0.128
78   79   0.046
78   80   0.132
78   81   0.049
78   82   0.033
78   83   0.037
79   82   0.124
79   83   0.072
80   83   0.004
81   83   0.12
82   83   0.038
