1   7   0.15728405283307603
1   8   0.13561462684627135
1   10   0.036265363794670845
1   14   0.17448110749422452
1   17   0.24364096773063781
1   21   0.1827609699791825
1   23   0.2584999513994498
1   24   0.11690738116233278
1   29   0.15980267084781985
1   30   0.08423593608836333
1   34   0.1768921596326408
1   38   0.1534627077897206
2   9   0.16256566854300747
2   13   0.11888604454174925
2   17   0.03235235787418598
2   22   0.1596867156436665
2   24   0.1560707721612927
2   25   0.061120812523735316
2   26   0.03972484215967594
2   27   0.16872205325005307
2   36   0.06796221196093905
2   37   0.1109338271617388
2   38   0.04939215240445601
2   44   0.15473670366797698
2   51   0.03913898328418063
2   52   0.21482658453070172
2   62   0.13289293619844045
2   74   0.027335684840014952
2   75   0.17729189595273848
2   76   0.21232161575766037
3   6   0.21245200687127686
3   7   0.19030201071536237
3   8   0.19833371016554202
3   14   0.2047912675157722
3   17   0.18628244083607806
3   19   0.2694799425611043
3   21   0.2503060898256073
3   23   0.223677940164816
3   24   0.1357776183505396
3   26   0.129467717026287
3   27   0.16055718472844363
3   28   0.19416142023363506
3   29   0.21704361072510034
3   30   0.22162885015191688
3   34   0.29033940976963796
3   36   0.2703688165515664
3   37   0.22151960158216086
3   38   0.30725413087725817
3   39   0.02372921764862393
3   40   0.1874294077161261
3   43   0.2789522195063061
3   44   0.17001678485105326
3   45   0.2728754303890736
3   51   0.14224610342824062
3   52   0.23477706386691286
3   65   0.1809143969791974
3   66   0.21716469029334362
3   72   0.2924694286040348
3   73   0.25256623812345425
3   75   0.24355102952061766
3   76   0.23119587154142993
3   77   0.3198461899629478
4   6   0.14272674304949612
4   7   0.12271241101729692
4   8   0.13241480088396868
4   9   0.09719484602893039
4   10   0.04323753752086322
4   12   0.17547935190998193
4   14   0.0542206127003392
4   15   0.11642562856547722
4   20   0.17718755139367323
4   24   0.09168167535924861
4   28   0.12085971082683519
4   34   0.04921932488681837
4   36   0.17681331033120368
4   38   0.1342529575139123
4   40   0.12319409438560654
4   47   0.06953837595990425
4   53   0.06092856189178303
4   58   0.17118907751389104
4   59   0.15760834101091656
4   61   0.00600893101918298
4   69   0.00017086415366751617
4   73   0.11970560069979086
4   77   0.15578024655492081
5   6   0.21408404021391453
5   15   0.19231624699637304
5   32   0.1047059717003924
5   40   0.1879841897093868
5   41   0.0771763706364758
6   7   0.14944925213901494
6   8   0.129197255966232
6   9   0.13360152807542305
6   10   0.1757080172991636
6   12   0.1302211545707919
6   14   0.026340174488797007
6   15   0.10432314222469204
6   20   0.08225597811739606
6   23   0.1897822721716864
6   24   0.17696466694398383
6   28   0.15417998424469137
6   29   0.10773948655116053
6   30   0.14656585564878036
6   34   0.17524453549309937
6   36   0.21054420245261815
6   38   0.17149956823363874
6   40   0.1487296337752191
6   41   0.06397653045049398
6   73   0.12260586211627039
6   77   0.09314732829980724
7   8   0.13091497764746657
7   9   0.16018920332330444
7   10   0.09070883974407877
7   12   0.07979891078624787
7   14   0.12506063725481287
7   15   0.12699387594713893
7   17   0.16312111018248374
7   20   0.016840759782580754
7   21   0.18094625965953348
7   23   0.22924338540570582
7   24   0.24943812120729783
7   26   0.20134256278004703
7   27   0.1691697411148257
7   28   0.22369505253930858
7   29   0.14354564547420112
7   30   0.1901548240768952
7   33   0.1682407197630261
7   34   0.10241167567428305
7   35   0.19268817708312683
7   36   0.25503227202713236
7   38   0.15471246576615982
7   39   0.18522098716400848
7   40   0.17081877413719065
7   43   0.2637590695856611
7   58   0.16837464845883712
7   59   0.20785036431670764
7   73   0.17571094127509343
7   76   0.2170438916386838
7   77   0.2158449161401942
8   10   0.050052191068418385
8   12   0.1019302226049815
8   14   0.10891397619249579
8   15   0.1306926132402904
8   17   0.20745198490270933
8   19   0.2304832833738368
8   20   0.11306974234438709
8   21   0.18550752845556048
8   23   0.23638795852031083
8   24   0.16139165285608537
8   26   0.3121322322432509
8   27   0.1943275941938281
8   28   0.16831231521870882
8   29   0.16482911228881764
8   30   0.15299465004972893
8   34   0.10371356664518712
8   36   0.1902674984624216
8   38   0.14475800668020436
8   40   0.17696748063131715
8   41   0.18785536597869543
8   73   0.1955100601527092
8   77   0.15222682517780875
9   10   0.07888332371329584
9   12   0.10004418472403687
9   14   0.08717162907780149
9   15   0.20373755406742153
9   20   0.054255324276276065
9   22   0.15806890396169915
9   24   0.12290126684865586
9   25   0.14383397256820638
9   26   0.1508385414189497
9   27   0.15843903899394346
9   28   0.21742066909150076
9   29   0.21733525485612
9   34   0.14782299847420974
9   36   0.20873602764299903
9   37   0.14633905692763802
9   38   0.1776033263569798
9   40   0.1617001309214078
9   43   0.1510046595446337
9   45   0.2560006550143064
9   47   0.07420380105256394
9   53   0.15467209268123933
9   56   0.1999192085818928
9   58   0.1933907638793814
9   59   0.16767946540888531
9   61   0.08766597245582305
9   69   0.14471905094098594
9   73   0.08535530948710447
9   76   0.1814823016738323
9   77   0.1566232833396167
9   78   0.11194386958518418
10   12   0.16115112947179183
10   14   0.030518858297472876
10   15   0.1578103616547123
10   20   0.140552575031258
10   24   0.15383826027516395
10   28   0.10654111440538555
10   29   0.05192454245637983
10   30   0.16805721728035056
10   34   0.08684398169778561
10   35   0.20453230834231834
10   36   0.1299890507724263
10   38   0.10852926572036008
10   40   0.0604953229301685
10   41   0.13268541312345805
10   43   0.22590147291356452
10   53   0.18128721927658126
10   56   0.11607484051812246
10   58   0.1629224680073338
10   59   0.17619740965211805
10   61   0.15839877383390782
10   69   0.1602552341438965
10   73   0.15511131546491863
10   77   0.1844472198237688
11   13   0.15960102382268399
11   17   0.18700031558183006
11   18   0.13433219263789117
11   19   0.11489817282926958
11   25   0.07567359157511942
11   26   0.1476599306610828
11   27   0.25044153375383
11   34   0.026510128005061306
11   36   0.0595419680806877
11   37   0.07602318479371696
11   38   0.10011567775569229
11   62   0.09536272903540789
11   75   0.12235123975694133
11   76   0.14809313440885058
12   14   0.10527079638359021
12   15   0.07764137884762867
12   20   0.19443905158831232
12   24   0.04780518194725674
12   28   0.16818110783217713
12   29   0.1855342602207383
12   34   0.11452144992250182
12   36   0.14427368398939916
12   38   0.19229790124203144
12   40   0.11594200218995097
12   41   0.1694898523073741
12   53   0.1725160448300899
12   59   0.14356600782215848
12   61   0.13995143545080577
12   73   0.0854929998923332
12   77   0.16398159302821308
13   22   0.07735672181665369
13   25   0.15153275007044734
13   26   0.047390973698614794
13   27   0.09687891574032972
13   31   0.13397313590227206
13   34   0.08243765796742028
13   37   0.19670038396866701
13   38   0.02454814748519691
13   44   0.1818675438152508
13   51   0.09600909454394435
13   62   0.1381217991065291
13   74   0.10435389063780232
13   75   0.1401614272603623
13   76   0.133517807638115
14   17   0.21554068764263043
14   19   0.27078190041254474
14   20   0.05334689417898504
14   21   0.1885658076860917
14   23   0.22562711068393793
14   24   0.1364820047979316
14   26   0.2444111076757903
14   27   0.23931268424047863
14   28   0.11217925000989643
14   29   0.22349347406011968
14   30   0.14064584331433078
14   34   0.18357532860152748
14   36   0.2238865638909069
14   38   0.15704449167418807
14   40   0.2410179804926509
14   41   0.23207611918972262
14   73   0.19934821353872711
14   77   0.16926786925382364
15   20   0.12465710706997048
15   22   0.15781855068476536
15   24   0.18558045001204396
15   27   0.13971863406270882
15   28   0.25217100460454456
15   36   0.17670390295754052
15   40   0.19749240484950784
15   73   0.02516607966090914
15   77   0.0122484627241447
16   17   0.2044265762265183
16   21   0.2122344029475613
16   22   0.14717152082336282
16   23   0.05737796584223529
16   24   0.18632110475418145
16   27   0.1819549195576833
16   28   0.1811915433934311
16   34   0.1290434358941005
16   36   0.26973017289889545
16   37   0.3022723238456733
16   38   0.2660505599265473
16   39   0.20278562573652356
16   40   0.253166596782122
16   45   0.2762369166846488
16   52   0.2516492798375476
16   65   0.1768366140922405
16   70   0.22417443150646954
16   71   0.11764238158560669
16   72   0.25002450424952655
16   73   0.18252751333205397
16   76   0.18355696430282406
16   77   0.2029015724788
17   18   0.2129008396749731
17   19   0.2246256530049266
17   21   0.23411014968892827
17   23   0.17161433491435538
17   24   0.22144624791008416
17   26   0.17139333283643868
17   27   0.3023584151547455
17   28   0.14471945106573142
17   29   0.24164713691556064
17   30   0.22989810404612018
17   33   0.23021045935544776
17   34   0.12803617970079542
17   36   0.27139933688631507
17   37   0.2732758071500522
17   38   0.22398515640046365
17   39   0.09599743760199742
17   51   0.10102824141892851
17   52   0.30654546045533315
17   72   0.32057989455608654
17   75   0.20305391873037376
17   76   0.23458755719837987
18   19   0.23177901542794418
18   23   0.22868109286700006
18   26   0.13322316908694892
18   27   0.1813016759657904
18   34   0.15930928164110514
18   36   0.10015922861340797
18   37   0.18281901810025308
18   38   0.12370461166412616
18   75   0.11801653373626407
18   76   0.1767278421191205
19   23   0.2502705887560994
19   26   0.12199491130521178
19   27   0.2048634267747083
19   29   0.2919160387396679
19   30   0.2721853019515416
19   34   0.04531021537494323
19   36   0.11976575658711716
19   37   0.23003141030328897
19   38   0.1802566597871829
19   39   0.03533144512649493
19   51   0.12452345152596629
19   75   0.17303391436655421
19   76   0.19172454782827772
20   24   0.07145072674495437
20   28   0.15050504379414453
20   29   0.06933009808517962
20   34   0.14454995493185177
20   36   0.0812612888462242
20   38   0.1534616280769576
20   40   0.12961628296457386
20   53   0.18504915928398083
20   58   0.11909883929807098
20   61   0.017924036179576084
20   73   0.1230603363457389
20   77   0.14163283564847867
21   22   0.15770110810019827
21   23   0.20403929846334506
21   24   0.14692817139744124
21   26   0.28667013611661357
21   27   0.23338266437916869
21   28   0.13859653940374375
21   29   0.1071281506823706
21   30   0.15197290772985705
21   33   0.019734312073439883
21   34   0.08222233781392697
21   35   0.3209999641634866
21   36   0.24587112165288616
21   37   0.2825737349469553
21   38   0.23482443189300875
21   39   0.27567034315093375
21   40   0.23956057263247874
21   43   0.3070021270776297
21   45   0.06317242546639261
21   65   0.21532647456807863
21   70   0.26753239632379694
21   71   0.2471310022398395
21   72   0.2885303761176385
21   73   0.22994514425034454
21   76   0.21513750528594316
21   77   0.21890688539547176
21   78   0.19411628937560188
21   79   0.2293488459341854
21   84   0.29172288441803085
22   23   0.1473677856941525
22   24   0.16641448028266137
22   25   0.11753121790538289
22   27   0.17903625625883543
22   28   0.25745107307095666
22   36   0.2051335850871812
22   37   0.18215081690025414
22   38   0.06916368746687501
22   43   0.2358846335971199
22   52   0.17289984943858094
22   65   0.07332543179140538
22   70   0.18465272049815798
22   71   0.05338857617915608
22   72   0.17709748328469357
22   73   0.09540234622245283
22   75   0.08820647117200732
22   76   0.1602245011590226
22   77   0.1596476019172512
23   24   0.30368745323052626
23   26   0.3038409336696423
23   27   0.23464431921975745
23   28   0.2592727421521574
23   29   0.2145807379772818
23   30   0.2448215042341096
23   33   0.2165740105008725
23   34   0.24679933191172798
23   35   0.3032890967821081
23   36   0.27226334771378363
23   37   0.29869661933878366
23   38   0.252129784731297
23   39   0.2387435287017581
23   40   0.2390355651149667
23   43   0.26511082419855186
23   44   0.14178976912049268
23   45   0.3261473657593893
23   46   0.24079591864936986
23   52   0.292873322295054
23   65   0.19251872631873704
23   70   0.22123850216793542
23   71   0.16974868662591705
23   72   0.285462889243276
23   73   0.18840093317801848
23   76   0.27043918726657695
23   77   0.24737149506576964
23   84   0.2554466749606544
24   25   0.14702224528984287
24   26   0.11187207594120849
24   27   0.2567293388440301
24   28   0.2703728195996933
24   29   0.1843024754962936
24   30   0.2211794895301076
24   33   0.20816063271671847
24   34   0.18184289436008064
24   36   0.300602262732193
24   37   0.3308007765576589
24   38   0.2295956303010308
24   39   0.21342467002049145
24   40   0.200905544405267
24   43   0.2124060292115479
24   45   0.24280231748130915
24   47   0.16948802751572137
24   51   0.18813239842686358
24   52   0.24036079380782255
24   53   0.19633036796206632
24   55   0.1385852643583897
24   56   0.20478918433859333
24   58   0.14365105667368436
24   59   0.28338639910969404
24   61   0.19139877970807684
24   63   0.200206879792689
24   65   0.21472330994294436
24   69   0.04189936884366343
24   70   0.29741983149115375
24   71   0.20093963611078675
24   72   0.27416737373453015
24   73   0.13760862948306207
24   76   0.22041090814081443
24   77   0.16374270350617492
24   78   0.2592041139943893
24   79   0.24541649112428507
24   83   0.3046399784833258
25   26   0.06222668319814936
25   27   0.09000899399779132
25   31   0.033655720847898404
25   37   0.07120394026949457
25   38   0.023422829140374003
25   45   0.06964567160371381
25   51   0.13596228779237637
25   62   0.10664622064716996
25   74   0.03487623526670932
25   75   0.16580278342895122
25   76   0.12130234075287392
26   27   0.15822629563801144
26   28   0.13100085436631112
26   29   0.30759428801002864
26   30   0.2561734294805408
26   31   0.10456530748967746
26   34   0.1282418625564676
26   36   0.07862877409442502
26   37   0.15097984288557983
26   38   0.13695816517954348
26   39   0.010494719308335997
26   43   0.13243134009732013
26   44   0.16194466346778266
26   45   0.14682121523931127
26   46   0.19621310406097614
26   51   0.1320590095723122
26   52   0.20375247840440297
26   60   0.12544564554265653
26   62   0.14535698424936133
26   66   0.20050334142097262
26   67   0.094566274206194
26   68   0.16373597949710378
26   72   0.2399202383189097
26   73   0.101018623710573
26   74   0.11158031824766491
26   75   0.15874072636165298
26   76   0.16854334404290378
26   80   0.12736593872855204
26   83   0.2231547365287027
26   84   0.17399493794464357
27   28   0.3297327371652584
27   29   0.2463628490715993
27   30   0.29800950914553503
27   31   0.07144547543235147
27   34   0.20216482353064855
27   35   0.3473435168132397
27   36   0.25034190676003815
27   37   0.20942403713210303
27   38   0.2645037490737202
27   39   0.13529472503850645
27   40   0.23469535080233794
27   43   0.20884065232566218
27   44   0.1942466057521953
27   45   0.24562412630595404
27   46   0.2132297254047189
27   51   0.1251322466507877
27   52   0.24404622331547104
27   56   0.2478423891523377
27   58   0.26691227765288256
27   60   0.057309691673118626
27   62   0.15457256032355163
27   65   0.16424999687679015
27   66   0.22461578886317893
27   67   0.0995268723791089
27   68   0.22217023373596217
27   70   0.2734409341371444
27   71   0.1628975198900394
27   72   0.2850760879445892
27   73   0.2120254146505138
27   74   0.0919064687908486
27   75   0.18363907348053085
27   76   0.21523201801560213
27   77   0.2975544721300513
27   79   0.18554453065251728
27   80   0.11462766612107027
27   83   0.23106859397754323
27   84   0.2584763742331588
28   29   0.18195822753394245
28   30   0.11293261100875174
28   33   0.15415289795823245
28   34   0.1235625504702162
28   35   0.27253134112938426
28   36   0.26909672235555615
28   37   0.29781506533039737
28   38   0.21711684903635367
28   39   0.2091558825072187
28   40   0.17341009352595838
28   41   0.27827396387123454
28   43   0.24513925658408214
28   45   0.2781142354669687
28   47   0.16086635092523563
28   52   0.3164247809003973
28   53   0.23688286592060784
28   55   0.19992274590090717
28   56   0.30208013990905663
28   57   0.31202872404509047
28   58   0.22831296534691511
28   59   0.33227858486951495
28   61   0.1828323064702028
28   63   0.24732859146764832
28   65   0.26387348695228396
28   69   0.2260445824448323
28   70   0.3045858034740471
28   71   0.2884620806235208
28   72   0.27732649338797655
28   73   0.1813111728524661
28   76   0.26567390074870484
28   77   0.24246038217556376
28   78   0.2559977398641004
28   79   0.26453080146418356
28   83   0.03982592727921002
28   84   0.24921948519305495
29   30   0.0982443482160378
29   32   0.020112623299299002
29   33   0.1206695891517598
29   34   0.08239518029663402
29   36   0.1781301934320722
29   37   0.252109033589638
29   38   0.15240938765791703
29   40   0.17847777416434
29   43   0.23735815311647296
29   73   0.17536214696573496
29   77   0.2034595189396447
30   33   0.09033262214912713
30   34   0.09081269984689284
30   36   0.28777739120736123
30   38   0.21145354697044674
30   39   0.2244671753179373
30   40   0.11985993734982014
30   76   0.26785163783565397
31   37   0.11792940046489005
31   38   0.11982082994492547
31   62   0.14261453214490105
31   75   0.14695995691514638
31   76   0.12205513763217676
31   80   0.09583759592564144
32   34   0.07548420945888727
32   36   0.23872285721138475
32   41   0.2623162428070185
33   34   0.06073342825358562
33   38   0.088616998043853
34   36   0.0541172031038169
34   37   0.20024260866594865
34   38   0.033946303653387196
34   39   0.0026678664969728722
34   40   0.26414554055606576
34   41   0.06394103783389843
34   73   0.14329542518038016
34   75   0.15895567606970062
34   76   0.16467315692769074
34   77   0.22424741291568762
35   36   0.12437193540406681
35   37   0.28194597803703025
35   38   0.1200310831930823
35   39   0.013235052957027916
35   41   0.029561698880289665
35   43   0.22289190806822004
35   44   0.19441922024397518
35   46   0.3366104305784884
35   72   0.3637014722425322
35   77   0.24068859237464238
35   84   0.1112475714650202
36   37   0.10806212701233554
36   38   0.14853977578967392
36   39   0.0162192047757262
36   40   0.11733759970106472
36   41   0.3018006035279686
36   43   0.27937412919762816
36   45   0.2462180401484902
36   46   0.03164498843428866
36   47   0.21049429302234712
36   51   0.09432959260967833
36   52   0.2665878296826811
36   56   0.2419987838455888
36   58   0.20240463033839434
36   65   0.23583632501525037
36   70   0.2687157926643547
36   71   0.22592465775906884
36   72   0.30151288068346577
36   73   0.22337606973380092
36   75   0.21631759250875837
36   76   0.22055888447164346
36   77   0.24516440029926698
36   78   0.23620885546305265
36   83   0.2063563713453864
36   84   0.1140549551833112
37   38   0.06071983046896564
37   39   0.025197403952866865
37   40   0.24575479505901723
37   43   0.09739338990231848
37   44   0.21001221686063334
37   45   0.20319776730052902
37   51   0.0782752067588029
37   52   0.16799042104096895
37   62   0.11884848781358598
37   74   0.02695761329132963
37   75   0.18513582740621076
37   76   0.1628931174959538
37   80   0.10836418535935624
37   84   0.2699617445739158
38   39   0.08366215431006176
38   40   0.16294268033569367
38   41   0.04151212629336624
38   43   0.19386307204539052
38   44   0.15719356961764655
38   45   0.1552851930262532
38   46   0.10197180789199169
38   51   0.1982093193503695
38   52   0.3065240177476554
38   56   0.21224857560882363
38   62   0.15469776327432494
38   65   0.2532207674925302
38   71   0.1186626284441425
38   72   0.30831714246511255
38   73   0.21857211331629148
38   75   0.1610929066737044
38   76   0.20840661798259344
38   77   0.22638267786328614
38   83   0.22373295804656076
38   84   0.22507834772539895
39   40   0.03628936032257434
39   43   0.05453517301584917
39   72   0.04358044374976539
39   75   0.0321507817429537
39   76   0.052021074890545596
39   84   0.16154438462524595
40   41   0.28300765985305976
40   43   0.056521869718436944
40   47   0.06466144787960945
40   58   0.15798763015809877
40   59   0.060788047018227806
40   61   0.11465505589691462
40   73   0.08341515244491152
40   77   0.14799745930942287
43   44   0.10846988069349436
43   45   0.15160292815247609
43   46   0.03701334159931775
43   47   0.13901781009643413
43   48   0.21844906027717464
43   51   0.173956564508977
43   52   0.2878640306472738
43   53   0.17918908768846906
43   55   0.1605783112217227
43   56   0.23403794515135395
43   57   0.2621774544069025
43   58   0.316829109744728
43   59   0.17005094569189902
43   61   0.1452625821225593
43   63   0.2208375516617354
43   64   0.17272182761266025
43   65   0.32455583170990626
43   66   0.22794368310943858
43   67   0.09963081138379677
43   68   0.19373716676270175
43   69   0.17398260980285352
43   70   0.26899962297136387
43   71   0.20335452995614342
43   72   0.375125057256147
43   73   0.22558671379048922
43   75   0.152849015766438
43   76   0.239653377536429
43   77   0.22757675478614586
43   78   0.20358751691134427
43   79   0.2572826601242428
43   83   0.06035388247583833
43   84   0.13535332301796676
44   45   0.030859306501548008
44   46   0.06987786557529835
44   47   0.06101530577891263
44   49   0.14743070421540602
44   51   0.13767094524050918
44   52   0.2344406262805605
44   56   0.2309969192667449
44   60   0.008978925336939662
44   62   0.05084958056295654
44   65   0.2618546218685924
44   66   0.1875930902542363
44   67   0.12217325012970251
44   68   0.1873490352595247
44   70   0.33261740352720415
44   71   0.16399812185330584
44   72   0.33768735767433933
44   73   0.16060475456252632
44   75   0.17281318623475483
44   76   0.15304865941992885
44   77   0.2627766142901404
44   80   0.04614071721752951
44   83   0.1558038539380945
44   84   0.17538347428437281
45   46   0.03907348510568661
45   47   0.19205715432700662
45   48   0.03597804463076712
45   49   0.06947826565297704
45   50   0.25692728705102763
45   51   0.17115780654940865
45   52   0.3224288893530594
45   53   0.15955961408381072
45   55   0.12884148995189385
45   56   0.168702369429512
45   57   0.17098802859569212
45   58   0.23398827857001248
45   59   0.15533060583744532
45   60   0.05866739422311392
45   61   0.16861526585914222
45   62   0.032217518308214954
45   63   0.1881621446113614
45   65   0.313906841933368
45   66   0.2326626723195442
45   67   0.07057201491786462
45   68   0.15617678325037654
45   69   0.17674131389251543
45   70   0.24969459946994083
45   71   0.2214472193492486
45   72   0.3499651831884884
45   73   0.21157160268700234
45   74   0.11133812955058413
45   75   0.1543451179773456
45   76   0.28380700948537935
45   77   0.24256750183084877
45   78   0.22610565459938153
45   79   0.23813568264327156
45   80   0.02205996395571543
45   82   0.1538178713510891
45   83   0.032223440526960176
45   84   0.11078488368241829
46   47   0.09048535360803803
46   48   0.0017463271023343372
46   52   0.25418058028159696
46   56   0.0901636463781623
46   63   0.10497307792640859
46   65   0.4109244571255589
46   66   0.18781020598235507
46   67   0.12608635081332575
46   68   0.20821543867672482
46   70   0.2838533689611105
46   72   0.3740406347208202
46   73   0.2841466042310182
46   75   0.14519503981134704
46   76   0.25073327371890586
46   77   0.28591113675336643
46   79   0.22028765017902494
46   83   0.16502023532541235
46   84   0.20497460241662474
47   48   0.19132213954726018
47   52   0.13659450841389587
47   53   0.11489534321353977
47   54   0.3228814332678118
47   55   0.07983481780217665
47   56   0.15402410841008138
47   57   0.17619912737889978
47   58   0.14440002900409632
47   59   0.19264596932654593
47   61   0.2445842068647242
47   63   0.1833834458732508
47   64   0.19730901429448158
47   69   0.16307525822627789
47   71   0.11782915922943689
47   72   0.37222328544432476
47   73   0.21132689305864316
47   76   0.23703847772287845
47   77   0.18973091319762864
47   78   0.19699803100458113
47   79   0.12682873297000177
47   81   0.2829607275061074
47   83   0.19997830592748997
47   84   0.22087459225743908
48   54   0.10348498472068718
48   55   0.15797767952968783
48   57   0.2489040757789898
48   59   0.19039853660493306
48   61   0.11657800836361328
48   63   0.2237329011631055
48   73   0.13459207203995116
48   77   0.20955281209391668
48   81   0.24303438061946123
48   83   0.02361210314638981
49   60   0.13548059636253268
50   56   0.17448692567800578
50   57   0.10944756277273604
50   59   0.10155181056626693
50   63   0.15566224778937338
50   77   0.1653411250786812
50   78   0.035192616981973866
50   79   0.13645052904108054
50   83   0.21905638160163798
51   58   0.20787046011164292
51   62   0.15180666193948872
51   71   0.123357522186996
51   73   0.16587669721810036
51   74   0.12131585280527464
51   75   0.17069140395317542
51   76   0.13852199475126023
52   56   0.26690997896930413
52   59   0.18133618465557408
52   66   0.23622941159116503
52   68   0.23903112873694918
52   70   0.303928419762607
52   72   0.24033777206440618
52   73   0.09365645073154893
52   75   0.20957349647323473
52   76   0.19635414741406979
52   77   0.26321723951159764
52   79   0.30508116050791595
52   83   0.26208228430457137
52   84   0.2992678892156427
53   55   0.1009550308839702
53   56   0.13719674861386608
53   57   0.1950449562650811
53   58   0.08930444104521951
53   59   0.2809869273868281
53   61   0.14550470522575648
53   63   0.12228046967705558
53   69   0.21186750071853755
53   73   0.07755569626260596
53   77   0.13120333680344376
53   78   0.15354607506454854
53   83   0.20740283998494644
54   55   0.22102472188980676
54   64   0.10790077682943221
55   56   0.17776980458711722
55   57   0.20871407999545558
55   58   0.14012709779193377
55   59   0.1918182498408502
55   61   0.12611489527499645
55   63   0.08874297613951436
55   64   0.13302381115300302
55   69   0.14845326986643298
55   73   0.09921039257278035
55   77   0.17382381243294273
55   78   0.10445544996331617
55   83   0.22758556648361955
56   57   0.18847116392316587
56   58   0.19102239608849036
56   59   0.23174580029272074
56   61   0.15013237714016225
56   63   0.09069310510936496
56   64   0.16008115580795432
56   66   0.2461805503056346
56   68   0.27586831705733095
56   69   0.15816769709707787
56   70   0.19469191452953374
56   72   0.2165763025830715
56   73   0.17301088446392132
56   75   0.2475660382275934
56   76   0.3061194355342495
56   77   0.08001268424657323
56   78   0.1387826991264676
56   79   0.17213705589725842
56   82   0.13125399721751657
56   83   0.216589552520909
57   59   0.12886543680556387
57   61   0.09251105219360997
57   63   0.2562939498444924
57   64   0.23380736024225063
57   66   0.2135263517803829
57   69   0.03288378492198227
57   70   0.19353335402388588
57   72   0.23148817657042822
57   73   0.18135566332344
57   75   0.2541389351898649
57   76   0.2673498095518499
57   77   0.2112761359387423
57   78   0.1663287930824483
57   79   0.19621503175115826
57   83   0.23817956009619606
58   59   0.2138681775434308
58   61   0.06892212847660427
58   63   0.1784223021855553
58   64   0.09081757513587194
58   69   0.09669667132907814
58   71   0.08702241377826839
58   73   0.03441358590853395
58   74   0.22753335368070102
58   76   0.26833548351690717
58   77   0.14052085320675872
58   78   0.19339491518477878
58   79   0.21240368611739735
58   83   0.2773031573340754
59   61   0.1268387402584637
59   63   0.004672758134593459
59   64   0.16536509869696617
59   69   0.0948373681630237
59   72   0.24837682594234697
59   73   0.17013914018525395
59   77   0.25406011740020057
59   78   0.11831345355258613
59   83   0.1656105401162261
60   62   0.15009946362721935
60   66   0.09498245944124051
60   67   0.11511194098356362
60   68   0.05626437883213228
60   75   0.08419826717307873
60   76   0.1682595338962875
60   83   0.12955168377378334
61   63   0.12309143286795662
61   64   0.13606582098088604
61   69   0.13363840792991719
61   73   0.1232582176098301
61   77   0.17212890851366847
61   78   0.12653360159430613
61   83   0.15631495034618118
62   74   0.13919340781183132
62   75   0.11396838381472646
62   76   0.039014532852805
62   83   0.08833568753840093
63   64   0.1628653557453632
63   66   0.22186137219112828
63   68   0.19907441057167186
63   69   0.12025655844701698
63   70   0.233170387155385
63   72   0.19106679581714417
63   73   0.09089458274764899
63   75   0.2569147047325405
63   76   0.23635522813280418
63   77   0.1551768085818219
63   78   0.21690034125698018
63   79   0.15680006000970137
63   83   0.24224115767363347
64   69   0.00820107167270739
64   71   0.1336007031849867
64   73   0.14266090746752785
64   76   0.26649861746161413
64   77   0.1422855522782489
65   66   0.2904108809185391
65   70   0.10452891544166475
65   71   0.13839849878321864
65   72   0.16647253537522616
65   73   0.0639645785618011
65   76   0.07171590948873591
65   77   0.12145705373814887
65   79   0.30454031694286665
65   83   0.07736889093972246
65   84   0.28120525091480536
66   67   0.15411345288794784
66   68   0.2732685968622605
66   70   0.18113490209170946
66   72   0.18048834529795282
66   73   0.24072836069650672
66   75   0.23387871226149642
66   76   0.2409991741512097
66   77   0.24353495841487513
66   78   0.23117033495440417
66   79   0.2782583562745248
66   83   0.15852064444775055
67   68   0.23105006745306972
67   72   0.2887108042807858
67   75   0.0458736102593392
67   76   0.18116077418844387
67   83   0.15190848785840286
68   70   0.23662997184374213
68   72   0.2673375310488153
68   75   0.18627124025151956
68   76   0.19786558543372498
68   77   0.23152981443831833
68   79   0.2893987849962022
68   83   0.08648319913133615
69   73   0.10806633480156201
69   77   0.2145477837924401
69   78   0.07849806000695529
69   83   0.1612102735316588
70   71   0.17081340659436584
70   72   0.22021684424065563
70   73   0.0060403760257518166
70   75   0.30653036205882017
70   76   0.2211131001912239
70   77   0.14770188538342732
70   78   0.21549042121813589
70   79   0.17857995693167375
70   82   0.05224894432886315
70   83   0.16687994721867486
70   84   0.33310115821044317
71   72   0.2556434004199197
71   73   0.09344906335924734
71   74   0.14585525174290206
71   76   0.18019985809925423
71   77   0.10216063446444115
72   73   0.14083132221164638
72   75   0.26178365689625477
72   76   0.20846609805181182
72   77   0.20574662036623464
72   78   0.18321294710467503
72   79   0.21410168691425033
72   83   0.25928054312231763
72   84   0.3397742183477828
73   74   0.1353223551892196
73   76   0.16026234369186917
73   77   0.11710596687527558
73   78   0.14048328636734203
73   79   0.17413969505883028
73   83   0.2663596494005509
73   84   0.2989940277260747
74   76   0.09611055974895687
75   76   0.13269253294057629
75   77   0.23159375832811582
75   78   0.26605824979684567
75   79   0.282965968518276
75   80   0.10378256784320193
75   83   0.25025232647244355
75   84   0.14402802641260135
76   77   0.1731992927095048
76   78   0.2538565859248967
76   79   0.2553081511502382
76   80   0.17841615332711772
76   83   0.25303931181618067
76   84   0.24547827134015746
77   78   0.13731168964242982
77   79   0.10864846062916267
77   82   0.08689310220394877
77   83   0.20868772207439748
77   84   0.23389183233767222
78   79   0.18209253707422882
78   81   0.12009649868428161
78   82   0.11126647409698304
78   83   0.1859204591171006
79   82   0.1664980342951002
79   83   0.20252007217475898
81   83   0.24378370935530916
82   83   0.07858589700306784
