1   7   0.141
1   8   0.125
1   14   0.082
1   23   0.213
1   29   0.065
1   30   0.042
2   9   0.087
2   13   0.008
2   22   0.125
2   24   0.09
2   25   0.008
2   26   0.024
2   27   0.115
2   31   0.017
2   36   0.063
2   37   0.066
2   38   0.052
2   42   0.073
2   51   0.009
2   76   0.072
3   7   0.165
3   8   0.158
3   17   0.134
3   21   0.111
3   23   0.135
3   26   0.116
3   27   0.022
3   36   0.156
3   37   0.142
3   38   0.192
3   39   0.02
3   76   0.139
4   9   0.061
4   10   0.089
4   12   0.132
4   15   0.066
4   20   0.155
4   24   0.072
4   28   0.068
5   6   0.128
5   12   0.06
5   15   0.159
5   24   0.105
5   32   0.043
5   34   0.069
5   40   0.112
5   41   0.006
6   7   0.106
6   8   0.058
6   10   0.086
6   12   0.119
6   15   0.078
6   28   0.106
6   32   0.118
6   40   0.082
6   41   0.011
7   8   0.104
7   10   0.053
7   14   0.051
7   23   0.212
7   24   0.213
7   28   0.173
7   29   0.103
7   30   0.128
7   33   0.13
7   36   0.193
7   38   0.102
8   10   0.017
8   12   0.062
8   14   0.012
8   17   0.219
8   23   0.208
8   28   0.114
8   30   0.107
8   32   0.027
8   40   0.09
8   41   0.127
9   10   0.011
9   12   0.003
9   15   0.111
9   20   0.007
9   22   0.138
9   24   0.082
9   27   0.111
9   28   0.199
9   36   0.104
9   40   0.092
9   58   0.106
9   73   0.007
9   77   0.08
10   12   0.141
10   14   0.057
10   15   0.117
10   20   0.12
10   28   0.057
10   29   0.003
10   34   0.038
10   36   0.066
10   40   0.012
10   41   0.045
11   13   0.077
11   17   0.119
11   18   0.026
11   19   0.054
11   25   0.029
11   26   0.088
11   27   0.138
11   31   0.092
11   34   0.074
11   37   0.006
11   38   0.026
11   42   0.031
11   49   0.125
11   62   0.006
11   80   0.093
12   15   0.013
12   20   0.12
12   24   0.051
12   28   0.134
12   40   0.069
13   25   0.082
13   26   0.026
13   27   0.043
13   31   0.096
13   34   0.184
13   36   0.131
13   37   0.116
13   38   0.075
13   41   0.085
13   42   0.07
13   44   0.024
13   49   0.045
13   62   0.017
13   74   0.016
13   75   0.009
13   76   0.008
13   80   0.1
14   17   0.208
14   23   0.194
14   28   0.087
14   29   0.11
14   30   0.081
14   32   0.026
14   34   0.086
14   41   0.181
15   20   0.116
15   24   0.145
15   28   0.182
15   36   0.153
15   40   0.113
16   21   0.124
16   22   0.089
16   23   0.06
16   24   0.178
16   27   0.098
16   28   0.172
16   36   0.217
16   38   0.237
16   39   0.167
16   65   0.11
16   71   0.082
16   72   0.17
16   76   0.113
17   18   0.146
17   19   0.188
17   21   0.175
17   23   0.101
17   26   0.116
17   27   0.22
17   29   0.193
17   30   0.191
17   34   0.064
17   36   0.211
17   37   0.234
17   38   0.188
17   76   0.16
18   19   0.181
18   26   0.101
18   27   0.094
18   31   0.018
18   34   0.096
18   36   0.073
18   37   0.129
18   38   0.061
18   75   0.025
18   76   0.089
19   26   0.077
19   27   0.145
19   34   0.007
19   36   0.12
19   37   0.206
19   38   0.167
19   76   0.115
20   24   0.048
20   28   0.129
21   23   0.103
21   28   0.048
21   30   0.081
21   33   0.016
21   34   0.081
21   36   0.174
21   37   0.231
21   38   0.157
21   39   0.172
21   40   0.159
22   23   0.072
22   24   0.11
22   25   0.02
22   27   0.15
22   28   0.162
22   65   0.005
22   71   0.027
22   72   0.084
22   76   0.096
23   27   0.13
23   28   0.142
23   29   0.146
23   30   0.186
23   33   0.155
23   34   0.243
23   36   0.224
23   37   0.202
23   38   0.214
23   39   0.169
23   40   0.195
23   65   0.112
23   71   0.085
23   72   0.177
24   27   0.166
24   28   0.213
24   33   0.13
24   36   0.215
24   40   0.15
24   58   0.14
24   71   0.15
24   73   0.087
24   77   0.121
25   26   0.007
25   27   0.018
25   31   0.054
25   42   0.05
25   49   0.001
25   62   0.015
25   74   0.075
25   75   0.036
25   76   0.032
25   80   0.122
26   27   0.103
26   31   0.014
26   34   0.095
26   36   0.051
26   37   0.107
26   38   0.114
26   39   0.04
26   42   0.074
26   51   0.041
26   62   0.01
26   67   0.009
26   74   0.012
26   75   0.066
26   76   0.078
26   80   0.012
27   28   0.195
27   31   0.014
27   34   0.132
27   36   0.185
27   37   0.139
27   38   0.192
27   39   0.067
27   43   0.092
27   44   0.093
27   45   0.134
27   46   0.108
27   51   0.056
27   52   0.14
27   62   0.051
27   65   0.067
27   66   0.08
27   68   0.102
27   71   0.114
27   72   0.169
27   74   0.014
27   75   0.073
27   76   0.109
27   80   0.005
28   29   0.138
28   30   0.017
28   33   0.104
28   34   0.065
28   36   0.207
28   38   0.144
28   39   0.103
28   40   0.107
28   58   0.231
28   73   0.153
28   77   0.235
29   30   0.009
29   32   0.099
29   33   0.034
29   34   0.04
29   41   0.115
30   33   0.04
30   34   0.044
30   36   0.202
30   38   0.129
31   34   0.021
31   37   0.01
31   38   0.048
31   62   0.006
31   74   0.044
31   75   0.001
31   76   0.004
31   80   0.037
32   34   0.02
32   36   0.073
32   40   0.054
32   41   0.131
33   34   0.026
33   38   0.01
34   36   0.059
34   38   0.007
34   41   0.065
34   42   0.023
35   36   0.092
35   39   0.055
35   46   0.271
35   84   0.111
36   37   0.036
36   38   0.062
36   39   0.133
36   40   0.033
36   41   0.116
36   42   0.11
36   76   0.149
36   84   0.102
37   38   0.029
37   39   0.066
37   42   0.076
37   76   0.08
38   39   0.119
38   41   0.061
38   42   0.102
38   76   0.137
39   40   0.072
39   41   0.014
39   76   0.001
39   84   0.143
40   41   0.145
42   44   0.045
42   49   0.067
42   62   0.018
43   44   0.008
43   45   0.034
43   46   0.085
43   47   0.107
43   48   0.163
43   49   0.053
43   51   0.042
43   52   0.146
43   56   0.128
43   58   0.206
43   59   0.081
43   64   0.158
43   65   0.235
43   67   0.011
43   68   0.113
43   70   0.195
43   71   0.136
43   72   0.296
43   73   0.121
43   75   0.059
43   76   0.133
43   77   0.124
43   81   0.167
43   83   0.007
43   84   0.085
44   45   0.111
44   46   0.016
44   49   0.033
44   51   0.048
44   52   0.118
44   60   0.081
44   62   0.007
44   66   0.069
44   67   0.049
44   68   0.103
44   70   0.261
44   72   0.238
44   75   0.107
44   76   0.061
44   80   0.046
45   46   0.055
45   48   0.032
45   49   0.004
45   51   0.06
45   52   0.176
45   56   0.049
45   59   0.074
45   60   0.037
45   62   0.033
45   66   0.077
45   67   0.034
45   68   0.06
45   70   0.129
45   72   0.224
45   73   0.112
45   75   0.076
45   76   0.176
45   77   0.12
45   78   0.133
45   79   0.1
45   80   0.073
45   82   0.029
45   83   0.017
46   47   0.046
46   48   0.022
46   52   0.12
46   65   0.328
46   70   0.192
46   72   0.283
46   75   0.084
46   76   0.152
46   77   0.198
46   84   0.151
47   48   0.13
47   54   0.259
47   55   0.034
47   56   0.074
47   57   0.104
47   58   0.074
47   59   0.082
47   61   0.112
47   63   0.118
47   64   0.135
47   72   0.323
47   73   0.122
47   77   0.083
47   81   0.259
48   54   0.027
48   55   0.078
48   57   0.207
48   59   0.101
48   63   0.15
48   77   0.111
48   78   0.072
48   81   0.135
48   83   0.004
49   51   0.049
49   60   0.043
49   62   0.058
49   74   0.153
49   80   0.017
49   83   0.125
50   56   0.145
50   57   0.025
50   63   0.047
50   78   0.054
50   79   0.063
51   58   0.109
51   62   0.041
51   71   0.043
51   73   0.079
51   74   0.031
51   75   0.067
51   76   0.047
52   56   0.246
52   57   0.2
52   66   0.048
52   68   0.115
52   72   0.144
52   75   0.124
52   76   0.064
52   77   0.162
53   58   0.023
53   59   0.258
53   61   0.043
53   69   0.094
53   73   0.045
53   77   0.061
54   55   0.168
54   64   0.077
54   73   0.07
54   81   0.06
54   83   0.147
55   56   0.118
55   57   0.132
55   59   0.105
55   61   0.05
55   64   0.011
55   77   0.118
55   81   0.083
56   57   0.106
56   59   0.168
56   63   0.025
56   66   0.167
56   70   0.101
56   72   0.154
56   77   0.011
56   78   0.059
56   79   0.109
56   83   0.104
57   59   0.072
57   61   0.041
57   63   0.157
57   64   0.127
57   77   0.113
57   79   0.115
57   81   0.064
58   59   0.106
58   61   0.048
58   64   0.069
58   71   0.003
58   73   0.039
58   76   0.132
58   77   0.054
59   61   0.109
59   63   0.035
59   64   0.074
59   69   0.03
59   77   0.165
59   78   0.059
59   83   0.094
60   62   0.082
60   67   0.015
60   68   0.05
60   74   0.085
60   75   0.014
60   80   0.063
60   83   0.05
61   64   0.048
61   69   0.078
61   73   0.057
61   77   0.093
62   74   0.073
62   80   0.092
62   83   0.166
63   75   0.191
63   77   0.06
63   78   0.13
63   79   0.057
63   81   0.035
63   83   0.153
64   69   0.104
64   73   0.053
64   77   0.004
65   70   0.021
65   71   0.043
65   72   0.184
65   73   0.016
65   76   0.032
65   77   0.074
66   67   0.039
66   68   0.12
66   70   0.036
66   72   0.025
66   75   0.113
66   76   0.078
66   79   0.129
66   83   0.031
67   68   0.122
67   75   0.07
67   76   0.043
67   80   0.056
67   83   0.041
68   72   0.097
68   75   0.02
68   76   0.054
68   79   0.127
68   83   0.016
69   73   0.064
69   77   0.109
70   72   0.161
70   77   0.08
70   79   0.063
70   82   0.011
70   83   0.058
71   72   0.15
71   73   0.038
71   74   0.018
71   76   0.075
71   77   0.014
72   75   0.121
72   76   0.137
72   77   0.095
72   79   0.104
72   83   0.154
73   76   0.049
73   77   0.084
73   78   0.044
73   82   0.094
74   75   0.016
74   76   0.006
74   80   0.029
75   76   0.034
75   80   0.018
75   83   0.146
76   80   0.036
76   83   0.138
77   78   0.028
77   79   0.008
77   82   0.023
77   83   0.089
78   79   0.046
78   81   0.049
78   82   0.033
78   83   0.037
79   82   0.124
79   83   0.072
80   83   0.004
81   83   0.12
82   83   0.038
