1   7   0.141
1   8   0.125
1   10   0.017
1   14   0.082
1   17   0.214
1   21   0.146
1   23   0.213
1   24   0.065
1   29   0.065
1   30   0.042
1   34   0.129
1   38   0.085
2   9   0.087
2   13   0.008
2   17   0.035
2   22   0.125
2   24   0.09
2   25   0.008
2   26   0.024
2   27   0.115
2   36   0.063
2   37   0.066
2   38   0.052
2   44   0.038
2   51   0.009
2   52   0.086
2   62   0.022
2   74   0.073
2   75   0.05
2   76   0.072
3   6   0.165
3   7   0.165
3   8   0.158
3   14   0.191
3   17   0.134
3   19   0.202
3   21   0.111
3   23   0.135
3   24   0.042
3   26   0.116
3   27   0.022
3   28   0.107
3   29   0.158
3   30   0.127
3   34   0.169
3   36   0.156
3   37   0.142
3   38   0.192
3   39   0.02
3   40   0.1
3   43   0.199
3   44   0.102
3   45   0.181
3   51   0.082
3   52   0.165
3   65   0.092
3   66   0.126
3   72   0.161
3   73   0.167
3   75   0.179
3   76   0.139
3   77   0.21
4   6   0.077
4   7   0.096
4   8   0.081
4   9   0.061
4   10   0.089
4   12   0.132
4   14   0.009
4   15   0.066
4   20   0.155
4   24   0.072
4   28   0.068
4   34   0.013
4   36   0.14
4   38   0.059
4   40   0.085
4   47   0.043
4   53   0.028
4   58   0.12
4   59   0.129
4   61   0.052
4   69   0.035
4   73   0.086
4   77   0.148
5   6   0.128
5   15   0.159
5   32   0.043
5   40   0.112
5   41   0.006
6   7   0.106
6   8   0.058
6   9   0.07
6   10   0.086
6   12   0.119
6   14   0.04
6   15   0.078
6   20   0.062
6   23   0.143
6   24   0.173
6   28   0.106
6   29   0.01
6   30   0.102
6   34   0.081
6   36   0.116
6   38   0.123
6   40   0.082
6   41   0.011
6   73   0.067
6   77   0.064
7   8   0.104
7   9   0.054
7   10   0.053
7   12   0.054
7   14   0.051
7   15   0.08
7   17   0.159
7   20   0.014
7   21   0.149
7   23   0.212
7   24   0.213
7   26   0.143
7   27   0.098
7   28   0.173
7   29   0.103
7   30   0.128
7   33   0.13
7   34   0.052
7   35   0.091
7   36   0.193
7   38   0.102
7   39   0.103
7   40   0.096
7   43   0.155
7   58   0.133
7   59   0.175
7   73   0.108
7   76   0.173
7   77   0.174
8   10   0.017
8   12   0.062
8   14   0.012
8   15   0.08
8   17   0.219
8   19   0.243
8   20   0.053
8   21   0.1
8   23   0.208
8   24   0.103
8   26   0.28
8   27   0.209
8   28   0.114
8   29   0.11
8   30   0.107
8   34   0.049
8   36   0.1
8   38   0.136
8   40   0.09
8   41   0.127
8   73   0.134
8   77   0.092
9   10   0.011
9   12   0.003
9   14   0.014
9   15   0.111
9   20   0.007
9   22   0.138
9   24   0.082
9   25   0.081
9   26   0.12
9   27   0.111
9   28   0.199
9   29   0.125
9   34   0.093
9   36   0.104
9   37   0.113
9   38   0.121
9   40   0.092
9   43   0.06
9   45   0.199
9   47   0.015
9   53   0.107
9   56   0.132
9   58   0.106
9   59   0.085
9   61   0.057
9   69   0.044
9   73   0.007
9   76   0.094
9   77   0.08
9   78   0.008
10   12   0.141
10   14   0.057
10   15   0.117
10   20   0.12
10   24   0.113
10   28   0.057
10   29   0.003
10   30   0.127
10   34   0.038
10   35   0.108
10   36   0.066
10   38   0.05
10   40   0.012
10   41   0.045
10   43   0.137
10   53   0.118
10   56   0.102
10   58   0.11
10   59   0.112
10   61   0.098
10   69   0.06
10   73   0.059
10   77   0.132
11   13   0.077
11   17   0.119
11   18   0.026
11   19   0.054
11   25   0.029
11   26   0.088
11   27   0.138
11   34   0.074
11   36   0.039
11   37   0.006
11   38   0.026
11   62   0.006
11   75   0.018
11   76   0.029
12   14   0.053
12   15   0.013
12   20   0.12
12   24   0.051
12   28   0.134
12   29   0.122
12   34   0.067
12   36   0.097
12   38   0.127
12   40   0.069
12   41   0.115
12   53   0.077
12   59   0.052
12   61   0.072
12   73   0.038
12   77   0.101
13   22   0.03
13   25   0.082
13   26   0.026
13   27   0.043
13   31   0.096
13   34   0.184
13   37   0.116
13   38   0.075
13   44   0.024
13   51   0.001
13   62   0.017
13   74   0.016
13   75   0.009
13   76   0.008
14   17   0.208
14   19   0.236
14   20   0.014
14   21   0.119
14   23   0.194
14   24   0.079
14   26   0.241
14   27   0.206
14   28   0.087
14   29   0.11
14   30   0.081
14   34   0.086
14   36   0.105
14   38   0.081
14   40   0.094
14   41   0.181
14   73   0.115
14   77   0.068
15   20   0.116
15   22   0.141
15   24   0.145
15   27   0.091
15   28   0.182
15   36   0.153
15   40   0.113
15   73   0.042
15   77   0.021
16   17   0.137
16   21   0.124
16   22   0.089
16   23   0.06
16   24   0.178
16   27   0.098
16   28   0.172
16   34   0.096
16   36   0.217
16   37   0.25
16   38   0.237
16   39   0.167
16   40   0.212
16   45   0.209
16   52   0.171
16   65   0.11
16   70   0.173
16   71   0.082
16   72   0.17
16   73   0.093
16   76   0.113
16   77   0.125
17   18   0.146
17   19   0.188
17   21   0.175
17   23   0.101
17   24   0.144
17   26   0.116
17   27   0.22
17   28   0.103
17   29   0.193
17   30   0.191
17   33   0.187
17   34   0.064
17   36   0.211
17   37   0.234
17   38   0.188
17   39   0.131
17   51   0.082
17   52   0.243
17   72   0.248
17   75   0.117
17   76   0.16
18   19   0.181
18   23   0.149
18   26   0.101
18   27   0.094
18   34   0.096
18   36   0.073
18   37   0.129
18   38   0.061
18   75   0.025
18   76   0.089
19   23   0.202
19   26   0.077
19   27   0.145
19   29   0.243
19   30   0.224
19   34   0.007
19   36   0.12
19   37   0.206
19   38   0.167
19   39   0.022
19   51   0.086
19   75   0.109
19   76   0.115
20   24   0.048
20   28   0.129
20   29   0.016
20   34   0.087
20   36   0.06
20   38   0.094
20   40   0.128
20   53   0.159
20   58   0.069
20   61   0.011
20   73   0.072
20   77   0.117
21   22   0.088
21   23   0.103
21   24   0.176
21   26   0.205
21   27   0.168
21   28   0.048
21   29   0.022
21   30   0.081
21   33   0.016
21   34   0.081
21   35   0.211
21   36   0.174
21   37   0.231
21   38   0.157
21   39   0.172
21   40   0.159
21   43   0.203
21   45   0.026
21   65   0.149
21   70   0.202
21   71   0.189
21   72   0.229
21   73   0.131
21   76   0.13
21   77   0.133
21   78   0.115
21   79   0.141
21   84   0.22
22   23   0.072
22   24   0.11
22   25   0.02
22   27   0.15
22   28   0.162
22   36   0.139
22   37   0.148
22   38   0.043
22   43   0.085
22   52   0.119
22   65   0.005
22   70   0.112
22   71   0.027
22   72   0.084
22   73   0.006
22   75   0.004
22   76   0.096
22   77   0.06
23   24   0.193
23   26   0.243
23   27   0.13
23   28   0.142
23   29   0.146
23   30   0.186
23   33   0.155
23   34   0.243
23   35   0.225
23   36   0.224
23   37   0.202
23   38   0.214
23   39   0.169
23   40   0.195
23   43   0.151
23   44   0.049
23   45   0.224
23   46   0.144
23   52   0.198
23   65   0.112
23   70   0.147
23   71   0.085
23   72   0.177
23   73   0.107
23   76   0.166
23   77   0.157
23   84   0.235
24   25   0.089
24   26   0.039
24   27   0.166
24   28   0.213
24   29   0.106
24   30   0.162
24   33   0.13
24   34   0.125
24   36   0.215
24   37   0.232
24   38   0.162
24   39   0.104
24   40   0.15
24   43   0.12
24   45   0.135
24   47   0.125
24   51   0.141
24   52   0.147
24   53   0.167
24   55   0.051
24   56   0.145
24   58   0.14
24   59   0.224
24   61   0.149
24   63   0.116
24   65   0.131
24   69   0.011
24   70   0.228
24   71   0.15
24   72   0.218
24   73   0.087
24   76   0.135
24   77   0.121
24   78   0.146
24   79   0.16
24   83   0.203
25   26   0.007
25   27   0.018
25   31   0.054
25   37   0.023
25   38   0.017
25   45   0.048
25   51   0.078
25   62   0.015
25   74   0.075
25   75   0.036
25   76   0.032
26   27   0.103
26   28   0.094
26   29   0.285
26   30   0.189
26   31   0.014
26   34   0.095
26   36   0.051
26   37   0.107
26   38   0.114
26   39   0.04
26   43   0.048
26   44   0.035
26   45   0.068
26   46   0.127
26   51   0.041
26   52   0.16
26   60   0.041
26   62   0.01
26   66   0.125
26   67   0.009
26   68   0.083
26   72   0.19
26   73   0.014
26   74   0.012
26   75   0.066
26   76   0.078
26   80   0.012
26   83   0.109
26   84   0.098
27   28   0.195
27   29   0.202
27   30   0.212
27   31   0.014
27   34   0.132
27   35   0.265
27   36   0.185
27   37   0.139
27   38   0.192
27   39   0.067
27   40   0.134
27   43   0.092
27   44   0.093
27   45   0.134
27   46   0.108
27   51   0.056
27   52   0.14
27   56   0.161
27   58   0.174
27   60   0.047
27   62   0.051
27   65   0.067
27   66   0.08
27   67   0.012
27   68   0.102
27   70   0.159
27   71   0.114
27   72   0.169
27   73   0.112
27   74   0.014
27   75   0.073
27   76   0.109
27   77   0.194
27   79   0.065
27   80   0.005
27   83   0.151
27   84   0.209
28   29   0.138
28   30   0.017
28   33   0.104
28   34   0.065
28   35   0.168
28   36   0.207
28   37   0.252
28   38   0.144
28   39   0.103
28   40   0.107
28   41   0.199
28   43   0.18
28   45   0.174
28   47   0.13
28   52   0.239
28   53   0.221
28   55   0.179
28   56   0.25
28   57   0.234
28   58   0.231
28   59   0.287
28   61   0.16
28   63   0.219
28   65   0.198
28   69   0.186
28   70   0.228
28   71   0.23
28   72   0.207
28   73   0.153
28   76   0.145
28   77   0.235
28   78   0.169
28   79   0.18
28   83   0.059
28   84   0.195
29   30   0.009
29   32   0.099
29   33   0.034
29   34   0.04
29   36   0.043
29   37   0.226
29   38   0.019
29   40   0.03
29   43   0.147
29   73   0.076
29   77   0.111
30   33   0.04
30   34   0.044
30   36   0.202
30   38   0.129
30   39   0.108
30   40   0.041
30   76   0.176
31   37   0.01
31   38   0.048
31   62   0.006
31   75   0.001
31   76   0.004
31   80   0.037
32   34   0.02
32   36   0.073
32   41   0.131
33   34   0.026
33   38   0.01
34   36   0.059
34   37   0.08
34   38   0.007
34   39   0.044
34   40   0.144
34   41   0.065
34   73   0.068
34   75   0.059
34   76   0.076
34   77   0.177
35   36   0.092
35   37   0.231
35   38   0.083
35   39   0.055
35   41   0.019
35   43   0.206
35   44   0.176
35   46   0.271
35   72   0.332
35   77   0.144
35   84   0.111
36   37   0.036
36   38   0.062
36   39   0.133
36   40   0.033
36   41   0.116
36   43   0.262
36   45   0.134
36   46   0.051
36   47   0.193
36   51   0.069
36   52   0.201
36   56   0.161
36   58   0.147
36   65   0.164
36   70   0.201
36   71   0.145
36   72   0.251
36   73   0.138
36   75   0.131
36   76   0.149
36   77   0.153
36   78   0.146
36   83   0.126
36   84   0.102
37   38   0.029
37   39   0.066
37   40   0.121
37   43   0.015
37   44   0.095
37   45   0.139
37   51   0.017
37   52   0.107
37   62   0.002
37   74   0.124
37   75   0.067
37   76   0.08
37   80   0.019
37   84   0.252
38   39   0.119
38   40   0.051
38   41   0.061
38   43   0.069
38   44   0.049
38   45   0.102
38   46   0.037
38   51   0.142
38   52   0.23
38   56   0.132
38   62   0.049
38   65   0.193
38   71   0.091
38   72   0.255
38   73   0.129
38   75   0.073
38   76   0.137
38   77   0.129
38   83   0.201
38   84   0.186
39   40   0.072
39   43   0.016
39   72   0.011
39   75   0.014
39   76   0.001
39   84   0.143
40   41   0.145
40   43   0.046
40   47   0.048
40   58   0.126
40   59   0.038
40   61   0.063
40   73   0.028
40   77   0.091
43   44   0.008
43   45   0.034
43   46   0.085
43   47   0.107
43   48   0.163
43   51   0.042
43   52   0.146
43   53   0.112
43   55   0.09
43   56   0.128
43   57   0.177
43   58   0.206
43   59   0.081
43   61   0.068
43   63   0.134
43   64   0.158
43   65   0.235
43   66   0.085
43   67   0.011
43   68   0.113
43   69   0.084
43   70   0.195
43   71   0.136
43   72   0.296
43   73   0.121
43   75   0.059
43   76   0.133
43   77   0.124
43   78   0.121
43   79   0.125
43   83   0.007
43   84   0.085
44   45   0.111
44   46   0.016
44   47   0.006
44   49   0.033
44   51   0.048
44   52   0.118
44   56   0.17
44   60   0.081
44   62   0.007
44   65   0.172
44   66   0.069
44   67   0.049
44   68   0.103
44   70   0.261
44   71   0.064
44   72   0.238
44   73   0.065
44   75   0.107
44   76   0.061
44   77   0.16
44   80   0.046
44   83   0.033
44   84   0.133
45   46   0.055
45   47   0.183
45   48   0.032
45   49   0.004
45   50   0.116
45   51   0.06
45   52   0.176
45   53   0.052
45   55   0.056
45   56   0.049
45   57   0.125
45   58   0.109
45   59   0.074
45   60   0.037
45   61   0.119
45   62   0.033
45   63   0.124
45   65   0.229
45   66   0.077
45   67   0.034
45   68   0.06
45   69   0.1
45   70   0.129
45   71   0.146
45   72   0.224
45   73   0.112
45   74   0.027
45   75   0.076
45   76   0.176
45   77   0.12
45   78   0.133
45   79   0.1
45   80   0.073
45   82   0.029
45   83   0.017
45   84   0.069
46   47   0.046
46   48   0.022
46   52   0.12
46   56   0.016
46   63   0.023
46   65   0.328
46   66   0.097
46   67   0.104
46   68   0.137
46   70   0.192
46   72   0.283
46   73   0.156
46   75   0.084
46   76   0.152
46   77   0.198
46   79   0.106
46   83   0.157
46   84   0.151
47   48   0.13
47   52   0.061
47   53   0.032
47   54   0.259
47   55   0.034
47   56   0.074
47   57   0.104
47   58   0.074
47   59   0.082
47   61   0.112
47   63   0.118
47   64   0.135
47   69   0.066
47   71   0.055
47   72   0.323
47   73   0.122
47   76   0.171
47   77   0.083
47   78   0.169
47   79   0.055
47   81   0.259
47   83   0.133
47   84   0.186
48   54   0.027
48   55   0.078
48   57   0.207
48   59   0.101
48   61   0.093
48   63   0.15
48   73   0.061
48   77   0.111
48   81   0.135
48   83   0.004
49   60   0.043
50   56   0.145
50   57   0.025
50   59   0.035
50   63   0.047
50   77   0.031
50   78   0.054
50   79   0.063
50   83   0.105
51   58   0.109
51   62   0.041
51   71   0.043
51   73   0.079
51   74   0.031
51   75   0.067
51   76   0.047
52   56   0.246
52   59   0.164
52   66   0.048
52   68   0.115
52   70   0.194
52   72   0.144
52   73   0.004
52   75   0.124
52   76   0.064
52   77   0.162
52   79   0.204
52   83   0.149
52   84   0.152
53   55   0.058
53   56   0.082
53   57   0.124
53   58   0.023
53   59   0.258
53   61   0.043
53   63   0.021
53   69   0.094
53   73   0.045
53   77   0.061
53   78   0.09
53   83   0.111
54   55   0.168
54   64   0.077
55   56   0.118
55   57   0.132
55   58   0.132
55   59   0.105
55   61   0.05
55   63   0.012
55   64   0.011
55   69   0.093
55   73   0.08
55   77   0.118
55   78   0.025
55   83   0.098
56   57   0.106
56   58   0.101
56   59   0.168
56   61   0.137
56   63   0.025
56   64   0.045
56   66   0.167
56   68   0.201
56   69   0.115
56   70   0.101
56   72   0.154
56   73   0.098
56   75   0.221
56   76   0.234
56   77   0.011
56   78   0.059
56   79   0.109
56   82   0.082
56   83   0.104
57   59   0.072
57   61   0.041
57   63   0.157
57   64   0.127
57   66   0.132
57   69   0.028
57   70   0.104
57   72   0.144
57   73   0.115
57   75   0.173
57   76   0.147
57   77   0.113
57   78   0.119
57   79   0.115
57   83   0.175
58   59   0.106
58   61   0.048
58   63   0.112
58   64   0.069
58   69   0.005
58   71   0.003
58   73   0.039
58   74   0.079
58   76   0.132
58   77   0.054
58   78   0.083
58   79   0.11
58   83   0.209
59   61   0.109
59   63   0.035
59   64   0.074
59   69   0.03
59   72   0.209
59   73   0.111
59   77   0.165
59   78   0.059
59   83   0.094
60   62   0.082
60   66   0.063
60   67   0.015
60   68   0.05
60   75   0.014
60   76   0.034
60   83   0.05
61   63   0.075
61   64   0.048
61   69   0.078
61   73   0.057
61   77   0.093
61   78   0.083
61   83   0.08
62   74   0.073
62   75   0.014
62   83   0.166
63   64   0.107
63   66   0.133
63   68   0.099
63   69   0.095
63   70   0.175
63   72   0.113
63   73   0.036
63   75   0.191
63   76   0.12
63   77   0.06
63   78   0.13
63   79   0.057
63   83   0.153
64   69   0.104
64   71   0.046
64   73   0.053
64   76   0.153
64   77   0.004
65   66   0.144
65   70   0.021
65   71   0.043
65   72   0.184
65   73   0.016
65   76   0.032
65   77   0.074
65   79   0.246
65   83   0.085
65   84   0.201
66   67   0.039
66   68   0.12
66   70   0.036
66   72   0.025
66   73   0.112
66   75   0.113
66   76   0.078
66   77   0.103
66   78   0.127
66   79   0.129
66   83   0.031
67   68   0.122
67   72   0.17
67   75   0.07
67   76   0.043
67   83   0.041
68   70   0.084
68   72   0.097
68   75   0.02
68   76   0.054
68   77   0.118
68   79   0.127
68   83   0.016
69   73   0.064
69   77   0.109
69   78   0.058
69   83   0.106
70   71   0.087
70   72   0.161
70   73   0.027
70   75   0.205
70   76   0.099
70   77   0.08
70   78   0.099
70   79   0.063
70   82   0.011
70   83   0.058
70   84   0.258
71   72   0.15
71   73   0.038
71   74   0.018
71   76   0.075
71   77   0.014
72   73   0.036
72   75   0.121
72   76   0.137
72   77   0.095
72   78   0.074
72   79   0.104
72   83   0.154
72   84   0.275
73   74   0.041
73   76   0.049
73   77   0.084
73   78   0.044
73   79   0.066
73   83   0.173
73   84   0.262
74   76   0.006
75   76   0.034
75   77   0.168
75   78   0.154
75   79   0.18
75   80   0.018
75   83   0.146
75   84   0.095
76   77   0.043
76   78   0.129
76   79   0.118
76   80   0.036
76   83   0.138
76   84   0.156
77   78   0.028
77   79   0.008
77   82   0.023
77   83   0.089
77   84   0.128
78   79   0.046
78   81   0.049
78   82   0.033
78   83   0.037
79   82   0.124
79   83   0.072
81   83   0.12
82   83   0.038
