1   3   0.022467574335252073
1   6   0.18537152040570973
1   7   0.01236172115816133
1   8   0.10016980885452295
1   10   0.030939162470364136
1   14   0.008269174061415406
1   17   0.11606242912325977
1   19   0.04353038942742343
1   21   0.05634308672176838
1   23   0.05671933894948423
1   24   0.016934614140363978
1   26   0.049739215465251604
1   27   0.1990064028230937
1   28   0.08257333573072116
1   29   0.0031674189711695944
1   30   0.04386041895074501
1   33   0.035950819643996275
1   34   0.048564488192076954
1   36   0.028888407003614395
1   38   0.009653930331037624
1   73   0.04826009181651506
1   77   0.036895886172434805
2   3   0.08255077814789978
2   9   0.011415378039639736
2   11   0.15543187836647973
2   13   0.13257281876249574
2   15   0.15404914769759148
2   16   0.03261052759916364
2   17   0.12522648978164272
2   18   0.08399205285480281
2   19   0.08232038260865673
2   22   0.024437980292543477
2   23   0.12065480504743739
2   24   0.0015593721342151744
2   25   0.07111004417255357
2   26   0.11596413345565587
2   27   0.01738355745847767
2   28   0.10677162390458145
2   31   0.112311907524003
2   34   0.04881418661752941
2   36   0.12869966102103703
2   37   0.08092463595261247
2   38   0.07251742482968955
2   39   0.09858491825266223
2   42   0.041396429594982444
2   43   0.041194439626806925
2   44   0.007867956801838492
2   45   0.04452767141829088
2   49   0.08849490172200064
2   51   0.07178506694417862
2   52   0.19251269728883874
2   62   0.05118106306108807
2   66   0.1979448203826453
2   68   0.02570298938393605
2   71   0.07766245660609718
2   72   0.020096873226561066
2   74   0.07345613208717798
2   75   0.067222273090956
2   76   0.14633720996755104
2   80   0.07832532889482668
3   6   0.007279202553318146
3   7   0.09006124632606628
3   8   0.029450572349060997
3   10   0.049535191788714336
3   14   0.004654793960259171
3   17   0.1556988924036032
3   18   0.20784323300634616
3   19   0.004300165997041047
3   21   0.016346519753042334
3   22   0.06367881476759578
3   23   0.006497478093120846
3   24   0.17823635383002254
3   26   0.054650944419483705
3   27   0.136509789711736
3   28   0.051452186790358366
3   29   0.03570109825535857
3   30   0.059480553287036574
3   33   0.0491178175684229
3   34   0.08188387256370712
3   36   0.08006809311173452
3   37   0.058962854845857754
3   38   0.13922076782744164
3   39   0.1992458226347852
3   40   0.06106573654477171
3   43   0.008263111641040757
3   44   0.03645738877340108
3   45   0.04845304684390825
3   46   0.024434591804094248
3   51   0.09198053781256611
3   52   0.06231613651876544
3   65   0.022452888405867736
3   66   0.10854368923229017
3   68   0.15043577654121293
3   71   0.011930274460982304
3   72   0.03123534108044383
3   75   0.11367608624801818
3   76   0.09125164960948798
4   5   0.0011428940017110553
4   6   0.04790070602920323
4   7   0.13005576377041594
4   8   0.008111900057741726
4   9   0.11690939313641559
4   10   0.00933645763113408
4   12   0.027510170480083616
4   14   0.088153482044834
4   15   0.019956308250909223
4   20   0.001101631337292754
4   24   0.058606324086103556
4   28   0.05532601489911037
4   29   0.07211033550431634
4   34   0.19950041219632933
4   36   0.11879808738864625
4   38   0.16399110980695192
4   40   0.16333382811021124
4   41   0.0038803748752022638
4   47   0.008145304606063735
4   53   0.047942293992445546
4   58   0.010139885977623345
4   59   0.10103803986489723
4   61   0.0019070096968557403
4   69   0.03757096025325553
4   73   0.13688320686668407
4   77   0.05283752802596952
5   6   0.08719540349853958
5   7   0.08903522409833088
5   8   0.08624025459322535
5   9   0.01720972756261823
5   10   0.0826132370727379
5   12   0.11871377302761509
5   15   0.0733831268085495
5   20   0.09236129310437281
5   24   0.0004459759587228421
5   27   0.06401100252189763
5   28   0.07167901359558367
5   29   0.08957289318063143
5   32   0.1360967661665446
5   34   0.14815933194045888
5   35   0.10482517677097074
5   36   0.04943088828644089
5   40   0.07823219615369811
5   41   0.13649183012050597
5   47   0.05275876816396397
5   84   0.1533193323320145
6   7   0.11919307310836054
6   8   0.034943404215884356
6   9   0.15040202141001463
6   10   0.09370155603237067
6   12   0.22260706577379388
6   13   0.19916620924600764
6   14   0.06644796378688053
6   15   0.1285947367839238
6   17   0.023406104640055835
6   20   0.05000656093986455
6   23   0.0707962666560285
6   24   0.04398341240954979
6   26   0.07165907831093365
6   28   0.034338544280282976
6   29   0.06715038818918909
6   30   0.0931737781290493
6   32   0.06231412131241344
6   34   0.03460309106305817
6   36   0.054786947867117484
6   38   0.10363721438687563
6   39   0.03571614586035563
6   40   0.18857551569997794
6   41   0.0486634487061261
6   42   0.17208150855543963
6   47   0.06636023713746038
6   58   0.005157963676845049
6   59   0.17153256232150954
6   73   0.025550109005771624
6   77   0.10535648149658754
7   8   0.059032771045205656
7   9   0.02458515814162687
7   10   0.10221185665630454
7   12   0.05373654215811587
7   14   0.007397708851760497
7   15   0.05112907780885482
7   17   0.0168515818651615
7   19   0.017400285300171243
7   20   0.13260741750345373
7   21   0.10534442970960702
7   23   0.17826789847041574
7   24   0.03397593622092568
7   26   0.00033406805868529233
7   27   0.043368824123245275
7   28   0.14182807057968666
7   29   0.10857361162385769
7   30   0.13002132340365716
7   32   0.015474603243318502
7   33   0.179795321998299
7   34   0.11730689413974726
7   36   0.018242925416253403
7   37   0.015666460068277512
7   38   0.03329956911486139
7   39   0.013269035748685149
7   40   0.06076686092864867
7   41   0.00983060053764319
7   43   0.018848987199765688
7   45   0.03369453633195979
7   47   0.004496914699367314
7   58   0.05443469227365545
7   73   0.018763477826920612
7   77   0.04092656963210282
8   9   0.10361711628548487
8   10   0.08394933297779565
8   12   0.01646586574020308
8   13   0.11054851524076183
8   14   0.005879977864625239
8   15   0.031394700296974394
8   17   0.01010553622881501
8   18   0.071347390751773
8   19   0.1007443450023889
8   20   0.09704888720245597
8   21   0.05098143118798264
8   23   0.0220034104654966
8   24   0.03779827944164519
8   26   0.0639855104085972
8   27   0.006135715094589228
8   28   0.05196958319569509
8   29   0.05427993406767189
8   30   0.043245951169094014
8   32   0.0625857015648892
8   33   0.21716493299585968
8   34   0.020845118549715273
8   36   0.011947981686886395
8   38   0.009273621628505839
8   39   0.0652535420928396
8   40   0.0943877225232268
8   41   0.0894517857906059
8   42   0.13561581476966847
8   43   0.12820021425065528
8   56   0.0637584913580681
8   58   7.466092220420218e-05
8   73   0.07882127089227693
8   77   0.12464329797884478
9   10   0.1357021345774463
9   12   0.113098470354142
9   13   0.004714185547883092
9   14   0.00447626958833514
9   15   0.09139588274548512
9   16   0.00301415587416247
9   17   0.014703262648390343
9   20   0.14902838958729547
9   21   0.048770151412479305
9   22   0.028367638387417952
9   23   0.09761306615895667
9   24   0.020835617313298076
9   25   0.025566571147294544
9   26   0.04278215068399944
9   27   0.0838370752718921
9   28   0.042500017920882614
9   29   0.03134416958095619
9   30   0.13065205924224466
9   31   0.04242095227351784
9   33   0.15116005761139137
9   34   0.15817611338709772
9   36   0.1645774254616853
9   37   0.07356633587286772
9   38   0.17620662533319056
9   39   0.037005993823573426
9   40   0.05099576083139627
9   41   0.06342187128340893
9   42   0.058044032085767375
9   43   0.033208397002190006
9   45   0.05204702796603129
9   47   0.05307039116270884
9   49   0.0850588651313511
9   53   0.05247543238659679
9   56   0.10943923093865213
9   58   0.06703559836748613
9   59   0.12849427908745317
9   61   0.13739125842346964
9   62   0.002751355221719161
9   63   0.005556458392247903
9   64   0.016560853858662235
9   65   0.09038048291107982
9   69   0.031196355080934587
9   70   0.05321293213698053
9   71   0.0840743619453898
9   72   0.0912443627893869
9   73   0.05220416189492659
9   75   0.09886108217429695
9   76   0.10577225488503586
9   77   0.04460083794983514
9   78   0.020515397451369318
9   79   0.06835360221721522
9   80   0.0014954133113141356
9   83   0.054137514020841056
10   12   0.030056704013027
10   13   0.12197321830501566
10   14   0.017240372004077097
10   15   0.07936655044810204
10   20   0.008473962591856203
10   24   0.05099627614060416
10   28   0.06668618784100333
10   29   0.11661981330500211
10   30   0.024909857712511252
10   32   0.02654635556078151
10   33   0.07832110126164049
10   34   0.044776844250765356
10   36   0.02160015020932299
10   38   0.10267851180385135
10   39   0.043204067452248474
10   40   0.05494319184981926
10   41   0.04049846580242909
10   43   0.011393305448446444
10   47   0.07344444572907342
10   53   0.038029155699272815
10   55   0.09043030332188415
10   57   0.1304931343735836
10   58   0.06318524204241713
10   59   0.06678404463383657
10   61   0.09337312837210608
10   64   0.09392455503638783
10   69   0.030307969493230908
10   73   0.08326410991472873
10   77   0.0104754050125407
11   13   0.04060520248718188
11   14   0.02478795202039473
11   17   0.04937971259106689
11   18   0.04386295645667384
11   19   0.09821719514108714
11   23   0.12250159748583983
11   25   0.08572381646605445
11   26   0.04587063138716983
11   27   0.037748000358611006
11   29   0.004689053049682707
11   31   0.07937997476476985
11   32   0.05606540430146513
11   34   0.15310151025484592
11   36   0.07148459004678441
11   37   0.004731351704887565
11   38   0.08534917406725145
11   39   0.13886798335249018
11   41   0.15955500344342982
11   42   0.004024355248260656
11   44   0.08898180609570001
11   49   0.01831421127198523
11   51   0.02979179458785324
11   60   0.06561349231798803
11   62   0.04323902464650981
11   67   0.00027215490738182553
11   74   0.009897922904616004
11   75   0.037347436684042654
11   76   0.10489927066529839
11   80   0.026218484281346936
12   13   0.0892783904463713
12   14   0.03502580290820662
12   15   0.04524404060476006
12   20   0.029023927885884884
12   24   0.1644022889191506
12   28   0.11796482753339915
12   29   0.09262312295759031
12   32   0.09871979760192624
12   34   0.007717346186215511
12   35   0.17540424835516363
12   36   0.04480959145060902
12   38   0.13549808601315386
12   40   0.027914999119428817
12   41   0.0678439732786228
12   42   0.04875428976645133
12   47   0.044342986579720925
12   53   0.0068745857485357715
12   54   0.11014898669867522
12   58   0.12476053578354096
12   59   0.1688273861192225
12   61   0.019487847030677376
12   64   0.03716034929587426
12   69   0.06208039867099585
12   73   0.0030893254850665438
12   77   0.1396310113916642
13   14   0.029292765793340253
13   18   0.09207778458801218
13   22   0.15315512427375053
13   24   0.1069575220131333
13   25   0.06315392686274732
13   26   0.03141328981164011
13   27   0.004366529802595454
13   29   0.117205583693944
13   31   0.10797459196656554
13   32   0.04294945615387321
13   34   0.08005488667258133
13   36   0.03444575090514834
13   37   0.03846933011435009
13   38   0.08142291677114127
13   39   0.04016992118569172
13   40   0.11917984395305674
13   41   0.2615262632404029
13   42   0.12472744925992588
13   43   0.03981789104328205
13   44   0.04120017985657433
13   45   0.11354402667117514
13   46   0.01849313013389541
13   48   0.020503510857070237
13   49   0.08516998039938818
13   51   0.006868311223768854
13   60   0.12289811956360246
13   62   0.0996181964756369
13   67   0.08280459138174746
13   71   0.012776293978917825
13   74   0.002188285822339793
13   75   0.03252152929169741
13   76   0.1562113577367674
13   80   0.06023244881957067
13   83   0.09598454773817629
14   15   0.01078588969542327
14   17   0.04990726714815072
14   18   0.003216599319750351
14   19   0.033441109141321625
14   20   0.025649497478678066
14   21   0.0679411557485745
14   23   0.014233094729750324
14   24   0.01808549079962555
14   26   0.030031251254537816
14   27   0.029564774204373867
14   28   0.0732528620663121
14   29   0.008736762105358106
14   30   0.10463385621518101
14   32   0.06967435865840842
14   33   0.005457142980288833
14   34   0.11902349590921352
14   36   0.08768154178908005
14   38   0.04806398310042807
14   39   0.026098530807586815
14   40   0.027763060169340218
14   41   0.1124246538039517
14   42   0.10599042378913924
14   73   0.02426747457476053
14   77   0.09841496873599374
15   20   0.03127483958831166
15   21   0.0654603109712209
15   22   0.08805169126305017
15   23   0.05245878467815337
15   24   0.07472421014141112
15   27   0.08673832757613195
15   28   0.03419261715078156
15   29   0.14589446267914088
15   30   0.08723383027905122
15   32   0.006660044521094979
15   34   0.05776030995008418
15   35   0.04557631877773345
15   36   0.16229369687524872
15   37   0.11689167936648319
15   38   0.021080084149465078
15   39   0.18211139895747214
15   40   0.03220437543465754
15   41   0.14812942721608502
15   43   0.07434348361414209
15   47   0.11674147935611026
15   53   0.037942752239496086
15   58   0.036364325904768326
15   59   0.04919558665113288
15   61   0.02357349614651947
15   69   0.021219803821104333
15   73   0.06217328137227721
15   77   0.07271221835341783
15   84   0.1116964847056738
16   17   0.10603211523816984
16   21   0.1690766350738221
16   22   0.04742025240617221
16   23   0.004697617198985835
16   24   0.11492721479718768
16   27   0.021396069689892095
16   28   0.0806530678851856
16   30   0.08276077412121219
16   34   0.13402467476234764
16   36   0.010471969000197348
16   37   0.040495560539642116
16   38   0.04263210505841288
16   39   0.020116943632961553
16   40   0.027803982262285785
16   43   0.09661089557457621
16   45   0.1327404248150713
16   46   0.06866150230739829
16   52   0.12745047338317622
16   65   0.032732790558351904
16   70   0.0827803045169232
16   71   0.039831858272930044
16   72   0.012849153575827908
16   73   0.010549878866256746
16   76   0.06988768486767405
16   77   0.018780795199051212
16   79   0.10994556183274093
17   18   0.05421253205622999
17   19   0.056113014128227084
17   21   0.14132761374442457
17   22   0.03797814796070004
17   23   0.1749237547328254
17   24   0.08004533170349358
17   26   0.0024773576281278283
17   27   0.11514547327213558
17   28   0.07837360494611006
17   29   0.17174546367475094
17   30   0.03705534234277922
17   33   0.0750735077968826
17   34   0.007655788887888288
17   36   0.08820600947818101
17   37   0.004037248007770442
17   38   0.029531638913715522
17   39   0.01320931651569167
17   43   0.010040269507333763
17   44   0.019889572966194414
17   51   0.13969442220816433
17   52   0.10804609563934582
17   66   0.03949158873024701
17   72   0.005732822276281952
17   75   0.03617826715971311
17   76   0.07872385503584438
18   19   0.05577772265134574
18   21   0.07929458034930208
18   23   0.17439686192168574
18   25   0.08113572222082598
18   26   0.11707634532168006
18   27   0.03608209079640893
18   29   0.020339861017851905
18   30   0.013189457910333291
18   31   0.14419039611719725
18   34   0.0942831537704694
18   36   0.022247236183446057
18   37   0.041472859089484865
18   38   0.024045722619618598
18   39   0.02773602660542517
18   42   0.13428069422906383
18   44   0.09294568972693475
18   62   0.05548053169644018
18   67   0.003544373116658438
18   74   0.037555269840029694
18   75   0.07205745902493738
18   76   0.03025636477902913
18   80   0.062218594667332594
19   21   0.021864898227881364
19   23   0.0005106241132352491
19   25   0.08918135330891958
19   26   0.028498789608868712
19   27   0.011197255177208808
19   29   0.08573039705718567
19   30   0.08237767202104206
19   31   0.0027423738880112
19   33   0.03643209149762635
19   34   0.03371234560635967
19   36   0.12221424135903033
19   37   0.06458828678994685
19   38   0.09737160261610514
19   39   0.017553607276716687
19   44   0.010844550243440903
19   51   0.09265776085149986
19   52   0.059703740318069055
19   68   0.0644579659730757
19   74   0.08098973458390267
19   75   0.13979639470547015
19   76   0.03700549715059676
19   80   0.13530734260067548
20   24   0.10674830368041065
20   28   0.1275488475516822
20   29   0.07275520621892523
20   32   0.10436937164882605
20   34   0.04824308546001997
20   36   0.049590312245579034
20   38   0.005687842367987715
20   40   0.026114842122259178
20   41   0.002766142662546385
20   47   0.03919352087560893
20   53   0.000933010351152861
20   58   0.004572277975987272
20   59   0.13623361108675033
20   61   0.07621937072339349
20   64   0.03150193339729148
20   69   0.11585904256603297
20   73   0.11573600764026855
20   77   0.024379528972180122
21   22   0.08606907580509728
21   23   0.20539761762261724
21   24   0.24486680121269327
21   26   0.01714994088407923
21   27   0.003935540124090244
21   28   0.049864843230875935
21   29   0.06830220617485191
21   30   0.10999036159970982
21   33   0.006039670374910442
21   34   0.09377827111325159
21   35   0.05960613827485284
21   36   0.04827182601190271
21   37   0.0496481884554365
21   38   0.0676890379887666
21   39   0.08349791970855666
21   40   0.07169812052459097
21   41   0.10292054782349727
21   43   0.10969935857741936
21   65   0.04195046161821056
21   70   0.09575726351944053
21   71   0.016157089417328113
21   72   0.13165621306202774
21   73   0.12515248927776973
21   76   0.18589277089782288
21   77   0.14681491456415413
21   78   0.027426283549168807
21   79   0.09367617134211798
21   82   0.03597792282798972
22   23   0.03905174067113949
22   24   0.2002737011611199
22   25   0.12693505432085475
22   26   0.011721729040855559
22   27   0.09079311961941046
22   28   0.19192966893381166
22   29   0.02717325502356733
22   30   0.1577687753736336
22   31   0.0429182069147718
22   34   0.04918202792364458
22   36   0.0932617776412691
22   37   0.05613284249834194
22   38   0.05830426010072843
22   39   0.04863265535722386
22   40   0.11108160320613632
22   42   0.046910241795241836
22   43   0.06040639870312059
22   44   0.08096881382415594
22   45   0.060149815071725087
22   46   0.07255195340606052
22   51   0.03204641113844223
22   52   0.1388773130685603
22   58   0.043526753995914054
22   62   0.03824645602389038
22   65   0.029003780677973882
22   70   0.033605998986451904
22   71   0.012998708894538732
22   72   0.07725047273518952
22   73   0.04461632021612106
22   75   0.06899153900224012
22   76   0.07846490406705232
22   77   0.0190612126855259
22   79   0.029283433948468517
22   80   0.07746436106332262
23   24   0.19777955765866098
23   26   0.07739899366898469
23   27   0.02277190239735201
23   28   0.005681701281107908
23   29   0.028135807612858076
23   30   0.08576333299578785
23   33   0.028148317498787375
23   34   0.0044340132215834015
23   35   0.013333306792202754
23   36   0.020805372838713414
23   37   0.00215125163401316
23   38   0.01632847299753648
23   39   0.0007329249648673638
23   40   0.1352478957069649
23   41   0.029563382833921455
23   43   0.004705134034670066
23   44   0.04299610022440428
23   45   0.04849046170561124
23   46   0.006085251154036684
23   51   0.0918065276237784
23   52   0.02110105074063554
23   65   0.0625704380085491
23   66   0.047722816688992906
23   70   0.05209037997497123
23   71   0.005332133907146417
23   72   0.013837401906656152
23   73   0.01947434622920133
23   76   0.04510450110702861
23   77   0.019091655402113838
23   79   0.0024376463831428945
23   84   0.01235758143382936
24   25   0.06483874480978825
24   26   0.05953741586281747
24   27   0.0036582364988652295
24   28   0.09349098569137249
24   29   0.06082428649588202
24   30   0.014161035254569111
24   31   0.13455215215515298
24   32   0.12268518985027031
24   33   0.022024692389161545
24   34   0.03568908016239371
24   36   0.07438590624917257
24   37   0.06197704263145146
24   38   0.011703372468364242
24   39   0.04659750789298292
24   40   0.18462259335335718
24   41   0.11081431101583926
24   42   0.05885505409568765
24   43   0.08729217525476339
24   45   0.016487665782643546
24   46   0.010261007913266125
24   47   0.013436106911988531
24   48   0.03906796138512398
24   50   0.007451639765233718
24   51   0.006631365862173395
24   52   0.18075488844285267
24   53   0.015791762068885953
24   55   0.026730541686780518
24   56   0.13438063682694598
24   57   0.07377157990852398
24   58   0.13757981130340954
24   59   0.07584195221150912
24   61   0.08457933009677979
24   62   0.10703818072510286
24   63   0.026543972667852363
24   64   0.03403280402272218
24   65   0.08271421292698815
24   69   0.05037276174494994
24   70   0.14711151454630203
24   71   0.029589779054033188
24   72   0.18396043272778292
24   73   0.017177460004751493
24   76   0.17744912536612964
24   77   0.02790766035629323
24   78   0.043501122152908994
24   79   0.0007998677226106146
24   80   0.05411938044201447
24   82   0.02887409033335544
24   83   0.04250435232288123
25   26   0.08974639833290127
25   27   0.05122814738059349
25   31   0.021659780227481024
25   34   0.16323893724326718
25   36   0.06661207935448261
25   37   0.004976624235546474
25   38   0.04067248017447385
25   42   0.16370006169158538
25   43   0.017644778785770317
25   44   0.08308998683395667
25   45   0.12289237168106557
25   49   0.11786736216845282
25   51   0.05169616476405335
25   60   0.11952576384801819
25   62   0.01609977919477496
25   67   0.01827093064781221
25   74   0.08038847688385722
25   75   0.04521865318809074
25   76   0.05436548623348196
25   80   0.047775420171280204
26   27   0.02550773943589629
26   28   0.13651695422726517
26   29   0.02927167667154093
26   30   0.08891603355281615
26   31   0.10516914386431082
26   33   0.04845718552281894
26   34   0.08304566351918982
26   36   0.10816043500666492
26   37   0.04594283705806012
26   38   0.009287978625276127
26   39   0.0072966087634318425
26   42   0.07121234735340409
26   43   0.017818339976026942
26   44   0.07574894325526306
26   45   0.117834904758436
26   46   0.0215182599445447
26   49   0.05974620914869885
26   51   0.0775377956048992
26   52   0.032335767386636245
26   60   0.05830528630391503
26   62   0.004769530892741488
26   66   0.007145491919977983
26   67   0.026404366194142558
26   68   0.019316246456067544
26   71   0.012646056456850258
26   74   0.00807998786070809
26   75   0.051617971743159026
26   76   0.08876021095384654
26   80   0.019605901287042288
26   83   0.10706503671564686
27   28   0.12434575303639164
27   29   0.047676966320519695
27   30   0.061580566683110204
27   31   0.008485927513307885
27   33   0.05703962425596502
27   34   0.010047013906655702
27   35   0.00381890901341661
27   36   0.10814140096663438
27   37   0.025314482990029582
27   38   0.027530046694267018
27   39   0.0777478313649026
27   40   0.02567183139546962
27   41   0.015734151000894397
27   42   0.11641683056646278
27   43   0.0007607131169042298
27   44   0.020001106550238033
27   45   0.02124432365564006
27   46   0.0968839023698638
27   47   0.05728419932603989
27   49   0.0993173364090218
27   51   0.08173970828524488
27   52   0.18609289305249085
27   58   0.06793399272689625
27   60   0.02106160578201849
27   62   0.07909772178173581
27   65   0.011003570723062541
27   66   0.1913519579441421
27   67   0.0013713648744088063
27   68   0.034641393577234364
27   70   0.052984619319790566
27   71   0.07204366789199966
27   72   0.026444989639182993
27   73   0.18963664936997354
27   74   0.06602474318473042
27   75   0.009431651403709319
27   76   0.10363912177301603
27   77   0.03517831033962047
27   80   0.10125478186221662
27   83   0.15074909106509307
27   84   0.0036975156634795757
28   29   0.07440548299769191
28   30   0.10517373347571941
28   32   0.049953256971580644
28   33   0.07668883490014831
28   34   0.09135477300400748
28   35   0.1645541510306034
28   36   0.061731571463216166
28   37   0.050731051258545656
28   38   0.12661607223963775
28   39   0.13422667599169769
28   40   0.0402289009920967
28   41   0.02695960614702234
28   43   0.03827373660697782
28   45   0.05259707427373353
28   46   0.07213145043167944
28   47   0.010421858779951282
28   48   0.06778439376203166
28   50   0.004288237703399778
28   53   0.02239656656082777
28   55   0.08444096211155568
28   56   0.06979273701866544
28   57   0.1001148330982383
28   58   0.041468705035246994
28   59   0.1168942060104608
28   61   0.07253960380046369
28   63   0.06515571932766202
28   64   0.052888884786164464
28   65   0.10426285717364088
28   69   0.009596351556528368
28   70   0.05227100433481861
28   71   0.11106934465347582
28   72   0.031148916479346114
28   73   0.043328959065019476
28   76   0.10570782049162403
28   77   0.018015011100162792
28   78   0.042860216562710544
28   79   0.024871218089632403
28   82   0.02961379165288263
28   83   0.048480531513354366
29   30   0.006459589462582164
29   32   0.012739347974504696
29   33   0.0136507591718775
29   34   0.15910006920548309
29   36   0.05290420667461951
29   38   0.023032708419823383
29   39   0.05779397941937827
29   40   0.0017390278478775637
29   41   0.14174731889342337
29   42   0.17641006491933053
29   43   0.12278151139609612
29   58   0.06441899156887218
29   73   0.055970696678364504
29   77   0.06198710104261055
30   33   0.09610912230102653
30   34   0.0914290300194491
30   36   0.18200080577810487
30   37   0.008955337143074069
30   38   0.029080014138740097
30   39   0.013914133460221073
30   40   0.05923510691978816
30   41   0.1993715715010673
30   43   0.014511544556112269
30   45   0.057398878312031436
30   58   0.08956488836417316
30   65   0.0576729376697372
30   70   0.007964110746980675
30   71   0.10321258001909947
30   73   0.10509511353520555
30   77   0.05891944376040572
30   78   0.10549907625849744
30   79   0.13124115572779574
31   34   0.12832011170542296
31   36   0.1358238413079593
31   37   0.06765656852403437
31   38   0.0028038556679439385
31   42   0.14703680583541995
31   43   0.23849652400419427
31   44   0.0643860063165542
31   45   0.04464613211350806
31   49   0.015077584479611671
31   51   0.019843666154690947
31   60   0.008629513983089797
31   62   0.001459316693650257
31   67   0.05609232137724143
31   68   0.02753755508884591
31   71   0.06981694936663713
31   74   0.042111915684885946
31   75   0.035991354281756115
31   76   0.15156230201505777
31   80   0.006047264661821168
32   34   0.09419657154608731
32   36   0.09707797298373198
32   38   0.005374927968312202
32   39   0.09478180597632864
32   40   0.13884336466117023
32   41   0.053619371484908744
32   42   0.1515617769375033
33   34   0.055850157974304794
33   36   0.04160032559948084
33   38   0.07578554598126622
33   43   0.027769152502182592
33   73   0.04873800711874307
33   77   0.07515779491479024
34   36   0.00294155665961608
34   37   0.10357971064351325
34   38   0.16338569264981725
34   39   0.04991377799609197
34   40   0.008182711788796553
34   41   0.04790899944290422
34   42   0.11192214863458609
34   43   0.007727684261342454
34   49   0.14767575130486543
34   51   0.10002459123596447
34   58   0.0913275092565293
34   62   0.09095929871686412
34   73   0.05795512312700952
34   75   0.07703432400349848
34   76   0.02250238054303499
34   77   0.02679510826352676
34   80   0.08458525480325327
35   36   0.08520733811895556
35   37   0.0070336809680870286
35   38   0.20668617698680106
35   39   0.026506405819568358
35   40   0.01443349351816032
35   41   0.18914974555782652
35   42   1.5952155332390452e-17
35   43   0.029818246348943225
35   44   0.0885312258736683
35   45   0.15370826198579124
35   46   0.032517823309570794
35   47   0.042496755363193375
35   48   0.05931572533489464
35   54   0.0703934780874577
35   64   0.015972775700228915
35   72   0.12994073751408616
35   84   0.05893342962864858
36   37   0.00029332320818793836
36   38   0.17293028463989304
36   39   0.006433272005481954
36   40   0.026622540001216603
36   41   0.07284299023273119
36   42   0.0642297554959947
36   43   0.09398555794641236
36   44   0.13650771249032587
36   45   0.024854183027421237
36   46   0.055909660692990706
36   47   0.014234537779332711
36   48   0.006598765759583358
36   51   0.043449948772359887
36   52   0.09736700828531553
36   56   0.11376477804168793
36   58   0.10161383954150655
36   64   0.009837826212987994
36   65   0.04873194270030571
36   66   0.023400313846682935
36   68   0.03454896998372551
36   70   0.04928886537268591
36   71   0.05698750723925374
36   72   0.06466286050619957
36   73   0.041236016171080005
36   74   0.02827747773529752
36   75   0.06360399990648917
36   76   0.09998949557649549
36   77   0.00473777623887485
36   78   0.014292941219444213
36   79   0.0377848758672955
36   80   0.09166979145449297
36   82   0.08361565974934806
36   83   0.0852724402696642
36   84   0.049035424502660345
37   38   0.0983498080938181
37   39   0.03550183369797388
37   40   0.035657232397646725
37   41   0.03486249545243408
37   42   0.10889299695607338
37   43   0.10692437197925495
37   44   0.047635165673363046
37   45   0.018162434539205255
37   46   0.055875901180279415
37   49   0.06760919182942092
37   51   0.09787862938120231
37   52   0.09230345220509804
37   60   0.0009798931637844692
37   62   0.0037479009974149503
37   65   0.026305217559911602
37   67   0.07580574961133872
37   68   0.027360419097976325
37   71   0.043582313813764824
37   72   0.060925167248555234
37   74   0.002849021578393104
37   75   0.06094068656650342
37   76   0.1881540388048588
37   80   0.12207439655010979
37   84   0.07742251620675679
38   39   0.15016776855857394
38   40   0.1101518585627266
38   41   0.026786547505541256
38   42   0.031228284384640075
38   43   0.026785612015881987
38   44   0.06487245877929247
38   45   0.11185730037707237
38   46   0.027098717496253106
38   48   0.12498081743677458
38   49   0.0031989422022948313
38   51   0.012880617054084515
38   52   0.042689108010363803
38   56   0.021107221971730632
38   58   0.14507259965969965
38   62   0.049119623014893955
38   65   0.009129814408586807
38   66   0.041118306034061684
38   67   0.06449478347927681
38   68   0.03997222768040133
38   71   0.07522382473914248
38   72   0.017104050175086965
38   73   0.044493373863477216
38   74   0.0597025823386211
38   75   0.059870645948664855
38   76   0.14203570081706582
38   77   0.06883953745707096
38   80   0.023931794679685033
38   84   0.13228007818343843
39   40   0.07679590679148193
39   41   0.12450423709833051
39   42   0.011838493613210875
39   43   0.04507295999507805
39   44   0.03555922817344295
39   45   0.03617472326324601
39   46   0.030897587422404116
39   48   0.1256238026535357
39   51   0.039655174800435095
39   52   0.07317175409926226
39   65   0.02031286424998419
39   71   0.024250835762164642
39   72   0.09118614161317888
39   73   0.10771563851530147
39   75   0.0005748780205314672
39   76   0.16413416088459007
39   77   0.0333792103704146
39   84   0.05926211556120787
40   41   0.09248063588670831
40   42   0.031044194780977957
40   43   0.09799308279875886
40   45   0.05077018027379212
40   47   0.10634356444536511
40   48   0.028562033771521354
40   53   0.13326267933951122
40   54   0.024046363476842324
40   56   0.1269362822248061
40   58   0.07428269306756029
40   59   0.027176189218295132
40   61   0.1101687229552521
40   64   0.05961419423757174
40   69   0.16094914783731992
40   73   0.10348972325500223
40   76   0.11080464279410839
40   77   0.0484523566764124
40   78   0.03659827584198087
40   84   0.04518377121994861
41   42   0.1735637536158176
41   43   0.05024311343309215
41   45   0.0930849891788419
41   46   0.11680874419719642
41   47   0.08596557390980414
41   48   0.054208499096842895
41   49   0.12137154499458828
41   57   0.020379339296266355
41   73   0.019949420851782466
41   77   0.07923450299908953
41   83   0.0026157337123027947
41   84   0.041599813532459756
42   44   0.024256693725207966
42   45   0.009828416094343121
42   46   0.18248592202687747
42   48   0.16591227115686794
42   49   0.07039670653071227
42   51   0.083037622677271
42   60   0.09052186012719397
42   62   0.09984008584803215
42   74   0.07285242653289627
42   75   0.013276805963441227
42   76   0.09047950649055461
42   80   0.03420151870721923
42   83   0.06978251875292221
43   44   0.08546311008860175
43   45   0.18868272988335652
43   46   0.013569361417861065
43   47   0.027623016556199878
43   48   0.06012092448106148
43   49   0.08097255196249908
43   50   0.06093819316880302
43   51   0.052516466202423576
43   52   0.06258867476731103
43   53   0.014012396367675633
43   54   0.16998167310085416
43   55   0.13543682151805175
43   56   0.058189541312353175
43   57   0.022061603781886378
43   58   0.0640048155300686
43   59   0.10517866316361427
43   60   0.023359696102848736
43   61   0.02920711257365038
43   62   0.1845978720187461
43   63   0.001162123528617023
43   64   0.05809658386746395
43   65   0.03809639515769963
43   66   0.007508733855447029
43   67   0.0047042811991465
43   68   0.07126570667808492
43   69   0.05966586110916736
43   70   0.021771124228281466
43   71   0.03067674108101313
43   72   0.07045152650803849
43   73   0.051331697997448335
43   74   0.11044366520286271
43   75   0.12129175138475867
43   76   0.058083899691475
43   77   0.01796638648624962
43   78   0.1502763665666481
43   79   0.07862819898187558
43   80   0.024355510334674247
43   81   0.25622909782944153
43   82   0.09793544274519388
43   83   0.20179592993491036
43   84   0.06091567573246124
44   45   0.189540983561828
44   46   0.03981271349939899
44   47   0.041645123656148385
44   48   0.1467814863834209
44   49   0.09323088073152962
44   51   0.021177758360636904
44   52   0.05071555164636092
44   56   0.13115721998077035
44   60   0.00604728609039803
44   62   0.02055993110000709
44   63   0.09292461230535498
44   65   0.0038771400619798555
44   66   0.03094836728564487
44   67   0.06465685765652328
44   68   0.009151019024351897
44   70   0.12114556855184604
44   71   0.004311703802829713
44   72   0.026192706578669116
44   73   0.019719272937835312
44   74   0.03138794910684593
44   75   0.047198147378450454
44   76   0.033218925383448984
44   77   0.05041826885119704
44   79   0.1415737192742276
44   80   0.04173888857842018
44   83   0.02729514790152206
44   84   0.02529971361850111
45   46   0.11513866132360691
45   47   0.18915557953788692
45   48   0.026825240327670793
45   49   0.00998352193409602
45   50   0.008373907684920696
45   51   0.16578093072222277
45   52   0.06085280243844356
45   53   0.08422564109347566
45   55   0.09233845024561484
45   56   0.08109113755229609
45   57   0.08059309485520368
45   58   0.030082688619817298
45   59   0.045826464478313615
45   60   0.11064025261476587
45   61   0.09419916740688217
45   62   0.09139907262507642
45   63   0.1603507835096511
45   64   0.10113970394771797
45   65   0.10032031812760744
45   66   0.03928527156153108
45   67   0.1548701527495347
45   68   0.1587377365703501
45   69   0.15397050286254552
45   70   0.06929095368653412
45   71   0.07063136084247408
45   72   0.09377311059675653
45   73   0.13889951068332893
45   74   0.1942359111284414
45   75   0.11613006944356527
45   76   0.03286092223501356
45   77   0.15138604277403947
45   78   0.009386869269983356
45   79   0.0038926157881372927
45   80   0.07826827296859457
45   81   0.0844882682556817
45   82   0.01759833062921987
45   83   0.04748638087212383
45   84   0.1314897938582661
46   47   0.023637315847390494
46   48   0.24232646945229638
46   49   0.160438440848291
46   51   0.02437869370925622
46   52   0.15932347432110713
46   55   0.04174027990040943
46   56   0.02579787333230906
46   57   0.0908241730353693
46   58   0.02387464487722913
46   59   0.052632272804503735
46   60   0.06194954144938819
46   63   0.0807684449977819
46   64   0.08399692076061782
46   65   0.007207601781400021
46   66   0.126852529547131
46   67   0.07398924942344946
46   68   0.030552333879710247
46   70   0.08283937441447659
46   71   0.02531379908545821
46   72   0.1251007338374062
46   73   0.1001312155819936
46   75   0.044979473838195866
46   76   0.046624967205163736
46   77   0.08407503174926784
46   78   0.06450736271115624
46   79   0.06220633522132153
46   80   0.028658058046913615
46   81   0.08275139442919774
46   83   0.06397356967593328
46   84   0.03360545077823816
47   48   0.06228285608661865
47   49   0.18739008577773672
47   51   0.13293380008634925
47   52   0.1277274691068709
47   53   0.05340758427195614
47   54   0.1283816723093661
47   55   0.03888258358187923
47   56   0.041593307392354784
47   57   0.23601387130701404
47   58   0.020260780226618893
47   59   0.060916419168096446
47   61   0.04863876918639727
47   63   0.07324039030866712
47   64   0.14930502577211854
47   65   0.006634299891244524
47   69   0.09406200534545785
47   70   0.0746839371074284
47   71   0.07041702635417933
47   72   0.145249066423558
47   73   0.10766437966273168
47   75   0.08955521716737032
47   76   0.11929729841363383
47   77   0.016241809882805602
47   78   0.058190085783119024
47   79   0.1966692364503668
47   81   0.11588636445431415
47   83   0.04631511460712555
47   84   0.02615226965418413
48   49   0.10345490856592308
48   53   0.03882592851755484
48   54   0.1371563935299182
48   55   0.07957019867270353
48   56   0.07722000594119573
48   57   0.1732005116740028
48   58   0.009481352317587498
48   59   0.11957392340829334
48   60   0.11220132057195824
48   61   0.029934961352228777
48   62   0.005103011455222946
48   63   0.134058596560754
48   64   0.11394169744360445
48   69   0.0399057360373601
48   70   0.15144011581949857
48   72   0.05625072800072042
48   73   0.11742904571742394
48   75   0.061316972336720905
48   76   0.06389210963176918
48   77   0.09665142184062081
48   78   0.17063499082119177
48   79   0.18197380582729097
48   81   0.029023177530897434
48   83   0.06474639271916771
48   84   0.013556623053338263
49   51   0.03200080080739857
49   57   0.029664143105280535
49   58   0.08586450752792399
49   60   0.09345030455483778
49   62   0.03249994058805345
49   63   0.08211871307474965
49   67   0.04106671339148717
49   71   0.06750027160703351
49   73   0.05478253383772186
49   74   0.022041669761132133
49   75   0.06813536406180828
49   76   0.05322005772097854
49   80   0.0708675345189601
49   83   0.05279000167977343
49   84   0.027775650881813996
50   52   0.13994355468212752
50   56   0.0882862167010836
50   57   0.10073395612207477
50   58   0.0489487797271461
50   59   0.014638927698887822
50   63   0.11089386761615748
50   66   0.20106984178411924
50   68   0.10955619052800847
50   70   0.07551452463471367
50   72   0.150856856166269
50   73   0.05818570582158595
50   75   0.10830143489172032
50   76   0.13851938813663783
50   77   0.059640605858146324
50   78   0.01590520094995287
50   79   0.2201631281755997
50   82   0.04626738669069497
50   83   0.05558288178200455
51   52   0.02322306481122663
51   54   0.11657415828494426
51   58   0.0051547720529268575
51   60   0.10219156744666442
51   62   0.06608980126021535
51   64   0.1593701967179446
51   65   0.009763996494216902
51   66   0.015118634984957555
51   68   0.04255986391959329
51   71   0.02228603670311523
51   72   0.016099291373484512
51   73   0.007276509575652006
51   74   0.12006266496257745
51   75   0.012955420766060863
51   76   0.04487305310494088
51   77   0.05373858441778637
51   80   0.01830421516633574
51   83   0.1327932969816428
52   55   0.02500701775166004
52   56   0.05022027448462182
52   57   0.022345002931699824
52   59   0.0465106001504818
52   63   0.024513979096510555
52   66   0.06015670320992914
52   67   0.17711261305388554
52   68   0.12343001810207135
52   70   0.048150703803177465
52   71   0.15762261756042936
52   72   0.08852446800095264
52   73   0.0143770771058356
52   75   0.05675588544350973
52   76   0.12080090530857145
52   77   0.1189277077284519
52   78   0.02091258579418914
52   79   0.11837011976431806
52   83   0.1684721521955104
53   54   0.07795101953133554
53   55   0.02439231445096539
53   56   0.016703259134188096
53   57   0.03636237780854547
53   58   0.020277919571202035
53   59   0.009773140358264909
53   61   0.0250564635455138
53   63   0.007291413860450542
53   64   0.1171100668282159
53   69   0.10366842758932693
53   73   0.01513042352045797
53   77   0.1053987204105289
53   78   0.059101283845318604
53   83   0.0177959565258718
54   55   0.08673829433002958
54   56   0.1592518715735623
54   57   0.10536851615083313
54   58   0.08640120336162853
54   59   0.15461875978509385
54   61   0.23902078125396678
54   64   0.023461768124261418
54   69   0.11470497772204113
54   71   0.16448787129968356
54   73   0.07277571558730568
54   76   0.19709965568540433
54   77   0.030727820856081108
54   78   0.08441831592285087
54   81   0.08245700932083141
54   83   0.05790350361416404
54   84   0.03557857089389474
55   56   0.05318906820675037
55   57   0.06753357745314587
55   58   0.027723317442068518
55   59   0.01023551654962197
55   61   0.06963790274011343
55   63   0.27005371395082306
55   64   0.19701931115169935
55   69   0.062303893568827276
55   72   0.08233364837969194
55   73   0.048994238608437234
55   77   0.11334597590936969
55   78   0.09055253170870686
55   81   0.053547786010651834
55   83   0.08091580197768532
56   57   0.12393020172112275
56   58   0.012684913667109781
56   59   0.031173601281309082
56   60   0.164067992124098
56   61   0.06787660240308849
56   63   0.03351695504405074
56   64   0.003042975844206102
56   66   0.029082705088080918
56   67   0.10289113626256918
56   68   0.06440693643535883
56   69   0.008597575386894447
56   70   0.006025905704974956
56   72   0.013915397977240522
56   73   0.015478240432976697
56   75   0.013747277187262303
56   76   0.1458230314600211
56   77   0.018791536464823753
56   78   0.11433073800591279
56   79   0.0021090128031417367
56   81   0.12276148262421988
56   82   0.24564871761355186
56   83   0.0901712023185739
57   58   0.10543259566462561
57   59   0.1477267144000022
57   60   0.06463906648643346
57   61   0.00873404857715732
57   63   0.019976913033328308
57   64   0.14060850435390718
57   66   0.11830560568016697
57   67   0.20339186665765838
57   68   0.07320229672983712
57   69   0.1231792284063878
57   70   0.05664152858471255
57   72   0.0427889365272046
57   73   0.06601079680231937
57   75   0.09041258485135115
57   76   0.060791442587742245
57   77   0.1051082195960181
57   78   0.052873035655518076
57   79   0.07458089892077437
57   81   0.019510730497871213
57   83   0.09720025682776158
58   59   0.09803866271829698
58   61   0.03203464630707419
58   62   0.05265914276334916
58   63   0.035959299788872474
58   64   0.026254062156966223
58   69   0.03647058796773836
58   71   0.05906321109466125
58   73   0.14900395424190802
58   74   0.0413975565126518
58   75   0.007160134683329712
58   76   0.03409678876908265
58   77   0.06394196402773118
58   78   0.026333702044929783
58   79   0.05926714307293483
58   80   0.011936028222501541
58   82   0.08952853295381583
58   83   0.026198173916960773
59   60   0.10907293047386364
59   61   0.003990689696214373
59   63   0.1218438011671195
59   64   0.11746499188758762
59   69   0.08840173310539279
59   73   0.09005242085397369
59   77   0.029182670851593914
59   78   0.0031398777784825563
59   81   0.14925293393824154
59   82   0.06270699782027188
59   83   0.05579503542127682
60   61   0.10273843345261023
60   62   0.0027383816636075637
60   63   0.029828919287149567
60   66   0.0976877479409182
60   67   0.005225134134360679
60   68   0.01943136802479847
60   70   0.04603204267328684
60   72   0.05862908592497549
60   74   0.021054922374192417
60   75   0.15563190618324682
60   76   0.009548086750144734
60   78   0.06686082786040223
60   79   0.009740021196945418
60   80   0.09045142254799701
60   81   0.18153881502393965
60   83   0.16541537891387206
61   63   0.015563555940866907
61   64   0.1422134596537548
61   69   0.03898705421317844
61   73   0.13189177661128482
61   77   0.019588261430987783
61   78   0.006336764242293739
61   81   0.2588598297402874
61   83   0.033602944496527114
62   67   0.0840272769228496
62   71   0.03334752823566748
62   73   0.047335974879677695
62   74   0.013292301420023325
62   75   0.10159968534737567
62   76   0.03011227148662939
62   78   0.004724692189417876
62   80   0.16525314267476848
62   81   0.06717182219331727
62   83   0.045684795697951364
63   64   0.05356258014382807
63   66   0.11439574796918596
63   67   0.2189240967080496
63   68   0.011585728888209265
63   69   0.0843613857586204
63   70   0.021911209999976988
63   72   0.0027428230726633212
63   73   0.015080683310059916
63   75   0.05393817164986069
63   76   0.04295996963982066
63   77   0.061786847255529166
63   78   0.09593128685019393
63   79   0.09716465123013286
63   80   0.08015271169578014
63   81   0.0470604732835445
63   82   0.014548408532129702
63   83   0.10447898511758083
64   69   0.09563998611377234
64   70   0.015083108025837894
64   71   0.049100678764344104
64   72   0.04179736582014354
64   73   0.0014871860887074847
64   74   0.05770808899381737
64   76   0.0885257910102717
64   77   0.026460217297542984
64   78   0.015034501810591763
64   79   0.04245876019853053
64   81   0.0127556485758745
64   83   0.04244849087755772
64   84   0.06704822556331262
65   70   0.059379171623297436
65   71   0.1251597649492392
65   72   0.06335259704785241
65   73   0.122724857494555
65   76   0.06213468251115517
65   77   0.023677509859971354
65   79   0.055565359461811875
65   82   0.01587230744237827
65   83   0.03408237389571353
65   84   0.08297926109135548
66   67   0.15865853768141505
66   68   0.02647528410862359
66   70   0.07223664785926415
66   71   0.012734623516891795
66   72   0.017432331061899578
66   73   0.10768283923883466
66   75   0.05409501682489957
66   76   0.01973170069708146
66   77   0.07497626312981301
66   78   0.08693427897446586
66   79   0.10868370118356459
66   82   0.09278905369639355
66   83   0.1904818952356633
67   68   0.013633355691934853
67   70   0.009687251662951944
67   72   0.1654700041406587
67   74   0.0720150804981667
67   75   0.0479503097304324
67   76   0.07962129214984319
67   77   0.034909170386055836
67   78   0.10895393098019074
67   79   0.15073786864621236
67   80   0.03594134044956181
67   83   0.09963162631677745
68   70   0.23719946886390994
68   72   0.13440615149085136
68   74   0.02828753672567639
68   75   0.0020210313065449283
68   76   0.04732625859609053
68   77   0.0936968637055468
68   78   0.060309099764832744
68   79   0.06656914516489996
68   80   0.02285792002811752
68   82   0.17192738422696408
68   83   0.1380969866467422
69   73   0.06080656153641176
69   77   0.028690919900559247
69   78   0.04169832320918841
69   83   0.034375315890316956
70   71   0.06713753290112519
70   72   0.1172574859613323
70   73   0.07541657421826575
70   75   0.10465680792498677
70   76   0.018381952663882185
70   77   0.010436310706081264
70   78   0.08511087018285562
70   79   0.034768800009580186
70   82   0.026264714812710904
70   83   0.08131796421086275
70   84   0.0032444044359288726
71   72   0.01853474002950106
71   73   0.1004941436401099
71   74   0.042432128020713604
71   75   0.07595861497530737
71   76   0.034982414134176514
71   77   0.14611791773365898
71   78   0.09520657365198587
71   79   0.04804597880013762
71   80   0.10255694525000701
71   83   0.008501249175217601
72   73   0.05541137950538961
72   75   0.08517515010050562
72   76   0.03188189900326199
72   77   0.04180676431069408
72   78   0.03970265860497602
72   79   0.21560288909325148
72   82   0.06828735189508614
72   83   0.12089622055248977
72   84   0.016169828484480193
73   74   0.0826097344257122
73   75   0.05765549821351343
73   76   0.004973431479125749
73   77   0.05853518612727265
73   78   0.05069297954988363
73   79   0.013564626808314457
73   80   0.054188330103638334
73   81   0.08610498217072916
73   82   0.15788311185772688
73   83   0.03609675290671794
74   75   0.03478618593326202
74   76   0.012816384718098608
74   80   0.13114075748726475
74   83   0.0872595068081915
75   76   0.10607774965941441
75   77   0.09114962384823072
75   78   0.03211222827251729
75   79   0.0318461384844667
75   80   0.11801349870208262
75   82   0.08756577953079552
75   83   0.03276185337370074
76   77   0.04781823377910845
76   78   0.024948906596644074
76   79   0.09315015676601054
76   80   0.09213320051959774
76   82   0.06018664366057595
76   83   0.10185490120458249
76   84   0.11325069622203537
77   78   0.023904042856326888
77   79   0.057089010960613876
77   81   0.1605166477919957
77   82   0.05785643641357057
77   83   0.03550698214680483
77   84   0.07182580521617182
78   79   0.06864309791190466
78   80   0.02996820825385062
78   81   0.016876762385627436
78   82   0.020343926878411123
78   83   0.014080397150290077
79   82   0.03992456725634271
79   83   0.048253044704560384
80   83   0.04141168705037495
81   83   0.06334710732464074
82   83   0.07454950072361068
