,0,1,2,3,4,5,6,7,8,9,10,11,12,13,14,15,16,17,18,19,20,21,22,23,24,25,26,27,28,29
0,0.0,0.153,0.0,0.029,0.0,0.002,0.057,0.019,0.01,0.024,0.07,0.068,0.013,0.097,0.0,0.001,0.013,0.048,0.106,0.0,0.0,0.0,0.0,0.0,0.0,0.0,0.038,0.115,0.0,0.0
1,0.0,0.0,0.0,0.004,0.0,0.013,0.124,0.002,0.056,0.051,0.03,0.063,0.0,0.066,0.0,0.0,0.0,0.019,0.0,0.0,0.0,0.0,0.0,0.0,0.0,0.0,0.0,0.248,0.0,0.0
2,0.0,0.0,0.0,0.016,0.059,0.018,0.004,0.0,0.035,0.005,0.0,0.207,0.0,0.067,0.024,0.094,0.042,0.093,0.0,0.0,0.06,0.0,0.0,0.001,0.062,0.0,0.02,0.001,0.0,0.0
3,0.0,0.0,0.0,0.0,0.098,0.032,0.004,0.078,0.125,0.012,0.018,0.05,0.077,0.011,0.007,0.006,0.002,0.043,0.079,0.0,0.028,0.0,0.0,0.033,0.059,0.019,0.129,0.0,0.0,0.065
4,0.0,0.0,0.0,0.0,0.0,0.153,0.002,0.0,0.098,0.012,0.0,0.0,0.0,0.073,0.056,0.06,0.0,0.0,0.106,0.0,0.0,0.0,0.0,0.028,0.057,0.042,0.021,0.018,0.0,0.0
5,0.0,0.0,0.0,0.0,0.0,0.0,0.006,0.029,0.216,0.004,0.028,0.001,0.187,0.16,0.011,0.037,0.024,0.053,0.142,0.0,0.113,0.114,0.0,0.024,0.189,0.027,0.204,0.04,0.0,0.14
6,0.0,0.0,0.0,0.0,0.0,0.0,0.0,0.001,0.001,0.005,0.083,0.08,0.0,0.039,0.003,0.0,0.044,0.005,0.112,0.0,0.06,0.0,0.273,0.001,0.017,0.006,0.001,0.08,0.197,0.0
7,0.0,0.0,0.0,0.0,0.0,0.0,0.0,0.0,0.015,0.009,0.087,0.04,0.0,0.055,0.014,0.016,0.143,0.0,0.113,0.069,0.026,0.074,0.0,0.0,0.0,0.074,0.038,0.0,0.099,0.108
8,0.0,0.0,0.0,0.0,0.0,0.0,0.0,0.0,0.0,0.033,0.24,0.039,0.213,0.2,0.057,0.023,0.161,0.058,0.076,0.047,0.017,0.099,0.0,0.001,0.035,0.034,0.009,0.005,0.116,0.15
9,0.0,0.0,0.0,0.0,0.0,0.0,0.0,0.0,0.0,0.0,0.0,0.027,0.025,0.031,0.039,0.001,0.014,0.031,0.073,0.0,0.039,0.0,0.146,0.002,0.023,0.017,0.026,0.051,0.161,0.132
10,0.0,0.0,0.0,0.0,0.0,0.0,0.0,0.0,0.0,0.0,0.0,0.009,0.0,0.002,0.0,0.002,0.026,0.009,0.0,0.0,0.0,0.0,0.0,0.0,0.0,0.0,0.273,0.0,0.0,0.0
11,0.0,0.0,0.0,0.0,0.0,0.0,0.0,0.0,0.0,0.0,0.0,0.0,0.0,0.213,0.06,0.052,0.103,0.173,0.0,0.0,0.0,0.0,0.0,0.0,0.0,0.0,0.041,0.122,0.0,0.0
12,0.0,0.0,0.0,0.0,0.0,0.0,0.0,0.0,0.0,0.0,0.0,0.0,0.0,0.038,0.296,0.01,0.238,0.0,0.054,0.075,0.0,0.156,0.0,0.0,0.0,0.219,0.0,0.029,0.0,0.136
13,0.0,0.0,0.0,0.0,0.0,0.0,0.0,0.0,0.0,0.0,0.0,0.0,0.0,0.0,0.095,0.064,0.189,0.372,0.077,0.0,0.028,0.105,0.127,0.07,0.097,0.062,0.027,0.055,0.121,0.1
14,0.0,0.0,0.0,0.0,0.0,0.0,0.0,0.0,0.0,0.0,0.0,0.0,0.0,0.0,0.0,0.032,0.192,0.061,0.068,0.022,0.022,0.0,0.0,0.0,0.0,0.0,0.014,0.0,0.0,0.328
15,0.0,0.0,0.0,0.0,0.0,0.0,0.0,0.0,0.0,0.0,0.0,0.0,0.0,0.0,0.0,0.0,0.031,0.019,0.039,0.08,0.071,0.093,0.0,0.0,0.11,0.029,0.021,0.024,0.017,0.038
16,0.0,0.0,0.0,0.0,0.0,0.0,0.0,0.0,0.0,0.0,0.0,0.0,0.0,0.0,0.0,0.0,0.0,0.001,0.151,0.0,0.0,0.0,0.0,0.0,0.0,0.059,0.116,0.0,0.0,0.145
17,0.0,0.0,0.0,0.0,0.0,0.0,0.0,0.0,0.0,0.0,0.0,0.0,0.0,0.0,0.0,0.0,0.0,0.0,0.163,0.0,0.0,0.0,0.372,0.0,0.0,0.0,0.0,0.168,0.0,0.0
18,0.0,0.0,0.0,0.0,0.0,0.0,0.0,0.0,0.0,0.0,0.0,0.0,0.0,0.0,0.0,0.0,0.0,0.0,0.0,0.0,0.049,0.263,0.215,0.136,0.033,0.063,0.126,0.011,0.057,0.018
19,0.0,0.0,0.0,0.0,0.0,0.0,0.0,0.0,0.0,0.0,0.0,0.0,0.0,0.0,0.0,0.0,0.0,0.0,0.0,0.0,0.006,0.163,0.186,0.02,0.013,0.0,0.025,0.006,0.103,0.116
20,0.0,0.0,0.0,0.0,0.0,0.0,0.0,0.0,0.0,0.0,0.0,0.0,0.0,0.0,0.0,0.0,0.0,0.0,0.0,0.0,0.0,0.069,0.006,0.117,0.038,0.061,0.0,0.016,0.001,0.032
21,0.0,0.0,0.0,0.0,0.0,0.0,0.0,0.0,0.0,0.0,0.0,0.0,0.0,0.0,0.0,0.0,0.0,0.0,0.0,0.0,0.0,0.0,0.021,0.051,0.0,0.024,0.081,0.014,0.008,0.219
22,0.0,0.0,0.0,0.0,0.0,0.0,0.0,0.0,0.0,0.0,0.0,0.0,0.0,0.0,0.0,0.0,0.0,0.0,0.0,0.0,0.0,0.0,0.0,0.0,0.005,0.117,0.144,0.096,0.013,0.067
23,0.0,0.0,0.0,0.0,0.0,0.0,0.0,0.0,0.0,0.0,0.0,0.0,0.0,0.0,0.0,0.0,0.0,0.0,0.0,0.0,0.0,0.0,0.0,0.0,0.044,0.002,0.033,0.008,0.145,0.175
24,0.0,0.0,0.0,0.0,0.0,0.0,0.0,0.0,0.0,0.0,0.0,0.0,0.0,0.0,0.0,0.0,0.0,0.0,0.0,0.0,0.0,0.0,0.0,0.0,0.0,0.04,0.037,0.0,0.0,0.0
25,0.0,0.0,0.0,0.0,0.0,0.0,0.0,0.0,0.0,0.0,0.0,0.0,0.0,0.0,0.0,0.0,0.0,0.0,0.0,0.0,0.0,0.0,0.0,0.0,0.0,0.0,0.035,0.005,0.04,0.121
26,0.0,0.0,0.0,0.0,0.0,0.0,0.0,0.0,0.0,0.0,0.0,0.0,0.0,0.0,0.0,0.0,0.0,0.0,0.0,0.0,0.0,0.0,0.0,0.0,0.0,0.0,0.0,0.0,0.058,0.091
27,0.0,0.0,0.0,0.0,0.0,0.0,0.0,0.0,0.0,0.0,0.0,0.0,0.0,0.0,0.0,0.0,0.0,0.0,0.0,0.0,0.0,0.0,0.0,0.0,0.0,0.0,0.0,0.0,0.044,0.015
28,0.0,0.0,0.0,0.0,0.0,0.0,0.0,0.0,0.0,0.0,0.0,0.0,0.0,0.0,0.0,0.0,0.0,0.0,0.0,0.0,0.0,0.0,0.0,0.0,0.0,0.0,0.0,0.0,0.0,0.0
29,0.0,0.0,0.0,0.0,0.0,0.0,0.0,0.0,0.0,0.0,0.0,0.0,0.0,0.0,0.0,0.0,0.0,0.0,0.0,0.0,0.0,0.0,0.0,0.0,0.0,0.0,0.0,0.0,0.0,0.0
