,0,1,2,3,4,5,6,7,8,9
0,0.0,0.038,0.296,0.238,0.0,0.054,0.156,0.136,0.187,0.213
1,0.0,0.0,0.095,0.189,0.372,0.077,0.105,0.1,0.16,0.2
2,0.0,0.0,0.0,0.192,0.061,0.068,0.0,0.328,0.011,0.057
3,0.0,0.0,0.0,0.0,0.001,0.151,0.0,0.145,0.024,0.161
4,0.0,0.0,0.0,0.0,0.0,0.163,0.0,0.0,0.053,0.058
5,0.0,0.0,0.0,0.0,0.0,0.0,0.263,0.018,0.142,0.076
6,0.0,0.0,0.0,0.0,0.0,0.0,0.0,0.219,0.114,0.099
7,0.0,0.0,0.0,0.0,0.0,0.0,0.0,0.0,0.14,0.15
8,0.0,0.0,0.0,0.0,0.0,0.0,0.0,0.0,0.0,0.216
9,0.0,0.0,0.0,0.0,0.0,0.0,0.0,0.0,0.0,0.0
